/*--------------------------------*- C++ -*----------------------------------*\
  =========                 |
  \\      /  F ield         | OpenFOAM: The Open Source CFD Toolbox
   \\    /   O peration     | Website:  https://openfoam.org
    \\  /    A nd           | Version:  12
     \\/     M anipulation  |
\*---------------------------------------------------------------------------*/
FoamFile
{
    format      ascii;
    class       labelList;
    location    "constant/polyMesh";
    object      cellProcAddressing;
}
// * * * * * * * * * * * * * * * * * * * * * * * * * * * * * * * * * * * * * //


14639
(
4763
5162
5363
5364
5365
5366
5367
5797
5798
5799
5800
5801
6011
6012
6013
6014
6015
6016
6017
6018
6019
6432
6477
6478
6479
6480
6481
6482
6483
6484
6485
6705
6706
6707
6708
6709
6710
6711
6712
6713
6714
6715
6716
6717
7157
7158
7159
7160
7161
7204
7205
7206
7207
7208
7209
7210
7211
7212
7213
7214
7215
7216
7443
7444
7445
7446
7447
7448
7449
7450
7451
7452
7453
7454
7455
7456
7457
7458
7459
7875
7930
7931
7932
7933
7934
7936
7937
7938
7939
7979
7980
7981
7982
7983
7984
7985
7986
7987
7988
7989
7990
7991
7992
7993
7994
7995
8227
8228
8229
8230
8231
8232
8233
8234
8235
8236
8237
8238
8239
8240
8241
8242
8243
8244
8245
8246
8247
8681
8695
8753
8754
8755
8756
8757
8759
8760
8761
8762
8764
8765
8766
8767
8804
8805
8806
8807
8808
8809
8810
8811
8812
8813
8814
8815
8816
8817
8818
8819
8820
8821
8822
8823
8824
9065
9066
9067
9068
9069
9070
9071
9072
9073
9074
9075
9076
9077
9078
9079
9080
9081
9082
9083
9084
9085
9086
9087
9088
9089
9537
9555
9556
9557
9570
9631
9632
9633
9634
9635
9637
9638
9639
9640
9642
9643
9644
9645
9647
9648
9684
9685
9686
9687
9688
9689
9690
9691
9692
9693
9694
9695
9696
9697
9698
9699
9700
9701
9702
9703
9704
9705
9706
9707
9708
9958
9959
9960
9961
9962
9963
9964
9965
9966
9967
9968
9969
9970
9971
9972
9973
9974
9975
9976
9977
9978
9979
9980
9981
9982
9983
9984
9985
9986
10445
10467
10468
10469
10470
10471
10486
10487
10488
10502
10566
10567
10568
10569
10570
10572
10573
10574
10575
10577
10578
10579
10580
10582
10583
10585
10586
10621
10622
10623
10624
10625
10626
10627
10628
10629
10630
10631
10632
10633
10634
10635
10636
10637
10638
10639
10640
10641
10642
10643
10644
10645
10646
10647
10648
10649
10906
10907
10908
10909
10910
10911
10912
10913
10914
10915
10916
10917
10918
10919
10920
10921
10922
10923
10924
10925
10926
10927
10928
10929
10930
10931
10932
10933
10934
10935
10936
10937
10938
11380
11431
11432
11433
11434
11435
11454
11455
11456
11457
11458
11460
11461
11474
11475
11476
11491
11558
11559
11560
11561
11562
11564
11565
11566
11567
11569
11570
11571
11572
11574
11575
11577
11578
11615
11616
11617
11618
11619
11620
11621
11622
11623
11624
11625
11626
11627
11628
11629
11630
11631
11632
11633
11634
11635
11636
11637
11638
11639
11640
11641
11642
11643
11644
11645
11646
11647
11909
11910
11911
11912
11913
11914
11915
11916
11917
11918
11919
11920
11921
11922
11923
11924
11925
11926
11927
11928
11929
11930
11931
11932
11933
11934
11935
11936
11937
11938
11939
11940
11941
11942
11943
11944
11945
12405
12426
12427
12428
12429
12430
12479
12480
12481
12482
12483
12485
12486
12487
12488
12503
12504
12505
12506
12507
12509
12510
12524
12525
12526
12542
12612
12613
12614
12615
12616
12617
12618
12619
12620
12623
12624
12625
12626
12628
12629
12631
12632
12671
12672
12673
12674
12675
12676
12677
12678
12679
12680
12681
12682
12683
12684
12685
12686
12687
12688
12689
12690
12691
12692
12693
12694
12695
12696
12697
12698
12699
12700
12701
12702
12703
12704
12705
12706
12707
12971
12972
12973
12974
12975
12976
12977
12978
12979
12980
12981
12983
12984
12985
12986
12987
12988
12989
12990
12991
12992
12993
12994
12995
12996
12997
12998
12999
13000
13001
13002
13003
13004
13005
13006
13007
13008
13009
13010
13011
13440
13463
13515
13538
13539
13540
13541
13542
13544
13545
13546
13547
13593
13594
13595
13596
13597
13599
13600
13601
13602
13604
13605
13618
13619
13620
13621
13622
13624
13625
13640
13641
13642
13659
13732
13733
13734
13735
13736
13737
13738
13739
13740
13741
13742
13744
13745
13748
13749
13751
13752
13793
13794
13795
13796
13797
13798
13799
13800
13801
13802
13804
13805
13806
13807
13808
13809
13810
13811
13812
13813
13814
13815
13816
13817
13818
13819
13820
13821
13822
13823
13824
13825
13826
13827
13828
13829
13830
13831
14098
14099
14100
14101
14102
14103
14104
14105
14106
14107
14108
14109
14111
14112
14113
14114
14115
14116
14117
14118
14119
14120
14121
14122
14123
14124
14125
14126
14127
14128
14129
14130
14131
14132
14133
14134
14135
14136
14137
14138
14139
14597
14606
14608
14609
14610
14611
14630
14633
14693
14718
14719
14720
14721
14722
14724
14725
14726
14727
14729
14730
14731
14732
14775
14776
14777
14778
14779
14780
14782
14783
14784
14786
14787
14801
14802
14803
14804
14805
14807
14808
14824
14825
14826
14844
14920
14921
14922
14923
14924
14925
14926
14927
14928
14930
14931
14932
14933
14935
14936
14939
14940
14983
14984
14985
14986
14987
14988
14989
14990
14991
14992
14993
14995
14996
14997
14998
14999
15000
15001
15002
15003
15004
15005
15006
15007
15008
15009
15010
15011
15012
15013
15014
15015
15016
15017
15018
15019
15020
15285
15286
15287
15288
15289
15290
15291
15292
15293
15294
15295
15296
15297
15298
15299
15300
15302
15303
15304
15305
15306
15307
15308
15309
15310
15311
15312
15313
15314
15315
15316
15317
15318
15319
15320
15321
15322
15323
15324
15325
15326
15327
15328
15329
15330
15808
15826
15828
15836
15838
15839
15840
15841
15842
15843
15844
15845
15859
15864
15868
15936
15963
15964
15965
15966
15967
15968
15970
15971
15972
15974
15975
15976
15977
15979
15980
16022
16023
16024
16025
16026
16028
16029
16030
16031
16033
16034
16049
16050
16051
16052
16053
16055
16056
16073
16074
16075
16094
16173
16174
16175
16176
16177
16178
16179
16182
16183
16184
16185
16187
16188
16189
16190
16192
16238
16239
16240
16241
16242
16243
16244
16245
16246
16247
16248
16249
16250
16251
16252
16254
16255
16256
16257
16258
16259
16260
16261
16262
16263
16264
16265
16266
16267
16268
16269
16270
16271
16272
16273
16274
16275
16537
16538
16539
16540
16541
16542
16543
16544
16545
16546
16547
16548
16549
16550
16551
16552
16553
16554
16555
16556
16558
16559
16560
16561
16562
16563
16564
16565
16566
16567
16568
16569
16570
16571
16572
16573
16574
16575
16576
16577
16578
16579
16580
16581
16582
16583
16584
16585
16586
16587
16588
17105
17108
17109
17110
17111
17112
17126
17127
17129
17137
17138
17139
17140
17141
17142
17143
17144
17145
17146
17147
17160
17162
17169
17174
17250
17279
17280
17281
17282
17283
17284
17286
17287
17288
17289
17291
17292
17293
17295
17296
17340
17341
17342
17343
17344
17346
17347
17348
17349
17351
17352
17368
17369
17370
17371
17372
17373
17374
17393
17394
17395
17415
17497
17498
17499
17500
17501
17502
17506
17507
17508
17509
17511
17512
17514
17561
17562
17563
17564
17565
17566
17567
17568
17569
17570
17571
17572
17573
17574
17575
17576
17577
17578
17579
17581
17582
17583
17584
17585
17586
17587
17588
17589
17590
17591
17592
17593
17594
17595
17596
17597
17598
17862
17863
17864
17865
17866
17867
17868
17869
17870
17871
17872
17873
17874
17875
17876
17878
17879
17880
17881
17882
17883
17884
17885
17887
17888
17889
17890
17891
17892
17893
17894
17895
17896
17897
17898
17899
17900
17901
17902
17903
17904
17905
17906
17907
17908
17909
17910
17911
17912
17913
17914
17915
17916
17917
17918
17919
18423
18424
18483
18486
18487
18488
18489
18490
18491
18492
18493
18494
18504
18505
18506
18508
18516
18517
18518
18519
18520
18521
18522
18523
18524
18525
18526
18539
18541
18544
18553
18559
18643
18674
18675
18676
18677
18678
18680
18681
18682
18683
18685
18686
18687
18688
18690
18691
18737
18738
18739
18740
18741
18742
18743
18744
18745
18748
18749
18766
18767
18768
18769
18770
18771
18773
18792
18793
18794
18903
18904
18905
18906
18907
18908
18909
18910
18911
18916
18917
18919
18920
18969
18970
18971
18972
18973
18974
18975
18976
18977
18978
18979
18980
18981
18982
18984
18985
18986
18987
18988
18989
18990
18991
18993
18994
18995
18996
18997
18998
18999
19000
19001
19002
19003
19004
19005
19006
19267
19268
19269
19270
19271
19272
19273
19274
19275
19276
19277
19278
19279
19280
19281
19282
19284
19285
19286
19287
19288
19289
19290
19291
19293
19294
19295
19296
19297
19298
19299
19300
19301
19302
19303
19304
19305
19306
19307
19308
19309
19310
19311
19312
19313
19314
19315
19316
19317
19318
19319
19320
19321
19322
19323
19324
19325
19326
19327
19845
19846
19874
19875
19876
19938
19941
19942
19943
19944
19945
19946
19947
19948
19949
19950
19951
19952
19953
19959
19960
19961
19962
19964
19972
19973
19974
19975
19976
19977
19978
19979
19980
19981
19982
19998
20000
20003
20007
20018
20025
20117
20152
20153
20154
20155
20156
20157
20158
20159
20160
20163
20164
20165
20166
20168
20169
20217
20218
20219
20220
20221
20222
20223
20224
20225
20227
20228
20247
20248
20249
20250
20251
20253
20254
20274
20275
20276
20386
20387
20388
20389
20390
20391
20392
20393
20394
20395
20396
20402
20403
20454
20455
20456
20457
20458
20459
20460
20461
20462
20463
20464
20465
20466
20468
20469
20470
20471
20472
20473
20474
20475
20477
20478
20479
20480
20481
20482
20483
20484
20485
20486
20487
20488
20755
20756
20757
20758
20759
20760
20761
20762
20763
20764
20765
20766
20767
20768
20769
20770
20772
20773
20775
20776
20777
20778
20779
20780
20781
20782
20784
20785
20786
20787
20788
20789
20790
20791
20792
20793
20794
20795
20796
20797
20798
20799
20800
20801
20802
20803
20804
20805
20806
20807
20808
20809
20810
20811
20812
20813
20814
20815
20816
20817
20818
20819
20820
20821
21352
21353
21381
21382
21383
21410
21411
21412
21413
21414
21415
21474
21477
21478
21479
21480
21481
21482
21483
21484
21485
21486
21487
21488
21489
21490
21491
21495
21496
21497
21498
21499
21501
21514
21515
21516
21517
21518
21519
21520
21521
21522
21523
21524
21536
21538
21541
21545
21550
21563
21571
21673
21712
21713
21714
21715
21716
21717
21718
21719
21720
21721
21722
21724
21725
21728
21729
21782
21783
21784
21785
21786
21787
21789
21790
21791
21792
21794
21813
21814
21815
21816
21817
21819
21820
21841
21945
21946
21947
21948
21950
21951
21952
21953
21954
21955
21956
21957
21958
21959
22017
22018
22019
22020
22021
22022
22023
22024
22025
22026
22027
22028
22029
22031
22032
22034
22035
22036
22037
22038
22039
22040
22041
22043
22044
22045
22046
22047
22048
22049
22050
22051
22334
22335
22336
22337
22338
22339
22340
22341
22342
22343
22344
22345
22346
22347
22348
22349
22350
22352
22353
22355
22356
22357
22358
22359
22360
22361
22362
22364
22365
22366
22367
22368
22369
22370
22371
22372
22373
22374
22375
22376
22377
22378
22379
22380
22381
22382
22383
22384
22385
22386
22387
22388
22389
22390
22391
22392
22393
22394
22395
22396
22397
22398
22399
22400
22401
22402
22403
22404
22405
22919
22947
22975
22976
22977
23004
23005
23006
23007
23031
23032
23033
23034
23035
23036
23037
23038
23039
23040
23041
23092
23093
23094
23095
23096
23097
23098
23099
23100
23101
23102
23103
23104
23105
23106
23107
23108
23109
23111
23112
23113
23114
23115
23116
23118
23134
23135
23136
23137
23138
23139
23140
23141
23142
23143
23144
23154
23156
23159
23163
23168
23174
23189
23198
23312
23358
23359
23360
23361
23362
23363
23364
23365
23366
23368
23369
23370
23371
23373
23374
23424
23425
23426
23427
23428
23430
23431
23432
23433
23435
23436
23456
23457
23458
23460
23461
23483
23584
23585
23586
23587
23588
23590
23591
23592
23593
23594
23595
23655
23656
23657
23658
23659
23660
23661
23662
23663
23664
23665
23666
23668
23669
23671
23672
23673
23674
23675
23676
23677
23678
23680
23681
23682
23683
23684
23685
23686
23990
23991
23992
23993
23994
23995
23996
23997
23998
23999
24000
24001
24002
24003
24004
24005
24007
24008
24009
24011
24012
24014
24015
24016
24017
24018
24019
24020
24021
24022
24023
24024
24025
24026
24027
24028
24029
24030
24031
24032
24033
24034
24035
24036
24037
24038
24039
24040
24041
24042
24043
24044
24045
24046
24047
24048
24049
24050
24051
24052
24053
24054
24055
24056
24057
24058
24059
24060
24061
24062
24063
24064
24065
24066
24067
24493
24616
24617
24644
24645
24672
24673
24674
24675
24699
24700
24701
24702
24703
24724
24725
24726
24727
24728
24729
24730
24731
24732
24733
24734
24735
24736
24737
24738
24739
24740
24741
24742
24743
24744
24785
24786
24787
24788
24789
24790
24791
24792
24793
24794
24795
24796
24797
24798
24799
24800
24801
24802
24804
24805
24806
24807
24808
24809
24810
24812
24831
24832
24833
24834
24835
24836
24837
24838
24839
24840
24841
24848
24850
24853
24857
24862
24868
24875
24892
24902
25030
25076
25077
25078
25079
25080
25081
25083
25084
25085
25086
25088
25089
25090
25091
25093
25139
25140
25141
25142
25143
25145
25146
25147
25148
25150
25151
25172
25173
25174
25298
25299
25301
25302
25303
25305
25306
25307
25308
25370
25371
25372
25373
25374
25375
25376
25377
25379
25380
25381
25383
25384
25386
25387
25388
25389
25390
25391
25392
25393
25394
25395
25396
25397
25727
25728
25729
25730
25731
25732
25733
25734
25735
25736
25737
25738
25739
25740
25741
25742
25743
25744
25745
25748
25750
25751
25752
25753
25754
25755
25756
25757
25758
25759
25760
25761
25762
25763
25764
25765
25766
25767
25768
25769
25770
25771
25772
25773
25774
25775
25776
25777
25778
25779
25780
25781
25782
25783
25784
25785
25786
25787
25788
25789
25790
25791
25792
25793
25794
25795
25796
25797
25798
25799
25800
25801
25802
25803
25805
25806
25807
25808
25810
26244
26247
26248
26409
26411
26412
26439
26440
26441
26465
26466
26467
26468
26469
26490
26491
26492
26493
26494
26495
26496
26497
26498
26515
26516
26517
26518
26519
26520
26521
26522
26523
26524
26525
26526
26527
26528
26529
26530
26531
26532
26533
26534
26535
26536
26537
26538
26539
26540
26541
26542
26543
26544
26545
26576
26577
26578
26579
26580
26581
26582
26583
26584
26585
26586
26587
26588
26589
26590
26591
26592
26593
26595
26596
26597
26598
26599
26600
26601
26602
26604
26624
26625
26626
26627
26628
26629
26630
26631
26632
26633
26634
26635
26636
26637
26641
26643
26646
26650
26655
26661
26668
26676
26695
26706
26852
26853
26854
26901
26902
26903
26904
26905
26907
26908
26909
26910
26912
26913
26914
26915
26917
26918
26961
26962
26963
26964
26965
26967
26968
26970
26971
26993
26994
27121
27122
27123
27124
27125
27129
27130
27193
27194
27195
27196
27197
27198
27199
27200
27204
27205
27206
27207
27208
27209
27210
27211
27212
27213
27214
27566
27567
27568
27569
27570
27571
27572
27573
27574
27575
27576
27577
27578
27579
27580
27581
27582
27583
27584
27585
27586
27590
27591
27592
27593
27594
27595
27596
27597
27598
27599
27600
27601
27602
27603
27604
27605
27606
27607
27608
27609
27610
27611
27612
27613
27614
27615
27616
27617
27618
27619
27620
27621
27622
27623
27624
27625
27626
27627
27628
27629
27630
27631
27632
27633
27634
27635
27636
27637
27638
27639
27640
27642
27643
27644
27645
27647
27648
27649
27652
27653
27654
27657
28103
28108
28109
28112
28113
28114
28298
28299
28301
28302
28330
28331
28332
28333
28354
28355
28356
28357
28358
28359
28360
28361
28362
28379
28380
28381
28382
28383
28384
28385
28386
28387
28388
28389
28390
28391
28404
28405
28406
28407
28408
28409
28410
28411
28412
28413
28414
28415
28416
28417
28418
28419
28420
28421
28422
28423
28424
28425
28426
28427
28428
28429
28430
28431
28432
28433
28434
28435
28436
28437
28438
28439
28440
28441
28442
28465
28466
28467
28468
28469
28470
28471
28472
28473
28474
28475
28476
28477
28478
28479
28480
28481
28482
28483
28484
28485
28487
28488
28489
28490
28491
28492
28493
28494
28495
28497
28498
28499
28500
28501
28502
28521
28522
28523
28524
28525
28526
28527
28528
28529
28530
28532
28534
28537
28541
28546
28552
28559
28567
28576
28597
28609
28610
28611
28771
28772
28773
28774
28775
28821
28822
28823
28824
28825
28827
28828
28829
28830
28832
28833
28834
28835
28837
28838
28879
28880
28881
28882
28885
28886
29039
29040
29041
29042
29043
29044
29045
29046
29113
29114
29115
29116
29117
29118
29119
29120
29121
29125
29126
29127
29128
29129
29130
29131
29132
29133
29508
29509
29510
29511
29512
29513
29514
29515
29516
29517
29518
29519
29520
29521
29522
29523
29524
29525
29526
29527
29528
29529
29533
29534
29535
29536
29537
29538
29539
29540
29541
29542
29543
29544
29545
29546
29547
29548
29549
29550
29551
29552
29553
29554
29555
29556
29557
29558
29559
29560
29561
29562
29563
29564
29565
29566
29567
29568
29569
29570
29571
29572
29573
29574
29575
29576
29577
29578
29580
29581
29582
29583
29585
29586
29587
29590
29591
29592
29595
29596
29597
29600
29601
29602
29605
30069
30071
30072
30078
30079
30080
30086
30087
30088
30089
30295
30296
30297
30299
30300
30327
30328
30329
30330
30331
30332
30333
30334
30351
30352
30353
30354
30355
30356
30357
30358
30359
30360
30361
30362
30363
30376
30377
30378
30379
30380
30381
30382
30383
30384
30385
30386
30387
30388
30389
30390
30391
30392
30401
30402
30403
30404
30405
30406
30407
30408
30409
30410
30411
30412
30413
30414
30415
30416
30417
30418
30419
30420
30421
30422
30423
30424
30425
30426
30427
30428
30429
30430
30431
30432
30433
30434
30435
30436
30437
30438
30439
30440
30441
30442
30443
30444
30445
30446
30447
30448
30449
30450
30465
30466
30467
30468
30469
30470
30471
30472
30473
30474
30475
30476
30477
30478
30479
30480
30481
30482
30483
30484
30485
30486
30488
30489
30490
30491
30492
30493
30494
30495
30496
30497
30498
30499
30500
30501
30502
30504
30505
30506
30507
30525
30526
30527
30528
30529
30530
30531
30532
30536
30539
30543
30548
30554
30561
30569
30578
30588
30611
30612
30613
30626
30627
30628
30629
30630
30802
30803
30804
30805
30806
30808
30809
30851
30852
30853
30854
30857
30858
30859
30860
30862
30863
30865
30866
30907
31066
31067
31068
31069
31070
31071
31072
31074
31075
31141
31142
31143
31144
31145
31146
31150
31151
31152
31153
31154
31155
31550
31551
31552
31553
31554
31555
31556
31557
31558
31559
31560
31561
31562
31563
31564
31565
31566
31567
31568
31569
31570
31571
31572
31573
31574
31575
31579
31580
31581
31582
31583
31584
31585
31586
31587
31588
31589
31590
31591
31592
31593
31594
31595
31596
31597
31598
31599
31600
31601
31602
31603
31604
31605
31606
31607
31608
31609
31610
31611
31612
31613
31614
31615
31616
31617
31619
31620
31621
31622
31624
31625
31626
31629
31630
31631
31634
31635
31636
31639
31640
31641
31644
31645
31646
31650
31651
31652
31656
32137
32139
32140
32142
32143
32144
32154
32155
32156
32157
32166
32167
32168
32169
32170
32171
32172
32173
32391
32392
32393
32394
32396
32397
32422
32423
32424
32425
32426
32427
32428
32429
32430
32431
32432
32433
32446
32447
32448
32449
32450
32451
32452
32453
32454
32455
32456
32457
32458
32459
32460
32461
32462
32471
32472
32473
32474
32475
32476
32477
32478
32479
32480
32481
32482
32483
32484
32485
32486
32487
32488
32489
32490
32491
32496
32497
32498
32499
32500
32501
32502
32503
32504
32505
32506
32507
32508
32509
32510
32511
32512
32513
32514
32515
32516
32517
32518
32519
32520
32521
32522
32523
32524
32525
32526
32527
32528
32529
32530
32531
32532
32533
32534
32535
32536
32537
32538
32539
32540
32541
32542
32543
32544
32545
32546
32547
32548
32549
32550
32551
32552
32553
32554
32555
32556
32557
32564
32565
32566
32567
32568
32569
32570
32571
32572
32573
32574
32575
32576
32577
32578
32579
32580
32581
32584
32585
32586
32587
32588
32589
32590
32591
32592
32593
32594
32595
32596
32597
32598
32599
32600
32601
32603
32604
32605
32606
32623
32624
32625
32626
32627
32634
32638
32643
32649
32656
32664
32673
32683
32694
32695
32696
32721
32722
32723
32724
32725
32739
32740
32741
32742
32743
32745
32746
32926
32927
32928
32929
32932
32933
32934
32935
32937
32938
32978
32979
32983
32984
33188
33189
33190
33191
33192
33193
33194
33195
33196
33197
33198
33265
33266
33267
33268
33269
33273
33274
33275
33276
33277
33666
33667
33668
33669
33670
33671
33672
33673
33674
33675
33676
33677
33678
33679
33680
33681
33682
33683
33684
33685
33686
33687
33688
33689
33690
33691
33692
33693
33694
33695
33696
33697
33699
33702
33703
33704
33705
33706
33707
33708
33709
33710
33711
33712
33713
33714
33715
33716
33717
33718
33719
33720
33721
33722
33723
33724
33725
33726
33727
33728
33729
33730
33731
33733
33734
33735
33736
33738
33739
33740
33743
33744
33745
33748
33749
33750
33753
33754
33755
33758
33759
33760
33764
33765
33766
33770
33771
33772
33776
33777
33778
33782
34277
34279
34280
34282
34283
34284
34286
34287
34288
34289
34309
34310
34311
34312
34313
34314
34315
34316
34325
34326
34327
34328
34329
34330
34331
34332
34333
34334
34335
34336
34558
34559
34560
34561
34568
34569
34586
34587
34588
34589
34590
34591
34592
34593
34594
34595
34596
34597
34598
34599
34600
34601
34610
34611
34612
34613
34614
34615
34616
34617
34618
34619
34620
34621
34622
34623
34624
34625
34626
34627
34628
34629
34630
34631
34632
34633
34638
34639
34640
34641
34642
34643
34644
34645
34646
34647
34648
34649
34650
34651
34652
34653
34654
34655
34656
34657
34658
34659
34660
34661
34662
34663
34664
34665
34666
34667
34668
34669
34670
34671
34672
34673
34674
34675
34676
34677
34678
34679
34680
34681
34682
34683
34684
34685
34686
34687
34688
34689
34690
34691
34692
34693
34694
34695
34696
34697
34698
34699
34700
34701
34702
34703
34704
34705
34706
34707
34708
34709
34710
34711
34712
34713
34714
34715
34716
34717
34718
34719
34720
34721
34722
34723
34724
34725
34726
34727
34728
34729
34730
34731
34732
34733
34734
34735
34736
34737
34738
34739
34740
34741
34742
34745
34746
34747
34748
34749
34750
34751
34752
34753
34754
34755
34756
34757
34758
34759
34760
34764
34765
34766
34767
34768
34769
34770
34771
34772
34773
34774
34775
34776
34777
34778
34779
34780
34781
34782
34783
34784
34791
34792
34803
34810
34814
34819
34825
34832
34840
34849
34859
34870
34871
34872
34884
34885
34886
34887
34888
34917
34918
34919
34920
34921
34923
34924
34938
34939
34940
34941
34944
34945
34946
34947
34949
34950
35134
35135
35139
35140
35141
35142
35144
35184
35394
35395
35396
35397
35398
35399
35400
35401
35402
35403
35404
35405
35406
35408
35409
35475
35476
35477
35478
35479
35480
35481
35485
35486
35871
35872
35873
35874
35875
35876
35877
35878
35880
35881
35882
35883
35885
35886
35887
35888
35889
35890
35891
35892
35893
35894
35895
35896
35897
35898
35899
35900
35901
35902
35903
35904
35906
35908
35909
35910
35911
35912
35913
35914
35915
35916
35917
35918
35919
35920
35921
35922
35923
35924
35925
35926
35927
35928
35929
35930
35931
35932
35933
35934
35935
35936
35937
35938
35939
35940
35943
35944
35945
35948
35949
35950
35953
35954
35955
35958
35959
35960
35964
35965
35966
35970
35971
35972
35976
35977
35978
35982
35983
35984
35988
35989
36498
36499
36501
36502
36503
36505
36506
36507
36508
36513
36514
36515
36516
36517
36518
36519
36520
36545
36546
36547
36548
36549
36550
36551
36552
36553
36554
36555
36556
36565
36566
36567
36568
36569
36570
36571
36572
36573
36574
36575
36576
36577
36578
36579
36580
36797
36798
36799
36800
36805
36806
36820
36821
36822
36823
36824
36825
36826
36827
36828
36829
36830
36831
36832
36833
36834
36835
36836
36837
36838
36839
36840
36841
36842
36847
36848
36849
36850
36851
36852
36853
36854
36855
36856
36857
36858
36859
36860
36861
36862
36863
36864
36865
36866
36867
36868
36869
36870
36871
36872
36873
36874
36875
36876
36877
36878
36879
36880
36881
36882
36883
36884
36885
36886
36887
36888
36889
36890
36891
36892
36893
36894
36895
36896
36897
36898
36899
36900
36901
36902
36903
36904
36905
36906
36907
36908
36909
36910
36911
36912
36913
36914
36915
36916
36917
36918
36919
36920
36921
36922
36923
36924
36925
36926
36927
36928
36929
36930
36931
36932
36933
36934
36935
36936
36937
36938
36939
36940
36941
36942
36943
36944
36945
36946
36947
36948
36949
36950
36951
36952
36953
36954
36955
36956
36957
36958
36959
36960
36961
36962
36963
36964
36965
36966
36967
36968
36969
36970
36971
36972
36973
36974
36975
36976
36977
36978
36979
36980
36981
36982
36983
36984
36985
36986
36987
36988
36989
36990
36991
36992
36993
36994
36995
36996
36997
36998
36999
37000
37009
37010
37011
37012
37013
37014
37015
37016
37017
37018
37019
37020
37021
37022
37023
37024
37025
37026
37027
37028
37029
37030
37031
37050
37054
37059
37065
37072
37080
37089
37099
37110
37111
37112
37124
37125
37126
37127
37128
37141
37142
37143
37144
37145
37147
37148
37180
37181
37182
37183
37184
37186
37187
37188
37189
37191
37192
37206
37207
37211
37212
37213
37214
37216
37217
37400
37401
37406
37407
37659
37660
37661
37662
37663
37664
37665
37666
37667
37668
37669
37670
37671
37673
37738
37739
37740
37741
37742
37743
37744
38132
38133
38134
38136
38137
38138
38141
38142
38143
38146
38147
38148
38149
38150
38151
38152
38153
38154
38155
38156
38157
38158
38159
38160
38161
38162
38164
38165
38167
38168
38169
38170
38171
38172
38173
38174
38175
38176
38177
38178
38179
38180
38181
38182
38183
38184
38185
38186
38187
38188
38189
38190
38191
38192
38193
38194
38195
38196
38197
38198
38200
38201
38202
38205
38206
38207
38210
38211
38212
38216
38217
38218
38222
38223
38224
38228
38229
38230
38234
38235
38236
38240
38241
38245
38250
38758
38762
38763
38764
38766
38767
38768
38769
38774
38775
38776
38777
38778
38779
38780
38781
38786
38787
38788
38789
38790
38791
38792
38793
38794
38795
38796
38797
38829
38830
38831
38832
38833
38834
38835
38836
38837
38838
38839
38840
38841
38842
38843
38844
38853
38854
38855
38856
38857
38858
38859
38860
38861
38862
38863
38864
38865
38866
38867
38868
38869
38870
38871
38872
39074
39075
39076
39077
39078
39083
39084
39085
39086
39087
39098
39099
39100
39101
39102
39103
39104
39105
39106
39107
39108
39109
39110
39111
39112
39113
39114
39115
39116
39117
39118
39119
39120
39121
39122
39123
39124
39125
39126
39127
39128
39129
39130
39131
39132
39133
39134
39135
39136
39137
39138
39139
39140
39141
39142
39143
39144
39145
39146
39147
39148
39149
39150
39151
39152
39153
39154
39155
39156
39157
39158
39159
39160
39161
39162
39163
39164
39165
39166
39167
39168
39169
39170
39171
39172
39173
39174
39175
39176
39177
39178
39179
39180
39181
39182
39183
39184
39185
39186
39187
39188
39189
39190
39191
39192
39193
39194
39195
39196
39197
39198
39199
39200
39201
39202
39203
39204
39205
39206
39207
39208
39209
39210
39211
39212
39213
39214
39215
39216
39217
39218
39219
39220
39221
39222
39223
39224
39225
39226
39227
39228
39229
39230
39231
39232
39233
39234
39235
39236
39237
39238
39239
39240
39241
39242
39243
39244
39245
39246
39247
39248
39249
39250
39251
39252
39253
39254
39255
39256
39257
39258
39259
39260
39261
39262
39263
39264
39265
39266
39267
39268
39269
39270
39271
39283
39284
39285
39286
39287
39288
39289
39290
39291
39292
39293
39294
39295
39296
39297
39298
39299
39300
39301
39302
39303
39304
39305
39324
39328
39333
39339
39346
39354
39363
39373
39384
39385
39386
39398
39399
39400
39401
39402
39415
39416
39417
39418
39419
39421
39422
39435
39436
39437
39438
39439
39441
39442
39443
39444
39446
39447
39487
39488
39489
39491
39492
39493
39494
39496
39497
39511
39512
39517
39518
39519
39520
39697
39955
39956
39958
39959
39960
39961
39962
39963
39964
39965
39966
40031
40032
40033
40034
40036
40037
40454
40455
40458
40459
40460
40463
40464
40465
40468
40469
40470
40471
40472
40473
40474
40475
40476
40477
40478
40479
40480
40481
40482
40483
40484
40485
40486
40489
40490
40491
40492
40493
40494
40495
40496
40497
40498
40499
40500
40501
40502
40503
40504
40505
40506
40507
40508
40509
40510
40511
40512
40513
40514
40516
40517
40518
40519
40521
40522
40523
40526
40527
40528
40532
40533
40534
40538
40539
40540
40544
40545
40546
40550
40551
40552
40556
40557
40561
40566
41069
41074
41075
41079
41080
41081
41082
41090
41091
41092
41093
41098
41099
41100
41101
41102
41103
41104
41105
41110
41111
41112
41113
41114
41115
41116
41117
41118
41119
41120
41121
41126
41127
41128
41129
41130
41131
41132
41133
41134
41135
41136
41137
41138
41139
41140
41141
41177
41178
41179
41180
41181
41182
41183
41184
41185
41186
41187
41188
41189
41190
41191
41192
41193
41194
41195
41196
41201
41202
41203
41204
41205
41206
41207
41208
41209
41210
41211
41212
41213
41214
41215
41216
41217
41218
41219
41220
41221
41222
41223
41224
41225
41226
41227
41228
41229
41230
41231
41232
41407
41416
41417
41418
41419
41420
41425
41426
41427
41428
41429
41430
41437
41438
41439
41440
41441
41442
41443
41444
41445
41446
41447
41448
41449
41450
41451
41452
41453
41454
41455
41456
41457
41458
41459
41460
41461
41462
41463
41464
41465
41466
41467
41468
41469
41470
41471
41472
41473
41474
41475
41476
41477
41478
41479
41480
41481
41482
41483
41484
41485
41486
41487
41488
41489
41490
41491
41492
41493
41494
41495
41496
41497
41498
41499
41500
41501
41502
41503
41504
41505
41506
41507
41508
41509
41510
41511
41512
41513
41514
41515
41516
41517
41518
41519
41520
41521
41522
41523
41524
41525
41526
41527
41528
41529
41530
41531
41532
41533
41534
41535
41536
41537
41538
41539
41540
41541
41542
41543
41544
41545
41546
41547
41548
41549
41550
41551
41552
41553
41554
41555
41556
41557
41558
41559
41560
41561
41562
41563
41564
41565
41566
41567
41568
41569
41570
41571
41572
41573
41574
41575
41576
41577
41578
41579
41580
41581
41582
41583
41584
41585
41586
41587
41588
41589
41590
41591
41592
41593
41594
41595
41596
41597
41598
41599
41600
41601
41602
41603
41613
41619
41620
41621
41622
41623
41624
41625
41626
41627
41628
41629
41630
41631
41632
41633
41634
41635
41636
41637
41638
41639
41640
41662
41668
41673
41679
41686
41694
41703
41713
41724
41725
41726
41738
41739
41740
41741
41742
41755
41756
41757
41758
41759
41761
41762
41775
41776
41777
41778
41779
41781
41782
41783
41784
41786
41787
41800
41801
41804
41805
41806
41807
41809
41810
41811
41812
41814
41815
41855
41856
41857
41859
41860
41861
41862
41864
41878
41879
42314
42315
42316
42317
42318
42321
42322
42323
42324
42388
42389
42390
42391
42839
42840
42843
42844
42845
42849
42850
42851
42855
42856
42857
42858
42859
42860
42861
42862
42863
42864
42865
42866
42867
42868
42869
42870
42871
42872
42875
42876
42877
42878
42879
42880
42881
42882
42883
42884
42885
42886
42887
42888
42889
42890
42891
42893
42894
42895
42896
42897
42899
42900
42901
42904
42905
42906
42909
42910
42911
42914
42915
42916
42920
42921
42922
42926
42927
42928
42932
42933
42937
42942
43446
43450
43452
43453
43454
43455
43456
43457
43458
43460
43461
43462
43463
43464
43465
43466
43467
43468
43469
43470
43482
43483
43484
43485
43486
43487
43488
43489
43494
43495
43496
43497
43498
43499
43500
43501
43502
43503
43504
43505
43510
43511
43512
43513
43514
43515
43516
43517
43518
43519
43520
43521
43522
43523
43524
43525
43530
43531
43532
43533
43534
43535
43536
43537
43538
43539
43540
43541
43542
43543
43544
43545
43546
43547
43548
43549
43550
43551
43552
43591
43592
43593
43594
43595
43596
43597
43598
43599
43600
43601
43602
43603
43604
43605
43606
43607
43608
43609
43610
43611
43612
43613
43614
43615
43616
43617
43618
43619
43620
43621
43622
43623
43624
43625
43626
43627
43628
43629
43630
43631
43632
43633
43634
43635
43636
43637
43638
43639
43640
43641
43642
43643
43644
43645
43646
43647
43648
43649
43650
43651
43652
43653
43654
43655
43656
43657
43806
43807
43808
43809
43810
43811
43812
43819
43820
43821
43822
43823
43824
43825
43826
43827
43832
43833
43834
43835
43838
43839
43840
43841
43842
43843
43844
43845
43846
43847
43848
43849
43850
43851
43852
43853
43854
43855
43856
43857
43858
43859
43860
43861
43862
43863
43864
43865
43866
43867
43868
43869
43870
43871
43872
43873
43874
43875
43876
43877
43878
43879
43880
43881
43882
43883
43884
43885
43886
43887
43888
43889
43890
43891
43892
43893
43894
43895
43896
43897
43898
43899
43900
43901
43902
43903
43904
43905
43906
43907
43908
43909
43910
43911
43912
43913
43914
43915
43916
43917
43918
43919
43920
43921
43922
43923
43924
43925
43926
43927
43928
43929
43930
43931
43932
43933
43934
43935
43936
43937
43938
43939
43940
43941
43942
43943
43944
43945
43946
43947
43948
43949
43950
43951
43952
43953
43954
43955
43956
43957
43958
43959
43960
43961
43962
43963
43964
43965
43966
43967
43968
43969
43970
43971
43972
43973
43974
43975
43976
43977
43978
43979
43980
43981
43982
43983
43984
43985
43986
43995
43996
43997
43998
43999
44000
44001
44004
44005
44006
44007
44008
44009
44010
44011
44012
44013
44014
44015
44016
44017
44018
44019
44020
44021
44022
44023
44024
44046
44055
44056
44057
44062
44068
44075
44083
44092
44102
44113
44114
44115
44127
44128
44129
44130
44131
44144
44145
44146
44147
44148
44150
44151
44164
44165
44166
44167
44168
44170
44171
44172
44173
44175
44176
44189
44190
44191
44192
44195
44196
44197
44198
44200
44201
44202
44203
44205
44206
44222
44223
44224
44225
44227
44228
44229
44230
44232
44233
44274
44275
44276
44278
44279
44722
44723
44724
44725
44726
44727
44728
44729
44733
44734
44735
44798
44799
44800
44801
44802
45278
45279
45283
45284
45285
45289
45290
45291
45295
45296
45297
45298
45299
45300
45301
45302
45303
45304
45305
45306
45307
45308
45309
45310
45311
45314
45315
45316
45317
45318
45319
45320
45321
45322
45323
45324
45325
45327
45329
45330
45331
45334
45335
45336
45337
45340
45341
45342
45345
45346
45347
45350
45351
45352
45356
45357
45358
45362
45363
45367
45372
45874
45878
45880
45881
45882
45883
45884
45885
45886
45887
45888
45889
45890
45891
45892
45893
45895
45896
45897
45898
45899
45900
45901
45902
45903
45904
45905
45906
45907
45908
45909
45910
45911
45912
45913
45932
45933
45934
45935
45936
45937
45938
45939
45940
45941
45942
45943
45948
45949
45950
45951
45952
45953
45954
45955
45956
45957
45958
45959
45960
45961
45962
45963
45968
45969
45970
45971
45972
45973
45974
45975
45976
45977
45978
45979
45980
45981
45982
45983
45984
45985
45986
45987
45988
45989
45990
45995
45996
45997
45998
45999
46000
46001
46002
46003
46004
46005
46006
46007
46008
46009
46010
46011
46012
46013
46014
46015
46016
46017
46018
46019
46020
46021
46054
46055
46056
46057
46058
46059
46060
46061
46062
46063
46064
46065
46066
46067
46068
46069
46070
46071
46072
46073
46074
46075
46076
46077
46078
46079
46080
46081
46082
46083
46084
46085
46086
46087
46088
46089
46090
46091
46092
46093
46094
46095
46096
46097
46098
46099
46100
46101
46102
46103
46104
46105
46106
46107
46108
46109
46110
46111
46112
46113
46114
46115
46116
46117
46118
46119
46120
46121
46122
46123
46124
46125
46249
46250
46251
46252
46253
46254
46255
46256
46257
46258
46259
46266
46267
46268
46269
46270
46271
46272
46273
46274
46275
46276
46277
46280
46281
46282
46283
46284
46285
46286
46287
46288
46289
46290
46291
46292
46293
46294
46295
46296
46297
46298
46299
46300
46301
46302
46303
46304
46305
46306
46307
46308
46309
46310
46311
46312
46313
46314
46315
46316
46317
46318
46319
46320
46321
46322
46323
46324
46325
46326
46327
46328
46329
46330
46331
46332
46333
46334
46335
46336
46337
46338
46339
46340
46341
46342
46343
46344
46345
46346
46347
46348
46349
46350
46351
46352
46353
46354
46355
46356
46357
46358
46359
46360
46361
46362
46363
46364
46365
46366
46367
46368
46369
46370
46371
46372
46373
46374
46375
46376
46377
46378
46379
46380
46381
46382
46383
46384
46385
46386
46387
46388
46389
46390
46391
46392
46393
46394
46395
46396
46397
46398
46399
46400
46401
46402
46403
46404
46405
46406
46407
46408
46409
46410
46415
46416
46417
46418
46419
46420
46421
46422
46423
46424
46425
46428
46429
46430
46431
46432
46433
46434
46435
46436
46437
46438
46439
46440
46441
46442
46443
46444
46445
46446
46447
46459
46477
46478
46479
46480
46481
46489
46490
46491
46497
46504
46512
46521
46531
46542
46543
46544
46556
46557
46558
46559
46560
46573
46574
46575
46576
46577
46579
46580
46593
46594
46595
46596
46597
46599
46600
46601
46602
46604
46605
46618
46619
46620
46621
46624
46625
46626
46627
46629
46630
46631
46632
46634
46635
46648
46652
46653
46654
46655
46657
46658
46659
46660
46662
46663
46680
46681
46682
46683
46685
46686
46687
46688
47166
47167
47168
47169
47170
47171
47172
47173
47174
47175
47179
47180
47243
47244
47245
47246
47747
47748
47752
47753
47754
47758
47759
47763
47764
47765
47766
47767
47768
47769
47770
47771
47772
47773
47774
47775
47776
47777
47778
47780
47781
47783
47784
47785
47786
47787
47788
47789
47790
47791
47792
47793
47794
47800
47801
47802
47805
47806
47807
47808
47811
47812
47813
47817
47818
47819
47823
47824
47825
47829
47830
47835
48335
48339
48341
48342
48343
48344
48345
48346
48347
48348
48349
48350
48351
48352
48353
48354
48355
48356
48357
48358
48359
48360
48361
48362
48363
48364
48365
48367
48368
48369
48370
48371
48372
48373
48374
48375
48376
48377
48378
48379
48380
48381
48382
48383
48384
48385
48386
48387
48388
48389
48390
48391
48392
48393
48394
48395
48396
48417
48418
48419
48420
48421
48422
48423
48424
48425
48426
48427
48428
48429
48430
48431
48432
48437
48438
48439
48440
48441
48442
48443
48444
48445
48446
48447
48448
48449
48450
48451
48452
48453
48454
48455
48456
48461
48462
48463
48464
48465
48466
48467
48468
48469
48470
48471
48472
48473
48474
48475
48476
48477
48478
48479
48480
48481
48482
48483
48484
48485
48486
48487
48488
48489
48490
48491
48492
48493
48494
48495
48496
48497
48498
48499
48500
48501
48502
48503
48504
48505
48506
48507
48508
48509
48510
48511
48512
48513
48514
48515
48516
48517
48548
48549
48550
48551
48552
48553
48554
48555
48556
48557
48558
48559
48560
48561
48562
48563
48564
48565
48566
48567
48568
48569
48570
48571
48572
48573
48574
48575
48576
48577
48578
48579
48580
48581
48582
48583
48584
48585
48586
48587
48588
48589
48590
48591
48592
48593
48594
48595
48596
48597
48598
48599
48600
48601
48602
48603
48604
48605
48606
48607
48608
48609
48610
48611
48612
48613
48614
48615
48616
48617
48618
48619
48620
48718
48719
48720
48721
48722
48723
48724
48725
48726
48727
48728
48729
48730
48731
48732
48739
48740
48741
48742
48743
48744
48745
48746
48747
48748
48749
48750
48751
48752
48753
48754
48755
48756
48757
48758
48759
48760
48761
48762
48763
48764
48765
48766
48767
48768
48769
48770
48771
48772
48773
48774
48775
48776
48777
48778
48779
48780
48781
48782
48783
48784
48785
48786
48787
48788
48789
48790
48791
48792
48793
48794
48795
48796
48797
48798
48799
48800
48801
48802
48803
48804
48805
48806
48807
48808
48809
48810
48811
48812
48813
48814
48815
48816
48817
48818
48819
48820
48821
48822
48823
48824
48825
48826
48827
48828
48829
48830
48831
48832
48833
48834
48835
48836
48837
48838
48839
48840
48841
48842
48843
48844
48845
48846
48847
48848
48849
48850
48851
48852
48853
48854
48855
48856
48857
48858
48859
48860
48861
48862
48864
48865
48866
48867
48868
48869
48870
48871
48872
48873
48874
48875
48876
48877
48878
48880
48881
48882
48883
48884
48885
48886
48887
48888
48889
48890
48891
48892
48893
48894
48895
48896
48897
48898
48911
48912
48913
48914
48915
48916
48917
48918
48919
48936
48937
48938
48939
48940
48942
48943
48951
48952
48953
48960
48968
48977
48987
48998
48999
49000
49012
49013
49014
49015
49016
49029
49030
49031
49032
49033
49035
49036
49049
49050
49051
49052
49053
49055
49056
49057
49058
49060
49061
49074
49075
49076
49077
49080
49081
49082
49083
49085
49086
49087
49088
49090
49091
49104
49105
49109
49110
49111
49112
49114
49115
49116
49117
49119
49120
49133
49138
49139
49140
49141
49143
49144
49145
49146
49148
49166
49168
49638
49639
49640
49641
49642
49643
49644
49645
49646
49647
49649
49650
49653
49716
49717
49718
50240
50241
50245
50250
50255
50256
50257
50258
50259
50260
50261
50262
50263
50264
50265
50266
50268
50269
50270
50271
50273
50274
50275
50276
50277
50278
50279
50280
50281
50282
50283
50284
50292
50293
50294
50298
50299
50300
50301
50305
50306
50307
50311
50312
50313
50317
50318
50319
50815
50819
50821
50822
50823
50824
50825
50826
50827
50828
50829
50830
50831
50832
50833
50834
50835
50836
50837
50838
50839
50840
50841
50842
50843
50844
50845
50846
50847
50848
50849
50850
50851
50852
50853
50854
50855
50856
50857
50858
50859
50860
50862
50863
50864
50865
50866
50867
50868
50869
50870
50871
50872
50873
50874
50875
50876
50877
50878
50879
50880
50881
50882
50883
50884
50885
50886
50887
50888
50889
50890
50891
50892
50893
50894
50895
50896
50897
50898
50899
50900
50923
50924
50925
50926
50927
50928
50929
50930
50931
50932
50933
50934
50935
50936
50937
50938
50939
50940
50941
50942
50947
50948
50949
50950
50951
50952
50953
50954
50955
50956
50957
50958
50959
50960
50961
50962
50963
50964
50965
50966
50967
50968
50969
50970
50971
50972
50973
50974
50975
50976
50977
50978
50979
50980
50981
50982
50983
50984
50985
50986
50987
50988
50989
50990
50991
50992
50993
50994
50995
50996
50997
50998
50999
51000
51001
51002
51003
51004
51005
51006
51007
51008
51009
51010
51011
51012
51013
51014
51015
51016
51017
51018
51019
51020
51021
51022
51023
51024
51025
51026
51027
51028
51029
51030
51031
51032
51033
51034
51035
51036
51037
51038
51039
51040
51041
51064
51065
51066
51067
51068
51069
51070
51071
51072
51073
51074
51075
51076
51077
51078
51079
51080
51081
51082
51083
51084
51085
51086
51087
51088
51089
51090
51091
51092
51093
51094
51095
51096
51097
51098
51099
51100
51101
51102
51103
51104
51105
51106
51107
51108
51109
51110
51111
51112
51113
51114
51115
51116
51117
51118
51119
51120
51121
51122
51123
51124
51125
51126
51127
51128
51129
51130
51207
51208
51209
51210
51211
51212
51213
51214
51215
51216
51217
51218
51219
51220
51221
51222
51223
51224
51225
51231
51232
51233
51234
51235
51236
51237
51238
51239
51240
51241
51242
51243
51244
51245
51246
51247
51248
51249
51250
51251
51252
51253
51254
51255
51256
51257
51258
51259
51260
51261
51262
51263
51264
51265
51266
51267
51268
51269
51270
51271
51272
51273
51274
51275
51276
51277
51278
51279
51280
51281
51282
51283
51284
51285
51286
51287
51288
51289
51290
51291
51292
51293
51294
51295
51296
51297
51298
51299
51300
51301
51302
51303
51304
51305
51306
51307
51308
51309
51310
51311
51312
51313
51314
51315
51316
51317
51318
51319
51320
51321
51322
51323
51324
51325
51326
51327
51328
51329
51330
51331
51332
51333
51334
51335
51336
51337
51338
51339
51340
51341
51342
51343
51344
51345
51346
51347
51348
51349
51350
51351
51352
51353
51354
51355
51356
51357
51358
51359
51360
51361
51362
51363
51364
51365
51366
51367
51381
51382
51383
51384
51385
51386
51387
51388
51389
51390
51392
51393
51394
51395
51396
51413
51414
51415
51416
51417
51419
51420
51422
51423
51431
51432
51433
51441
51450
51460
51471
51472
51473
51485
51486
51487
51488
51489
51502
51503
51504
51505
51506
51508
51509
51522
51523
51524
51525
51526
51528
51529
51530
51531
51533
51534
51547
51548
51549
51550
51553
51554
51555
51556
51558
51559
51560
51561
51563
51564
51577
51578
51582
51583
51584
51585
51587
51588
51589
51590
51592
51593
51606
51607
51612
51613
51614
51615
51617
51618
51619
51620
51622
51623
51636
51642
51643
51644
51646
51647
51648
52129
52130
52131
52132
52133
52134
52135
52136
52137
52138
52140
52141
52143
52207
52208
52209
52769
52784
52785
52786
52787
52788
52789
52790
52791
52792
52794
52795
52796
52797
52799
52800
52801
52802
52803
52804
52805
52806
52807
52808
52809
52810
52811
52812
52813
52824
52825
52826
52830
52831
52832
52833
52837
52838
52839
52843
52844
52848
53332
53334
53336
53337
53338
53339
53340
53341
53342
53343
53344
53345
53346
53347
53348
53349
53350
53351
53352
53353
53354
53355
53356
53357
53358
53359
53360
53361
53362
53363
53364
53365
53366
53367
53368
53369
53370
53371
53372
53373
53374
53375
53376
53377
53378
53379
53380
53381
53382
53383
53384
53385
53386
53387
53388
53389
53390
53391
53392
53393
53394
53395
53396
53397
53398
53399
53400
53402
53403
53404
53405
53406
53407
53408
53409
53410
53411
53412
53413
53414
53415
53416
53417
53418
53419
53420
53421
53422
53423
53424
53425
53426
53427
53428
53429
53430
53431
53432
53433
53434
53435
53436
53437
53438
53439
53440
53441
53442
53443
53444
53467
53468
53469
53470
53471
53472
53473
53474
53475
53476
53477
53478
53479
53480
53481
53482
53483
53484
53485
53486
53487
53488
53489
53490
53491
53492
53493
53494
53495
53496
53497
53498
53499
53500
53501
53502
53503
53504
53505
53506
53507
53508
53509
53510
53511
53512
53513
53514
53515
53516
53517
53518
53519
53520
53521
53522
53523
53524
53525
53526
53527
53528
53529
53530
53531
53532
53533
53534
53535
53536
53537
53538
53539
53540
53541
53542
53543
53544
53545
53546
53547
53548
53549
53550
53551
53552
53553
53554
53555
53556
53557
53558
53559
53560
53561
53562
53563
53564
53565
53566
53567
53568
53569
53570
53571
53572
53573
53574
53575
53576
53577
53578
53579
53580
53581
53582
53583
53584
53585
53586
53587
53588
53589
53590
53591
53592
53593
53594
53595
53596
53597
53616
53617
53618
53619
53620
53621
53622
53623
53624
53625
53626
53627
53628
53629
53630
53631
53632
53633
53634
53635
53636
53637
53638
53639
53640
53641
53642
53643
53644
53645
53646
53647
53648
53649
53650
53651
53652
53653
53654
53655
53656
53657
53658
53659
53660
53661
53662
53663
53664
53665
53666
53667
53668
53669
53670
53671
53672
53734
53735
53736
53737
53738
53739
53740
53741
53742
53743
53744
53745
53746
53747
53748
53749
53750
53751
53752
53753
53754
53755
53756
53759
53760
53761
53762
53763
53764
53765
53766
53767
53768
53769
53770
53771
53772
53773
53774
53775
53776
53777
53778
53779
53780
53781
53782
53783
53784
53785
53786
53787
53788
53789
53790
53791
53792
53793
53794
53795
53796
53797
53798
53799
53800
53801
53802
53803
53804
53805
53806
53807
53808
53809
53810
53811
53812
53813
53814
53815
53816
53817
53818
53819
53820
53821
53822
53823
53824
53825
53826
53827
53828
53829
53830
53831
53832
53833
53834
53835
53836
53837
53838
53839
53840
53841
53842
53843
53844
53845
53846
53847
53848
53849
53850
53851
53852
53853
53854
53855
53856
53857
53858
53859
53860
53861
53862
53863
53864
53865
53866
53867
53868
53869
53870
53871
53872
53873
53874
53875
53876
53891
53892
53893
53894
53895
53896
53897
53898
53899
53900
53902
53903
53904
53905
53906
53907
53909
53910
53911
53912
53913
53928
53929
53930
53931
53932
53934
53935
53937
53938
53940
53941
53949
53950
53951
53960
53970
53981
53982
53983
53995
53996
53997
53998
53999
54012
54013
54014
54015
54016
54018
54019
54032
54033
54034
54035
54036
54038
54039
54040
54041
54043
54044
54057
54058
54059
54060
54063
54064
54065
54066
54068
54069
54070
54071
54073
54074
54087
54088
54092
54093
54094
54095
54097
54098
54099
54100
54102
54103
54116
54117
54122
54123
54124
54125
54127
54128
54129
54130
54144
54145
54151
54152
54153
54154
54156
54157
54158
54159
54178
54654
54655
54656
54657
54658
54659
54660
54661
54662
54663
54665
54666
54668
54732
54733
54734
55353
55354
55355
55356
55357
55358
55360
55361
55362
55363
55365
55366
55367
55368
55369
55370
55371
55372
55373
55374
55375
55376
55377
55378
55379
55380
55381
55382
55383
55396
55397
55398
55402
55403
55404
55408
55413
55889
55890
55891
55892
55893
55894
55895
55896
55897
55898
55899
55900
55901
55902
55903
55904
55905
55906
55907
55908
55909
55910
55911
55912
55913
55914
55915
55916
55917
55918
55919
55920
55921
55922
55923
55924
55925
55926
55927
55928
55929
55930
55931
55932
55933
55934
55935
55936
55937
55938
55939
55940
55941
55942
55943
55944
55945
55946
55947
55948
55949
55950
55951
55952
55953
55954
55955
55956
55957
55958
55959
55960
55961
55962
55963
55964
55965
55966
55967
55968
55969
55970
55971
55972
55973
55974
55975
55977
55978
55979
55980
55981
55982
55983
55984
55985
55986
55987
55988
55989
55990
55991
55992
55993
55994
55995
55996
55997
55998
55999
56000
56001
56002
56003
56004
56005
56006
56007
56008
56009
56010
56011
56012
56013
56014
56015
56016
56017
56018
56019
56020
56021
56040
56041
56042
56043
56044
56045
56046
56047
56048
56049
56050
56051
56052
56053
56054
56055
56056
56057
56058
56059
56060
56061
56062
56063
56064
56065
56066
56067
56068
56069
56070
56071
56072
56073
56074
56075
56076
56077
56078
56079
56080
56081
56082
56083
56084
56085
56086
56087
56088
56089
56090
56091
56092
56093
56094
56095
56096
56097
56098
56099
56100
56101
56102
56103
56104
56105
56106
56107
56108
56109
56110
56111
56112
56113
56114
56115
56116
56117
56118
56119
56120
56121
56122
56123
56124
56125
56126
56127
56128
56129
56130
56131
56132
56133
56134
56135
56136
56137
56138
56139
56140
56141
56142
56143
56144
56145
56146
56147
56148
56149
56150
56151
56152
56153
56154
56155
56156
56157
56158
56159
56160
56161
56162
56163
56164
56165
56166
56167
56168
56169
56170
56171
56188
56189
56190
56191
56192
56193
56194
56195
56196
56197
56198
56199
56200
56201
56202
56203
56204
56205
56206
56207
56208
56209
56210
56211
56212
56213
56214
56215
56216
56217
56218
56219
56220
56221
56222
56223
56224
56225
56226
56227
56228
56229
56230
56231
56232
56233
56287
56288
56289
56290
56291
56292
56293
56294
56295
56296
56297
56298
56299
56300
56301
56302
56303
56304
56305
56306
56307
56308
56309
56310
56311
56312
56313
56314
56315
56316
56317
56318
56319
56320
56321
56322
56323
56324
56325
56326
56327
56328
56329
56330
56331
56332
56333
56334
56335
56336
56337
56338
56339
56340
56341
56342
56343
56344
56345
56346
56347
56348
56349
56350
56351
56352
56353
56354
56355
56356
56357
56358
56359
56360
56361
56362
56363
56364
56365
56366
56367
56368
56369
56370
56371
56372
56373
56374
56375
56376
56377
56378
56379
56380
56381
56382
56383
56384
56385
56386
56387
56388
56389
56390
56391
56392
56393
56394
56395
56396
56397
56398
56399
56400
56401
56402
56403
56404
56405
56406
56407
56408
56409
56410
56411
56412
56413
56414
56415
56416
56417
56429
56430
56431
56432
56433
56434
56435
56436
56437
56438
56440
56441
56442
56443
56444
56445
56447
56448
56449
56450
56451
56452
56454
56455
56456
56457
56458
56472
56473
56474
56475
56476
56478
56479
56481
56482
56484
56485
56487
56488
56495
56496
56497
56507
56518
56519
56520
56532
56533
56534
56535
56536
56549
56550
56551
56552
56553
56555
56556
56569
56570
56571
56572
56573
56575
56576
56577
56578
56580
56581
56594
56595
56596
56597
56600
56601
56602
56603
56605
56606
56607
56608
56610
56611
56624
56625
56629
56630
56631
56632
56634
56635
56636
56637
56639
56640
56653
56654
56659
56660
56661
56662
56664
56665
56666
56667
56681
56682
56688
56689
56690
56691
56693
56694
56713
56714
57207
57208
57209
57210
57211
57212
57213
57214
57215
57216
57218
57219
57221
57285
57286
57287
57954
57955
57956
57957
57958
57960
57961
57962
57963
57965
57966
57967
57968
57969
57970
57971
57972
57973
57974
57975
57976
57977
57978
57979
57980
57981
57982
57983
57984
57985
58001
58006
58007
58475
58476
58477
58478
58479
58480
58481
58482
58483
58484
58485
58486
58487
58488
58489
58490
58491
58492
58493
58494
58495
58496
58497
58498
58499
58500
58501
58502
58503
58504
58505
58506
58507
58508
58509
58510
58511
58512
58513
58514
58515
58516
58517
58518
58519
58520
58521
58522
58523
58524
58525
58526
58527
58528
58529
58530
58531
58532
58533
58534
58535
58536
58537
58538
58539
58540
58541
58542
58543
58544
58545
58546
58547
58548
58549
58550
58551
58552
58553
58554
58555
58556
58557
58558
58559
58560
58561
58562
58563
58564
58565
58566
58567
58568
58569
58570
58571
58572
58573
58574
58575
58576
58577
58578
58579
58580
58581
58582
58583
58584
58585
58586
58587
58588
58589
58590
58591
58592
58593
58594
58595
58596
58597
58598
58599
58600
58601
58602
58603
58604
58605
58606
58607
58608
58609
58610
58611
58612
58613
58614
58615
58616
58617
58618
58619
58620
58621
58622
58623
58624
58641
58642
58643
58644
58645
58646
58647
58648
58649
58650
58651
58652
58653
58654
58655
58656
58657
58658
58659
58660
58661
58662
58663
58664
58665
58666
58667
58668
58669
58670
58671
58672
58673
58674
58675
58676
58677
58678
58679
58680
58681
58682
58683
58684
58685
58686
58687
58688
58689
58690
58691
58692
58693
58694
58695
58696
58697
58698
58699
58700
58701
58702
58703
58704
58705
58706
58707
58708
58709
58710
58711
58712
58713
58714
58715
58716
58717
58718
58719
58720
58721
58722
58723
58724
58725
58726
58727
58728
58729
58730
58731
58732
58733
58734
58735
58736
58737
58738
58739
58740
58741
58742
58743
58744
58745
58746
58747
58748
58749
58750
58751
58752
58753
58754
58755
58756
58757
58758
58759
58760
58761
58762
58763
58764
58765
58766
58779
58780
58781
58782
58783
58784
58785
58786
58787
58788
58789
58790
58791
58792
58793
58794
58795
58796
58797
58798
58799
58800
58801
58802
58803
58804
58805
58806
58807
58808
58809
58810
58811
58812
58813
58814
58815
58868
58869
58870
58871
58872
58873
58874
58875
58876
58877
58878
58879
58880
58881
58882
58883
58884
58885
58886
58887
58888
58889
58890
58891
58892
58893
58894
58895
58896
58897
58898
58899
58900
58901
58902
58903
58904
58905
58906
58907
58908
58909
58910
58911
58912
58913
58914
58915
58916
58917
58918
58919
58920
58921
58922
58923
58924
58925
58926
58927
58928
58929
58930
58931
58932
58933
58934
58935
58936
58937
58938
58939
58940
58941
58942
58943
58944
58945
58946
58947
58948
58949
58950
58951
58952
58953
58954
58955
58956
58957
58958
58959
58960
58961
58962
58963
58964
58965
58966
58967
58968
58969
58970
58971
58972
58973
58974
58975
58976
58977
58978
58979
58980
58989
58990
58991
58992
58993
58994
58995
58996
58997
58998
59000
59001
59002
59003
59004
59005
59007
59008
59009
59010
59011
59012
59014
59015
59016
59017
59018
59019
59021
59022
59023
59024
59025
59037
59038
59039
59040
59041
59042
59044
59046
59047
59049
59050
59052
59053
59055
59056
59061
59062
59063
59074
59075
59076
59088
59089
59090
59091
59092
59105
59106
59107
59108
59109
59111
59112
59125
59126
59127
59128
59129
59131
59132
59133
59134
59136
59137
59150
59151
59152
59153
59156
59157
59158
59159
59161
59162
59163
59164
59166
59167
59180
59181
59185
59186
59187
59188
59190
59191
59192
59193
59195
59196
59209
59210
59215
59216
59217
59218
59220
59221
59222
59223
59225
59238
59239
59245
59246
59247
59248
59250
59251
59270
59271
59783
59784
59785
59786
59787
59788
59789
59790
59791
59792
59794
59795
59797
59861
59862
59863
60588
60589
60590
60591
60592
60594
60595
60596
60597
60599
60600
60601
60602
60603
60604
60605
60606
60607
60608
60609
60610
60611
60612
60613
60614
60615
60616
60617
60618
60645
61100
61101
61102
61103
61104
61105
61106
61107
61108
61109
61110
61111
61112
61113
61114
61115
61116
61117
61118
61119
61120
61121
61122
61123
61124
61125
61126
61127
61128
61129
61130
61131
61132
61133
61134
61135
61136
61137
61138
61139
61140
61141
61142
61143
61144
61145
61146
61147
61148
61149
61150
61151
61152
61153
61154
61155
61156
61157
61158
61159
61160
61161
61162
61163
61164
61165
61166
61167
61168
61169
61170
61171
61172
61173
61174
61175
61176
61177
61178
61179
61180
61181
61182
61183
61184
61185
61186
61187
61188
61189
61190
61191
61192
61193
61194
61195
61196
61197
61198
61199
61200
61201
61202
61203
61204
61205
61206
61207
61208
61209
61210
61211
61212
61213
61214
61215
61216
61217
61218
61219
61220
61221
61222
61223
61224
61225
61226
61227
61228
61229
61230
61231
61232
61233
61234
61235
61236
61237
61238
61239
61240
61241
61242
61243
61244
61245
61246
61247
61248
61249
61250
61251
61252
61253
61254
61255
61256
61257
61258
61259
61260
61261
61262
61275
61276
61277
61278
61279
61280
61281
61282
61283
61284
61285
61286
61287
61288
61289
61290
61291
61292
61293
61294
61295
61296
61297
61298
61299
61300
61301
61302
61303
61304
61305
61306
61307
61308
61309
61310
61311
61312
61313
61314
61315
61316
61317
61318
61319
61320
61321
61322
61323
61324
61325
61326
61327
61328
61329
61330
61331
61332
61333
61334
61335
61336
61337
61338
61339
61340
61341
61342
61343
61344
61345
61346
61347
61348
61349
61350
61351
61352
61353
61354
61355
61356
61357
61358
61359
61360
61361
61362
61363
61364
61365
61366
61367
61368
61369
61370
61371
61372
61373
61374
61375
61376
61377
61378
61379
61380
61381
61382
61383
61394
61395
61396
61397
61398
61399
61400
61401
61402
61403
61404
61405
61406
61407
61408
61409
61410
61411
61412
61413
61414
61415
61416
61417
61418
61419
61420
61421
61422
61423
61424
61480
61481
61482
61483
61484
61485
61486
61487
61488
61489
61490
61491
61492
61493
61494
61495
61496
61497
61498
61499
61500
61501
61502
61503
61504
61505
61506
61507
61508
61509
61510
61511
61512
61513
61514
61515
61516
61517
61518
61519
61520
61521
61522
61523
61524
61525
61526
61527
61528
61529
61530
61531
61532
61533
61534
61535
61536
61537
61538
61539
61540
61542
61543
61545
61546
61547
61548
61549
61550
61551
61552
61553
61554
61555
61556
61557
61558
61559
61560
61561
61562
61563
61564
61565
61566
61567
61568
61569
61578
61579
61580
61581
61582
61583
61584
61585
61586
61587
61589
61590
61591
61593
61594
61595
61596
61597
61598
61600
61601
61602
61603
61604
61605
61607
61608
61609
61610
61611
61612
61614
61615
61616
61617
61618
61625
61626
61627
61628
61629
61630
61632
61633
61635
61637
61638
61640
61641
61643
61644
61650
61651
61652
61653
61665
61666
61667
61668
61669
61682
61683
61684
61685
61686
61688
61689
61702
61703
61704
61705
61706
61708
61709
61710
61711
61713
61714
61727
61728
61729
61730
61733
61734
61735
61736
61738
61739
61740
61741
61743
61744
61757
61758
61762
61763
61764
61765
61767
61768
61769
61770
61772
61773
61786
61787
61792
61793
61794
61795
61797
61798
61799
61800
61802
61803
61816
61817
61823
61824
61825
61826
61828
61829
61830
61849
61850
62381
62382
62383
62384
62385
62386
62387
62388
62389
62390
62392
62393
62395
62459
62460
62461
63247
63248
63249
63250
63251
63253
63254
63255
63256
63258
63259
63260
63261
63262
63263
63264
63265
63266
63267
63268
63269
63270
63271
63272
63273
63275
63277
63749
63750
63751
63752
63753
63754
63755
63756
63757
63758
63759
63760
63761
63762
63763
63764
63765
63766
63767
63768
63769
63770
63771
63772
63773
63774
63775
63776
63777
63778
63779
63780
63781
63782
63783
63784
63785
63786
63787
63788
63789
63790
63791
63792
63793
63794
63795
63796
63797
63798
63799
63800
63801
63802
63803
63804
63805
63806
63807
63808
63809
63810
63811
63812
63813
63814
63815
63816
63817
63818
63819
63820
63821
63822
63823
63824
63825
63826
63827
63828
63829
63830
63831
63832
63833
63834
63835
63836
63837
63838
63839
63840
63841
63842
63843
63844
63845
63846
63847
63848
63849
63850
63851
63852
63853
63854
63855
63856
63857
63858
63859
63860
63861
63862
63863
63864
63865
63866
63867
63868
63869
63870
63871
63872
63873
63874
63875
63876
63877
63878
63879
63880
63881
63882
63883
63884
63885
63886
63887
63888
63889
63890
63891
63892
63893
63894
63895
63896
63897
63898
63899
63900
63901
63902
63903
63904
63905
63906
63907
63908
63909
63910
63911
63912
63913
63914
63915
63916
63917
63928
63929
63930
63931
63932
63933
63934
63935
63936
63937
63938
63939
63940
63941
63942
63943
63944
63945
63946
63947
63948
63949
63950
63951
63952
63953
63954
63955
63956
63957
63958
63959
63960
63961
63962
63963
63964
63965
63966
63967
63968
63969
63970
63971
63972
63973
63974
63975
63976
63977
63978
63979
63980
63981
63982
63983
63984
63985
63986
63987
63988
63989
63990
63991
63992
63993
63994
63995
63996
63997
63998
63999
64000
64001
64002
64003
64004
64005
64006
64007
64008
64009
64010
64011
64012
64013
64014
64015
64016
64017
64018
64027
64028
64029
64030
64031
64032
64033
64034
64035
64036
64037
64038
64039
64040
64041
64042
64043
64044
64045
64046
64047
64048
64049
64050
64115
64116
64117
64118
64119
64120
64121
64122
64123
64124
64125
64126
64127
64128
64129
64130
64131
64132
64133
64134
64135
64136
64137
64138
64139
64140
64141
64142
64143
64144
64145
64146
64147
64148
64149
64150
64151
64152
64153
64154
64155
64156
64157
64158
64160
64161
64163
64164
64166
64167
64170
64171
64174
64175
64176
64177
64178
64179
64180
64181
64182
64183
64184
64185
64186
64187
64188
64189
64190
64191
64192
64193
64203
64204
64205
64206
64207
64208
64209
64210
64211
64212
64213
64214
64216
64217
64218
64219
64220
64221
64223
64224
64225
64227
64228
64229
64230
64231
64232
64234
64235
64236
64237
64238
64239
64241
64242
64243
64244
64245
64246
64248
64249
64254
64255
64256
64257
64258
64259
64261
64262
64264
64265
64267
64269
64270
64272
64273
64280
64281
64282
64283
64284
64286
64298
64299
64300
64301
64302
64304
64305
64318
64319
64320
64321
64322
64324
64325
64326
64327
64329
64330
64343
64344
64345
64346
64349
64350
64351
64352
64354
64355
64356
64357
64359
64360
64373
64374
64378
64379
64380
64381
64383
64384
64385
64386
64388
64389
64402
64403
64408
64409
64410
64411
64413
64414
64415
64416
64430
64431
64437
64438
64439
64440
64442
64443
64444
64445
64464
64465
65015
65016
65017
65018
65019
65020
65021
65022
65023
65024
65026
65027
65029
65093
65094
65095
65927
65928
65929
65930
65933
65934
65935
65936
65938
65939
65940
65941
65942
65943
65944
65945
65946
65947
65948
65949
65951
65952
65956
65958
66423
66424
66425
66426
66427
66428
66429
66430
66431
66432
66433
66434
66435
66436
66437
66438
66439
66440
66441
66442
66443
66444
66445
66446
66447
66448
66449
66450
66451
66452
66453
66454
66455
66456
66457
66458
66459
66460
66461
66462
66463
66464
66465
66466
66467
66468
66469
66470
66471
66472
66473
66474
66475
66476
66477
66478
66479
66480
66481
66482
66483
66484
66485
66486
66487
66488
66489
66490
66491
66492
66493
66494
66495
66496
66497
66498
66499
66500
66501
66502
66503
66504
66505
66506
66507
66508
66509
66510
66511
66512
66513
66514
66515
66516
66517
66518
66519
66520
66521
66522
66523
66524
66525
66526
66527
66528
66529
66530
66531
66532
66533
66534
66535
66536
66537
66538
66539
66540
66541
66542
66543
66544
66545
66546
66547
66548
66549
66550
66551
66552
66553
66554
66555
66556
66557
66558
66559
66560
66561
66562
66563
66564
66565
66566
66567
66568
66569
66570
66571
66572
66573
66574
66575
66576
66577
66578
66579
66580
66581
66582
66583
66584
66585
66586
66587
66588
66597
66598
66599
66600
66601
66602
66603
66604
66605
66606
66607
66608
66609
66610
66611
66612
66613
66614
66615
66616
66617
66618
66619
66620
66621
66622
66623
66624
66625
66626
66627
66628
66629
66630
66631
66632
66633
66634
66635
66636
66637
66638
66639
66640
66641
66642
66643
66644
66645
66646
66647
66648
66649
66650
66651
66652
66653
66654
66655
66656
66657
66658
66659
66660
66661
66662
66663
66664
66665
66666
66667
66668
66669
66670
66671
66672
66679
66680
66681
66682
66683
66684
66685
66686
66687
66688
66689
66690
66691
66692
66693
66694
66695
66696
66697
66698
66776
66777
66778
66779
66780
66781
66782
66783
66784
66785
66786
66787
66788
66789
66790
66791
66792
66793
66794
66795
66796
66797
66798
66799
66800
66801
66802
66803
66804
66805
66807
66808
66810
66811
66814
66815
66818
66819
66822
66823
66827
66828
66832
66833
66834
66835
66836
66837
66838
66839
66840
66841
66842
66843
66844
66845
66846
66847
66858
66859
66860
66861
66862
66863
66864
66865
66866
66867
66868
66869
66871
66872
66873
66874
66875
66876
66878
66879
66880
66881
66882
66883
66885
66886
66887
66889
66890
66891
66892
66893
66894
66896
66897
66898
66899
66900
66901
66903
66904
66910
66911
66912
66913
66914
66915
66917
66918
66919
66921
66922
66924
66925
66927
66929
66930
66938
66939
66940
66941
66942
66944
66945
66946
66948
66960
66961
66962
66963
66964
66966
66967
66968
66969
66971
66972
66985
66986
66987
66988
66991
66992
66993
66994
66996
66997
66998
66999
67001
67002
67015
67016
67020
67021
67022
67023
67025
67026
67027
67028
67030
67031
67044
67045
67050
67051
67052
67053
67055
67056
67057
67058
67072
67073
67079
67080
67081
67082
67084
67085
67104
67105
67674
67675
67676
67677
67678
67679
67680
67681
67682
67683
67685
67686
67688
67752
67753
68627
68628
68629
68630
68631
68635
68636
68637
68638
68639
68640
68641
68642
68643
68644
68645
68646
68650
68651
68656
68658
69112
69113
69114
69115
69116
69117
69118
69119
69120
69121
69122
69123
69124
69125
69126
69127
69128
69129
69130
69131
69132
69133
69134
69135
69136
69137
69138
69139
69140
69141
69142
69143
69144
69145
69146
69147
69148
69149
69150
69151
69152
69153
69154
69155
69156
69157
69158
69159
69160
69161
69162
69163
69164
69165
69166
69167
69168
69169
69170
69171
69172
69173
69174
69175
69176
69177
69178
69179
69180
69181
69182
69183
69184
69185
69186
69187
69188
69189
69190
69191
69192
69193
69194
69195
69196
69197
69198
69199
69200
69201
69202
69203
69204
69205
69206
69207
69208
69209
69210
69211
69212
69213
69214
69215
69216
69217
69218
69219
69220
69221
69222
69223
69224
69225
69226
69227
69228
69229
69230
69231
69232
69233
69234
69235
69236
69237
69238
69239
69240
69241
69242
69243
69244
69245
69246
69247
69248
69249
69250
69251
69252
69253
69254
69255
69256
69257
69258
69259
69260
69261
69262
69263
69264
69265
69266
69267
69268
69275
69276
69277
69278
69279
69280
69281
69282
69283
69284
69285
69286
69287
69288
69289
69290
69291
69292
69293
69294
69295
69296
69297
69298
69299
69300
69301
69302
69303
69304
69305
69306
69307
69308
69309
69310
69311
69312
69313
69314
69315
69316
69317
69318
69319
69320
69321
69322
69323
69324
69325
69326
69327
69328
69329
69330
69331
69332
69333
69334
69335
69342
69343
69344
69345
69346
69347
69348
69349
69350
69351
69352
69353
69354
69355
69356
69357
69358
69359
69452
69453
69454
69455
69456
69457
69458
69459
69460
69461
69462
69463
69464
69465
69466
69467
69469
69470
69472
69473
69476
69477
69480
69481
69485
69486
69490
69491
69495
69496
69501
69502
69507
69508
69509
69510
69511
69512
69513
69514
69515
69516
69517
69518
69519
69520
69532
69533
69534
69535
69536
69537
69538
69539
69540
69541
69542
69543
69545
69546
69547
69548
69549
69550
69552
69553
69554
69555
69556
69557
69559
69560
69561
69562
69563
69564
69566
69567
69568
69570
69571
69572
69573
69574
69575
69577
69578
69585
69586
69587
69588
69589
69590
69592
69593
69594
69595
69597
69598
69599
69601
69602
69604
69605
69607
69616
69617
69618
69619
69620
69622
69623
69624
69625
69627
69628
69629
69631
69643
69646
69647
69648
69649
69651
69652
69653
69654
69656
69657
69670
69671
69675
69676
69677
69678
69680
69681
69682
69683
69685
69686
69699
69700
69705
69706
69707
69708
69710
69711
69712
69713
69715
69728
69729
69735
69736
69737
69738
69740
69741
69760
69761
70349
70350
70351
70352
70353
70354
70355
70358
71360
71361
71362
71363
71364
71365
71366
71367
71368
71372
71373
71374
71375
71376
71377
71379
71380
71385
71386
71392
71394
71825
71826
71827
71828
71829
71830
71831
71832
71833
71834
71835
71836
71837
71838
71839
71840
71841
71842
71843
71844
71845
71846
71847
71848
71849
71850
71851
71852
71853
71854
71855
71856
71857
71858
71859
71860
71861
71862
71863
71864
71865
71866
71867
71868
71869
71870
71871
71872
71873
71874
71875
71876
71877
71878
71879
71880
71881
71882
71883
71884
71885
71886
71887
71888
71889
71890
71891
71892
71893
71894
71895
71896
71897
71898
71899
71900
71901
71902
71903
71904
71905
71906
71907
71908
71909
71910
71911
71912
71913
71914
71915
71916
71917
71918
71919
71920
71921
71922
71923
71924
71925
71926
71927
71928
71929
71930
71931
71932
71933
71934
71935
71936
71937
71938
71939
71940
71941
71942
71943
71944
71945
71946
71947
71948
71949
71950
71951
71952
71953
71954
71955
71956
71957
71958
71959
71960
71961
71962
71963
71964
71965
71966
71967
71974
71975
71976
71977
71978
71979
71980
71981
71982
71983
71984
71985
71986
71987
71988
71989
71990
71991
71992
71993
71994
71995
71996
71997
71998
71999
72000
72001
72002
72003
72004
72005
72006
72007
72008
72009
72010
72011
72012
72013
72014
72015
72016
72017
72018
72019
72020
72021
72022
72023
72024
72033
72034
72035
72036
72037
72038
72039
72040
72042
72043
72045
72046
72146
72147
72148
72149
72150
72151
72152
72153
72154
72157
72158
72161
72162
72166
72167
72171
72172
72177
72178
72183
72184
72189
72190
72197
72198
72205
72206
72207
72208
72209
72210
72211
72212
72213
72214
72215
72216
72217
72218
72231
72232
72233
72234
72235
72236
72237
72238
72239
72240
72241
72242
72244
72245
72246
72247
72248
72249
72251
72252
72253
72254
72255
72256
72258
72259
72260
72261
72262
72263
72265
72266
72267
72268
72269
72270
72272
72273
72274
72276
72277
72285
72286
72287
72288
72289
72291
72292
72293
72294
72296
72297
72298
72299
72301
72302
72303
72305
72306
72308
72309
72319
72322
72323
72324
72325
72327
72328
72329
72330
72332
72333
72334
72336
72348
72349
72350
72351
72355
72356
72357
72358
72360
72361
72362
72363
72365
72366
72379
72380
72385
72386
72387
72388
72390
72391
72392
72393
72395
72396
72409
72410
72416
72417
72418
72419
72421
72422
72423
72442
72443
73050
73051
73052
73053
73054
73055
74130
74131
74132
74133
74134
74135
74136
74137
74138
74139
74140
74141
74142
74146
74147
74150
74151
74157
74158
74166
74168
74568
74569
74570
74571
74572
74573
74574
74575
74576
74577
74578
74579
74580
74581
74582
74583
74584
74585
74586
74587
74588
74589
74590
74591
74592
74593
74594
74595
74596
74597
74598
74599
74600
74601
74602
74603
74604
74605
74606
74607
74608
74609
74610
74611
74612
74613
74614
74615
74616
74617
74618
74619
74620
74621
74622
74623
74624
74625
74626
74627
74628
74629
74630
74631
74632
74633
74634
74635
74636
74637
74638
74639
74640
74641
74642
74643
74644
74645
74646
74647
74648
74649
74650
74651
74652
74653
74654
74655
74656
74657
74658
74659
74660
74661
74662
74663
74664
74665
74666
74667
74668
74669
74670
74671
74672
74673
74674
74675
74676
74677
74678
74679
74680
74681
74682
74683
74684
74685
74686
74687
74688
74689
74690
74691
74692
74693
74694
74695
74696
74697
74698
74699
74708
74709
74710
74711
74712
74713
74714
74715
74716
74717
74718
74719
74720
74721
74722
74723
74724
74725
74726
74727
74728
74729
74730
74731
74732
74733
74734
74735
74736
74737
74738
74739
74740
74741
74742
74743
74744
74745
74746
74747
74748
74749
74761
74762
74764
74765
74768
74769
74772
74773
74885
74886
74887
74891
74892
74896
74897
74902
74903
74908
74909
74916
74917
74924
74925
74932
74933
74942
74943
74952
74953
74954
74955
74956
74957
74958
74959
74960
74961
74962
74963
74977
74978
74979
74980
74981
74982
74983
74985
74986
74987
74988
74989
74990
74992
74993
74994
74995
74996
74997
74999
75000
75001
75002
75003
75004
75006
75007
75008
75009
75010
75011
75013
75014
75015
75016
75017
75018
75020
75029
75032
75033
75034
75035
75037
75038
75039
75040
75042
75043
75044
75045
75047
75048
75049
75051
75052
75063
75064
75065
75066
75070
75071
75072
75073
75075
75076
75077
75078
75080
75081
75082
75084
75096
75097
75102
75103
75104
75105
75107
75108
75109
75110
75112
75113
75126
75127
75133
75134
75135
75136
75138
75139
75140
75141
75160
75161
75787
75788
75789
75790
76925
76926
76927
76928
76929
76930
76931
76932
76933
76934
76935
76936
76937
76938
76939
76946
76947
76955
76965
77307
77308
77309
77310
77311
77312
77313
77314
77315
77316
77317
77318
77319
77320
77321
77322
77323
77324
77325
77326
77327
77328
77329
77330
77331
77332
77333
77334
77335
77336
77337
77338
77339
77340
77341
77342
77343
77344
77345
77346
77347
77348
77349
77350
77351
77352
77353
77354
77355
77356
77357
77358
77359
77360
77361
77362
77363
77364
77365
77366
77367
77368
77369
77370
77371
77372
77373
77374
77375
77376
77377
77378
77379
77380
77381
77382
77383
77384
77385
77386
77387
77388
77389
77390
77391
77392
77393
77394
77395
77396
77397
77398
77399
77400
77401
77402
77403
77404
77405
77406
77407
77408
77409
77410
77411
77412
77413
77414
77415
77416
77417
77418
77419
77420
77421
77422
77423
77425
77426
77427
77429
77430
77431
77442
77443
77444
77445
77446
77447
77448
77449
77450
77451
77452
77453
77454
77455
77456
77457
77458
77459
77460
77461
77462
77463
77464
77465
77466
77467
77468
77469
77471
77472
77474
77475
77490
77491
77494
77495
77499
77500
77504
77505
77617
77618
77623
77624
77631
77632
77639
77640
77649
77650
77659
77668
77691
77692
77693
77694
77695
77696
77697
77712
77713
77714
77715
77718
77719
77720
77721
77723
77724
77725
77726
77727
77728
77730
77731
77732
77733
77734
77735
77737
77738
77739
77740
77741
77742
77744
77745
77746
77747
77748
77749
77751
77752
77762
77763
77764
77765
77769
77770
77771
77772
77774
77775
77776
77777
77779
77780
77781
77782
77784
77785
77786
77798
77799
77804
77805
77806
77807
77809
77810
77811
77812
77814
77815
77816
77834
77835
77837
77838
77839
77840
77859
77860
78505
78506
78507
78508
79658
79659
79660
79661
79662
79663
79664
79665
79666
79667
79668
79669
79670
79671
79672
79679
79963
79964
79965
79966
79967
79968
79969
79970
79971
79972
79973
79974
79975
79976
79977
79978
79979
79980
79981
79982
79983
79984
79985
79986
79987
79988
79989
79990
79991
79992
79993
79994
79995
79996
79997
79998
79999
80000
80001
80002
80003
80004
80005
80006
80007
80008
80009
80010
80011
80012
80013
80014
80015
80016
80017
80018
80019
80020
80021
80022
80023
80024
80025
80026
80027
80028
80029
80030
80031
80032
80033
80034
80035
80036
80037
80038
80039
80040
80041
80042
80043
80044
80045
80046
80047
80048
80049
80050
80051
80052
80053
80054
80055
80056
80057
80058
80059
80060
80061
80062
80063
80065
80066
80067
80069
80070
80071
80074
80075
80076
80079
80080
80081
80094
80095
80096
80097
80098
80099
80100
80101
80102
80103
80104
80105
80106
80107
80108
80109
80110
80111
80113
80114
80116
80117
80120
80121
80124
80125
80145
80146
80150
80151
80156
80157
80162
80163
80257
80258
80265
80266
80275
80276
80285
80342
80343
80344
80360
80362
80363
80364
80365
80366
80367
80371
80372
80373
80374
80376
80377
80378
80379
80380
80381
80383
80384
80385
80386
80387
80388
80390
80391
80392
80393
80394
80395
80397
80398
80409
80410
80415
80416
80417
80418
80420
80421
80422
80423
80425
80426
80427
80428
80446
80447
80449
80450
80451
80452
81133
81134
81135
82269
82270
82271
82272
82273
82274
82275
82276
82277
82278
82279
82280
82502
82503
82504
82505
82506
82507
82508
82509
82510
82511
82512
82513
82514
82515
82516
82517
82518
82519
82520
82521
82522
82523
82524
82525
82526
82527
82528
82529
82530
82531
82532
82533
82534
82535
82536
82537
82538
82539
82540
82541
82542
82543
82544
82545
82546
82547
82548
82549
82550
82551
82552
82553
82554
82555
82556
82557
82558
82559
82560
82561
82562
82563
82564
82565
82566
82567
82568
82569
82570
82571
82572
82573
82574
82575
82576
82577
82578
82579
82580
82581
82582
82583
82584
82585
82586
82587
82588
82589
82590
82592
82593
82594
82596
82597
82598
82601
82602
82603
82606
82607
82608
82612
82613
82614
82618
82619
82620
82637
82638
82639
82640
82641
82642
82643
82644
82646
82647
82649
82650
82653
82654
82657
82658
82662
82663
82667
82668
82690
82691
82696
82697
82704
82705
82712
82713
82782
82783
82792
82862
82879
82880
82882
82883
82884
82885
82890
82891
82892
82893
82895
82896
82897
82898
82899
82900
82902
82903
82904
82905
82906
82907
82909
82910
82927
82928
82930
82931
82932
82933
83631
84740
84741
84742
84743
84744
84745
84746
84747
84908
84909
84910
84911
84912
84913
84914
84915
84916
84917
84918
84919
84920
84921
84922
84923
84924
84925
84926
84927
84928
84929
84930
84931
84932
84933
84934
84935
84936
84937
84938
84939
84940
84941
84942
84943
84944
84945
84946
84947
84948
84949
84950
84951
84952
84953
84954
84955
84956
84957
84958
84959
84960
84961
84962
84963
84964
84965
84966
84967
84968
84969
84970
84971
84972
84973
84974
84975
84976
84977
84978
84979
84980
84981
84982
84983
84984
84985
84986
84988
84989
84990
84992
84993
84994
84997
84998
84999
85002
85003
85004
85008
85009
85010
85014
85015
85016
85022
85023
85024
85030
85031
85032
85051
85052
85054
85055
85058
85059
85062
85063
85067
85068
85072
85073
85078
85079
85084
85085
85109
85110
85117
85118
85127
85128
85137
85264
85266
85267
85273
85274
85276
85277
85278
85279
85280
85281
85283
85284
86207
86242
87032
87033
87034
87035
87155
87156
87157
87158
87159
87160
87161
87162
87163
87164
87165
87166
87167
87168
87169
87170
87171
87172
87173
87174
87175
87176
87177
87178
87179
87180
87181
87182
87183
87184
87185
87186
87187
87188
87189
87190
87191
87192
87193
87194
87195
87196
87197
87198
87199
87200
87201
87202
87203
87204
87205
87206
87207
87208
87209
87210
87211
87212
87213
87214
87215
87216
87217
87218
87219
87220
87221
87222
87224
87225
87226
87228
87229
87230
87233
87234
87235
87238
87239
87240
87244
87245
87246
87250
87251
87252
87258
87259
87260
87266
87267
87268
87276
87277
87285
87305
87306
87309
87310
87314
87315
87319
87320
87325
87326
87331
87332
87339
87340
87347
87348
87374
87375
87384
87489
87496
87497
88408
88409
88410
88411
88412
88413
88415
88416
88420
88471
88472
88473
88474
88485
89180
89280
89281
89282
89283
89284
89285
89286
89287
89288
89289
89290
89291
89292
89293
89294
89295
89296
89297
89298
89299
89300
89301
89302
89303
89304
89305
89306
89307
89308
89309
89310
89311
89312
89313
89314
89315
89316
89317
89318
89319
89320
89321
89322
89323
89324
89325
89326
89327
89328
89329
89330
89331
89332
89334
89335
89336
89337
89338
89339
89340
89341
89342
89343
89344
89345
89346
89347
89348
89351
89352
89353
89356
89357
89358
89362
89363
89364
89368
89369
89370
89376
89377
89378
89384
89385
89386
89394
89395
89403
89435
89436
89440
89441
89446
89447
89452
89453
89460
89461
89468
89469
89478
89479
89488
90475
90476
90477
90478
90479
90480
90481
90482
90483
90484
90485
90486
90487
90488
90489
90490
90491
90492
90493
90494
90495
90496
90498
90499
90500
90501
90502
90503
90531
90533
90550
90552
90577
90578
90579
90580
90582
90583
90591
90592
90593
90594
91273
91274
91275
91276
91277
91278
91279
91280
91281
91282
91283
91284
91285
91286
91287
91288
91289
91290
91291
91292
91293
91294
91295
91296
91297
91298
91299
91300
91301
91302
91303
91304
91305
91306
91307
91308
91309
91310
91311
91312
91313
91314
91315
91316
91317
91318
91319
91320
91321
91322
91323
91324
91325
91326
91327
91330
91331
91332
91333
91334
91335
91336
91337
91338
91339
91340
91341
91342
91343
91344
91345
91346
91347
91351
91352
91353
91357
91358
91359
91365
91366
91367
91373
91374
91375
91383
91384
91392
91427
91428
91433
91434
91441
91442
91449
91450
91459
91460
91469
92420
92421
92422
92423
92424
92425
92426
92427
92428
92429
92430
92431
92432
92433
92434
92435
92436
92437
92438
92439
92440
92441
92442
92443
92444
92445
92446
92447
92448
92449
92450
92451
92452
92453
92454
92455
92456
92457
92458
92459
92460
92462
92463
92467
92469
92498
92499
92500
92501
92502
92503
92504
92505
92506
92508
92510
92527
92528
92529
92530
92531
92532
92533
92534
92535
92536
92538
92540
92563
92564
92565
92566
92568
92569
92570
92571
92572
92573
92574
92575
92589
92590
92591
92592
92701
92702
93130
93131
93132
93133
93134
93135
93136
93137
93138
93139
93140
93141
93142
93143
93144
93145
93146
93147
93148
93149
93150
93151
93152
93153
93154
93155
93156
93157
93158
93159
93160
93161
93162
93163
93164
93165
93166
93167
93168
93169
93170
93171
93172
93173
93174
93175
93176
93177
93178
93179
93180
93181
93182
93183
93184
93185
93186
93187
93188
93191
93192
93193
93194
93195
93197
93198
93199
93200
93201
93202
93203
93204
93205
93206
93207
93208
93209
93210
93211
93212
93218
93219
93220
93226
93227
93228
93236
93237
93245
93277
93278
93285
93286
93295
93296
93305
94217
94218
94219
94220
94221
94222
94223
94224
94225
94226
94227
94228
94229
94230
94231
94232
94233
94234
94235
94236
94237
94238
94239
94240
94241
94242
94243
94244
94245
94246
94247
94248
94249
94250
94251
94252
94253
94254
94255
94256
94257
94258
94259
94260
94262
94263
94264
94265
94266
94267
94268
94269
94271
94273
94274
94275
94276
94277
94278
94279
94280
94281
94285
94287
94320
94321
94322
94323
94324
94325
94326
94327
94328
94329
94330
94331
94332
94333
94334
94335
94336
94337
94338
94339
94340
94341
94343
94345
94360
94361
94362
94363
94364
94365
94366
94367
94368
94369
94370
94371
94372
94373
94374
94375
94377
94378
94379
94380
94382
94383
94384
94385
94413
94414
94415
94416
94417
94418
94419
94420
94421
94422
94423
94424
94425
94439
94440
94441
94442
94546
94547
94548
94877
94878
94879
94880
94881
94882
94883
94884
94885
94886
94887
94888
94889
94890
94891
94892
94893
94894
94895
94896
94897
94898
94899
94900
94901
94902
94903
94904
94905
94906
94907
94908
94909
94910
94911
94912
94913
94914
94915
94916
94917
94918
94919
94920
94921
94922
94923
94924
94925
94926
94927
94928
94929
94930
94931
94932
94933
94934
94935
94936
94937
94938
94939
94940
94941
94943
94946
94947
94948
94949
94950
94951
94954
94955
94956
94957
94958
94959
94960
94961
94962
94963
94964
94965
94966
94967
94968
94969
94970
94971
94972
94973
94981
94982
94990
95014
95015
95024
95890
95891
95892
95893
95894
95895
95896
95897
95898
95899
95900
95901
95902
95903
95904
95905
95906
95907
95908
95909
95910
95911
95912
95913
95914
95915
95916
95917
95918
95919
95920
95921
95922
95923
95924
95925
95926
95927
95928
95929
95930
95931
95932
95933
95934
95935
95936
95937
95938
95939
95940
95941
95942
95944
95945
95946
95947
95948
95949
95950
95951
95952
95953
95954
95955
95956
95957
95958
95959
95960
95963
95964
95965
95966
95967
95968
95969
95970
95971
95972
95991
96009
96010
96011
96012
96013
96014
96015
96016
96017
96018
96019
96020
96021
96022
96023
96024
96025
96026
96027
96028
96029
96030
96031
96032
96033
96034
96035
96036
96038
96039
96040
96041
96043
96044
96045
96046
96066
96067
96068
96069
96070
96071
96072
96073
96074
96075
96076
96077
96078
96079
96080
96081
96082
96083
96084
96085
96086
96087
96088
96089
96090
96091
96119
96120
96121
96122
96123
96124
96125
96126
96127
96128
96129
96130
96131
96132
96133
96134
96145
96149
96150
96151
96152
96221
96222
96223
96224
96225
96226
96232
96500
96501
96502
96503
96504
96505
96506
96507
96508
96509
96510
96511
96512
96513
96514
96515
96516
96517
96518
96519
96520
96521
96522
96523
96524
96525
96526
96527
96528
96529
96530
96531
96532
96533
96534
96535
96536
96537
96538
96539
96540
96541
96542
96543
96544
96545
96546
96547
96548
96549
96550
96551
96552
96553
96554
96555
96556
96557
96558
96559
96560
96561
96562
96563
96564
96565
96566
96567
96568
96569
96570
96571
96572
96573
96574
96575
96576
96577
96578
96579
96582
96585
96586
96587
96588
96589
96590
96591
96594
96595
96596
96597
96598
96599
96600
96601
96602
96603
96604
96605
96606
96607
96608
96609
96610
96611
97460
97461
97462
97463
97464
97465
97466
97467
97468
97469
97470
97471
97472
97473
97474
97475
97476
97477
97478
97479
97480
97481
97482
97483
97484
97485
97486
97487
97488
97489
97490
97491
97492
97493
97494
97495
97496
97497
97498
97499
97500
97501
97502
97503
97504
97505
97506
97507
97508
97509
97510
97511
97512
97513
97514
97515
97516
97517
97518
97519
97520
97521
97522
97523
97524
97525
97526
97527
97528
97529
97530
97531
97532
97534
97535
97536
97537
97538
97539
97540
97541
97542
97543
97544
97545
97546
97547
97548
97549
97550
97572
97574
97575
97576
97577
97596
97597
97600
97601
97602
97603
97604
97605
97606
97607
97608
97609
97610
97611
97612
97613
97614
97615
97616
97617
97618
97619
97620
97621
97622
97623
97624
97625
97626
97627
97628
97629
97630
97631
97632
97633
97634
97635
97636
97637
97659
97660
97661
97662
97663
97664
97665
97666
97667
97668
97669
97670
97671
97672
97673
97674
97675
97676
97677
97678
97679
97680
97681
97682
97683
97684
97685
97686
97687
97688
97689
97690
97692
97694
97716
97717
97718
97719
97720
97721
97726
97729
97730
97751
97752
97753
97754
97755
97760
98012
98013
98014
98015
98016
98017
98018
98019
98020
98021
98022
98023
98024
98025
98026
98027
98028
98029
98030
98031
98032
98033
98034
98035
98036
98037
98038
98039
98040
98041
98042
98043
98044
98045
98046
98047
98048
98049
98050
98051
98052
98053
98054
98055
98056
98057
98058
98059
98060
98061
98062
98063
98064
98065
98066
98067
98068
98069
98070
98071
98072
98073
98074
98075
98076
98077
98078
98079
98080
98081
98082
98083
98084
98085
98086
98087
98088
98089
98090
98091
98092
98093
98094
98095
98096
98097
98098
98099
98100
98101
98102
98103
98104
98105
98106
98107
98108
98110
98111
98112
98113
98114
98115
98116
98117
98118
98923
98924
98925
98926
98927
98928
98929
98930
98931
98932
98933
98934
98935
98936
98937
98938
98939
98940
98941
98942
98943
98944
98945
98946
98947
98948
98949
98950
98951
98952
98953
98954
98955
98956
98957
98958
98959
98960
98961
98962
98963
98964
98965
98966
98967
98968
98969
98970
98971
98972
98973
98974
98975
98976
98977
98978
98979
98980
98981
98982
98983
98984
98985
98986
98987
98988
98989
98990
98991
98992
98994
98995
98997
99016
99017
99018
99019
99020
99021
99022
99023
99024
99045
99046
99049
99050
99051
99052
99053
99054
99055
99056
99057
99058
99059
99060
99061
99062
99063
99064
99065
99066
99067
99068
99069
99070
99071
99072
99073
99074
99075
99076
99077
99078
99079
99080
99081
99082
99083
99084
99085
99086
99087
99088
99089
99090
99092
99094
99114
99115
99116
99117
99118
99119
99120
99121
99122
99123
99124
99125
99126
99127
99128
99129
99130
99131
99132
99133
99134
99135
99136
99138
99140
99162
99163
99171
99172
99174
99175
99426
99427
99428
99429
99430
99431
99432
99433
99434
99435
99436
99437
99438
99439
99440
99441
99442
99443
99444
99445
99446
99447
99448
99449
99450
99451
99452
99453
99454
99455
99456
99457
99458
99459
99460
99461
99462
99463
99464
99465
99466
99467
99468
99469
99470
99471
99472
99473
99474
99475
99476
99477
99478
99479
99480
99481
99482
99483
99484
99485
99486
99487
99488
99489
99490
99491
99492
99493
99494
99495
99496
99498
99499
99500
99501
99502
99503
99504
99505
99506
100281
100282
100283
100284
100285
100286
100287
100288
100289
100290
100291
100292
100293
100294
100295
100296
100297
100298
100299
100300
100301
100302
100303
100304
100305
100306
100307
100308
100309
100310
100311
100312
100313
100314
100315
100316
100317
100318
100319
100320
100321
100322
100323
100324
100325
100326
100327
100328
100329
100330
100332
100333
100334
100335
100337
100358
100359
100360
100361
100362
100363
100364
100365
100366
100367
100368
100369
100370
100374
100393
100394
100397
100398
100399
100400
100401
100402
100403
100404
100405
100406
100407
100408
100409
100410
100411
100412
100413
100414
100415
100416
100417
100418
100419
100420
100421
100422
100423
100424
100425
100426
100427
100428
100429
100430
100431
100432
100434
100436
100460
100461
100462
100463
100464
100465
100466
100468
100469
100470
100471
100472
100473
100475
100476
100746
100747
100748
100749
100750
100751
100752
100753
100754
100755
100756
100757
100758
100759
100760
100761
100762
100763
100764
100765
100766
100767
100768
100769
100770
100771
100772
100773
100774
100775
100776
100777
100778
100779
100780
100781
100782
100783
100784
100785
100786
100787
100788
100789
100790
100791
100792
100793
100794
100795
100796
100797
100798
100799
100800
100801
100802
100803
100805
100806
100807
100808
100809
100810
100811
100812
100813
101566
101567
101568
101569
101570
101571
101572
101573
101574
101575
101576
101577
101578
101579
101580
101581
101582
101583
101584
101585
101586
101587
101588
101589
101590
101591
101592
101593
101594
101595
101596
101597
101598
101599
101600
101601
101602
101603
101604
101605
101606
101607
101608
101609
101610
101611
101612
101613
101614
101615
101638
101639
101640
101641
101642
101643
101644
101645
101646
101647
101648
101649
101650
101651
101652
101653
101655
101657
101682
101683
101684
101685
101686
101687
101688
101689
101690
101691
101692
101693
101694
101695
101696
101697
101698
101699
101700
101701
101703
101704
101705
101707
101708
101709
101734
102012
102013
102014
102015
102016
102017
102018
102019
102020
102021
102022
102023
102024
102025
102026
102027
102028
102029
102030
102031
102032
102033
102034
102035
102036
102037
102038
102039
102040
102041
102042
102043
102044
102045
102046
102047
102048
102049
102050
102051
102052
102053
102054
102055
102056
102057
102058
102059
102060
102061
102064
102065
102067
102068
102798
102799
102800
102801
102802
102803
102804
102805
102806
102807
102808
102809
102810
102811
102812
102813
102814
102815
102816
102817
102818
102819
102820
102821
102822
102823
102824
102825
102826
102827
102828
102829
102830
102831
102832
102833
102834
102835
102836
102837
102838
102839
102840
102867
102868
102869
102870
102871
102872
102873
102874
102875
102876
102877
102878
102879
102880
102881
102882
102884
102886
102887
102888
102914
102915
102916
102917
102918
102919
102920
102922
102923
102924
102925
102926
102927
102928
102929
103239
103240
103241
103242
103243
103244
103245
103246
103247
103248
103249
103250
103251
103252
103253
103254
103255
103256
103257
103258
103259
103260
103261
103262
103263
103264
103265
103266
103267
103268
103269
103270
103271
103272
103273
103276
103277
103985
103986
103987
103988
103989
103990
103991
103992
103993
103994
103995
103996
103997
103998
103999
104000
104001
104002
104003
104004
104005
104006
104007
104008
104009
104010
104011
104012
104013
104014
104015
104016
104033
104043
104044
104045
104046
104047
104048
104049
104050
104051
104052
104053
104054
104055
104056
104058
104059
104060
104061
104062
104063
104065
104066
104067
104068
104069
104070
104071
104072
104099
104395
104396
104397
104398
104399
104400
104401
104402
104403
104404
104405
104406
104407
104408
104409
104410
104411
104412
104413
104414
104415
104416
104417
104419
104420
104421
105106
105107
105108
105109
105110
105111
105112
105113
105114
105115
105116
105117
105118
105119
105120
105121
105122
105123
105124
105125
105126
105127
105128
105129
105130
105131
105132
105133
105134
105153
105155
105163
105164
105165
105166
105167
105168
105169
105170
105171
105172
105173
105174
105175
105176
105177
105178
105179
105483
105484
105485
105486
105487
105488
105489
105490
105491
105492
105493
106154
106155
106156
106157
106158
106159
106160
106161
106162
106163
106164
106165
106166
106167
106168
106169
106170
106171
106172
106173
106174
106185
106186
106471
106472
106473
107109
107110
107111
)


// ************************************************************************* //
