/*--------------------------------*- C++ -*----------------------------------*\
  =========                 |
  \\      /  F ield         | OpenFOAM: The Open Source CFD Toolbox
   \\    /   O peration     | Website:  https://openfoam.org
    \\  /    A nd           | Version:  12
     \\/     M anipulation  |
\*---------------------------------------------------------------------------*/
FoamFile
{
    format      ascii;
    class       labelList;
    location    "constant/polyMesh";
    object      pointProcAddressing;
}
// * * * * * * * * * * * * * * * * * * * * * * * * * * * * * * * * * * * * * //


13707
(
2978
2979
2980
2981
2982
2983
2984
2985
2986
2987
2988
2989
2990
2991
2992
2993
2994
2995
2996
2997
2998
2999
3000
3001
3002
3003
3004
3005
3006
3007
3008
3009
3010
3011
3012
3013
3014
3015
3016
3017
3018
3019
3020
3021
3022
3023
3024
3025
3026
3027
3028
3029
3030
3031
3032
3033
3099
3100
3101
3102
3103
3104
3105
3106
3107
3108
3109
3110
3111
3112
3113
3114
3115
3116
3117
3118
3119
3120
3121
3122
3123
3124
3125
3126
3127
3128
3129
3130
3131
3132
3133
3134
3135
3136
3137
3138
3139
3140
3178
3179
3180
3181
3182
3183
3184
3185
3186
3187
3188
3189
3190
3191
3192
3193
3194
3195
3196
3197
3198
3199
3200
3201
3202
3203
3204
3205
3206
3207
3208
3209
3243
3244
3245
3246
3247
3248
3249
3250
3251
3252
3253
3254
3255
3256
3257
3258
3259
3260
3261
3262
3263
3264
3265
3266
3267
3268
3269
3270
3592
3593
3596
3617
3618
3619
3620
3621
3622
3646
3647
3648
3649
3650
3651
3652
3653
3654
3655
3656
3657
3658
3685
3686
3687
3688
3689
3690
3691
3692
3693
3694
3695
3696
3697
3698
3699
3700
3730
3731
3732
3733
3734
3735
3736
3737
3738
3739
3740
3741
3742
3743
3744
3745
3746
3747
3748
3749
3750
3751
3752
3753
3754
3755
3756
3757
3758
3759
3760
3761
3762
3763
3764
3765
3766
3767
3768
3769
3770
3771
3772
3773
3774
3775
3776
3777
3778
3779
3780
3781
3785
3858
3859
3860
3898
3899
3900
3901
3902
3903
3904
3905
3906
3907
3908
3909
3910
3911
3912
3913
3914
3915
3916
3917
3918
3919
3920
3921
3922
3923
3924
3925
3926
3927
3928
3929
3930
3932
4024
4025
4026
4027
4028
4029
4030
4031
4032
4033
4034
4035
4036
4037
4038
4039
4040
4041
4042
4043
4044
4045
4046
4047
4048
4049
4050
4051
4052
4103
4104
4156
4157
4158
4159
4160
4161
4162
4163
4179
4180
4181
4182
4183
4184
4236
4237
4238
4239
4240
4241
4242
4243
4244
4245
4246
4247
4248
4249
4250
4251
4252
4253
4254
4255
4256
4257
4258
4259
4260
4261
4262
4263
4264
4265
4266
4267
4268
4269
4270
4271
4272
4273
4274
4275
4276
4277
4278
4279
4313
4314
4315
4316
4317
4318
4319
4320
4321
4322
4323
4324
4325
4326
4327
4328
4329
4330
4331
4332
4333
4334
4335
4336
4337
4338
4368
4369
4370
4371
4372
4373
4374
4375
4376
4377
4378
4379
4380
4381
4382
4383
4384
4385
4386
4387
4388
4389
4390
4391
4392
4393
4419
4420
4421
4422
4423
4424
4425
4426
4427
4428
4429
4430
4431
4432
4433
4434
4435
4436
4437
4438
4439
4440
4441
4442
4443
4444
4445
4467
4468
4469
4470
4471
4472
4473
4474
4475
4476
4477
4478
4479
4480
4481
4482
4483
4484
4485
4486
4487
4488
4489
4490
4491
4492
4493
4494
4495
4496
4497
4498
4499
4500
4501
4502
4503
4504
4505
4506
4507
4786
4787
4788
4789
4790
4791
4792
4793
4794
4795
4796
4797
4798
4799
4800
4801
4802
4803
4804
4805
4806
4841
4843
4844
4845
4846
4847
4848
4849
4850
4851
4871
4873
4908
4909
4910
4911
4931
4932
4933
4934
5123
5124
5125
5126
5127
5128
5129
5130
5131
5132
5133
5134
5135
5136
5137
5138
5139
5140
5141
5142
5143
5144
5145
5146
5147
5148
5149
5150
5151
5152
5153
5154
5155
5156
5157
5158
5159
5160
5161
5162
5163
5164
5238
5239
5240
5241
5242
5243
5244
5245
5246
5247
5248
5249
5250
5251
5252
5253
5254
5255
5256
5257
5258
5259
5260
5261
5262
5263
5264
5265
5318
5319
5320
5321
5322
5323
5324
5325
5326
5327
5328
5329
5330
5331
5332
5389
5390
5391
5392
5393
5394
5395
5396
5397
5398
5411
5412
5413
5414
5415
5421
5422
5423
5424
5425
5426
5427
5428
5429
5430
5431
5432
5433
5434
5435
5436
5437
5438
5439
5440
5441
5442
5443
5445
5446
5447
5448
5449
5450
5456
5458
5459
5460
5463
5464
5465
5466
5467
5468
5470
5471
5472
5557
5558
5559
5560
5561
5562
5563
5564
5565
6311
6312
6313
6314
6315
6316
6317
6318
6319
6320
6322
6323
6324
6325
6326
6327
6328
6329
6330
6331
6332
6333
6334
6335
6337
6338
6339
6340
6341
6342
6343
6344
6345
6346
6347
6348
6349
6350
6351
6352
6353
6354
6355
6356
6359
6360
6361
6362
6363
6364
6365
6366
6401
6402
6403
6404
6405
6406
6408
6409
6410
6411
6412
6413
6414
6415
6416
6417
6418
6419
6420
6421
6422
6423
6424
6425
6426
6427
6428
6429
6430
6431
6432
6433
6434
6470
6471
6472
6473
6474
6475
6476
6477
6478
6479
6480
6481
6482
6483
6484
6486
6487
6488
6489
6490
6491
6492
6493
6494
6495
6496
6497
6498
6499
6500
6533
6534
6535
6536
6537
6538
6539
6540
6541
6542
6543
6558
6560
6576
6577
6578
6579
6596
6597
6598
6599
6600
6601
6602
6603
6604
6605
6606
6607
6608
6609
6610
6611
6612
6613
6614
6615
6705
6707
6709
6710
6711
6712
6713
6714
6715
6716
6717
6718
6719
6720
6721
6722
6723
6724
6725
6726
6727
6728
6729
6730
6731
6732
6733
6734
6735
6736
6737
6738
6823
6824
6825
6826
6827
6828
6829
6830
6831
6832
6833
6834
6835
6836
6837
6838
6839
6840
6841
6842
6843
6844
6845
6846
6847
6848
6849
6850
6851
6852
6853
6932
6933
6934
6935
6936
6937
6938
6939
6940
6941
6942
6943
6944
6945
6946
6947
6948
6949
6950
6951
6952
6953
6954
6955
6956
6957
6958
6959
6960
7033
7034
7035
7036
7037
7038
7039
7040
7041
7042
7043
7044
7045
7046
7047
7048
7049
7050
7051
7052
7053
7054
7055
7056
7057
7058
7059
7060
7061
7062
7063
7064
7065
7066
7067
7068
7069
7193
7194
7195
7202
7203
7204
7205
7206
7207
7208
7209
7210
7211
7212
7213
7214
7215
7216
7217
7218
7219
7220
7221
7222
7223
7224
7237
7238
7239
7240
7241
7242
7243
7244
7245
7246
7247
7248
7249
7250
7251
7252
7253
7254
7255
7256
7257
7258
7259
7260
7261
7262
7263
7264
7265
7266
7267
7268
7284
7285
7286
7287
7288
7289
7290
7291
7292
7293
7294
7295
7296
7297
7298
7299
7300
7301
7302
7303
7304
7305
7306
7307
7308
7309
7310
7311
7312
7313
7332
7333
7334
7335
7336
7337
7338
7339
7340
7341
7342
7343
7344
7345
7346
7347
7348
7349
7350
7351
7352
7353
7374
7375
7376
7377
7378
7379
7380
7381
7382
7383
7384
7385
7386
7387
7388
7415
7416
7417
7418
7419
7420
7421
7422
7423
7424
7425
7426
7441
7442
7443
7444
7445
7446
7447
7448
7455
7456
7457
7458
7459
7464
7465
7466
7467
7468
7489
7490
7491
7493
7495
7497
7498
7499
7500
7502
7503
7508
7509
7510
7511
7512
7516
7517
7518
7522
7523
7524
7525
7526
7531
7533
7534
7535
7536
7537
7538
7539
7540
7542
7543
7544
7546
7547
7548
7551
7552
7553
7554
7555
7556
7557
7564
7566
7567
7570
7571
7572
7573
7574
7575
7578
7579
7580
7581
7582
7587
7588
7590
7595
7596
7597
7598
7599
7600
7601
7602
7603
7604
7605
7606
7607
7608
7609
7611
7621
7624
7625
7626
7627
7628
7629
7630
7631
7632
7633
7634
7635
7636
7637
7646
7648
7650
7651
7653
7655
7659
7660
7661
7664
7665
7667
7673
7674
7675
7676
7677
7679
7680
7681
7683
7684
7685
7686
7687
7688
7689
7691
7692
7693
7694
7695
7696
7697
7699
7700
7702
7708
7709
7710
7711
7712
7714
7715
7717
7723
7724
7725
7726
7727
7729
7730
7732
7733
7734
7739
7740
7741
7742
7743
7745
7746
7748
7749
7751
7752
7753
7756
7757
7758
7760
7761
7766
7767
7768
7769
7770
7772
7773
7775
7776
7777
7779
7785
7786
7787
7788
7789
7790
7795
7796
7797
7798
7799
7803
7804
7805
7806
7807
7808
7809
7812
7817
7818
7819
7820
7821
7824
7825
7829
7834
7836
7839
7840
7841
7842
7843
7844
7845
7846
7847
7848
7850
7852
7853
7854
7855
7857
7858
7861
7865
7867
7871
7872
7873
7874
7875
7876
7877
7878
7879
7880
7881
7883
7884
7885
7887
7888
7889
7893
7894
7895
7897
7898
7899
7900
7902
7903
7904
7905
7906
7907
7911
7912
7913
7914
7915
7916
7917
7918
7922
7923
7924
7925
7926
7927
7938
7939
7940
7941
7944
7945
7946
7949
7950
7957
7958
7959
7960
7961
7962
7965
7966
7967
7968
7969
7970
7973
7974
7975
7976
7977
7978
7979
7985
7990
7991
7992
7999
8000
8001
8002
8003
8004
8005
8006
8007
8008
8009
8010
8019
8020
8028
8029
8030
8031
8032
8033
8035
8037
8038
8039
8040
8041
8052
8053
8054
8055
8056
8057
8065
8066
8067
8068
8069
8070
8071
8072
8073
8074
8075
8076
8077
8078
8079
8080
8081
8082
8083
8100
8101
8102
8103
8104
8105
8106
8107
8108
8109
8114
8115
8116
8117
8118
8119
8120
8121
8122
8123
8124
8125
8126
8127
8128
8131
8132
8154
8155
8156
8157
8158
8159
8160
8161
8162
8163
8164
8168
8169
8170
8171
8172
8176
8177
8178
8179
8180
8181
8182
8192
8193
8194
8195
8196
8197
8198
8200
8201
8202
8203
8204
8217
8219
8220
8222
8224
8225
8226
8229
8230
8231
8235
8236
8237
8238
8241
8242
8243
8246
8247
8248
8249
8250
8251
8252
8257
8258
8259
8260
8261
8262
8263
8264
8270
8271
8274
8275
8276
8280
8281
8284
8286
8288
8289
8292
8293
8294
8298
8299
8302
8303
8306
8307
8308
8309
8310
8311
8338
8339
8340
8341
8342
8343
8344
8376
8377
8378
8379
8380
8381
8382
8383
8384
8385
8386
8387
8388
8389
8390
8391
8392
8393
8423
8424
8425
8426
8427
8428
8429
8430
8431
8432
8433
8434
8435
8436
8437
8438
8466
8467
8468
8469
8470
8471
8472
8473
8474
8475
8476
8477
8478
8479
8480
8481
8482
8483
8484
8485
8486
8487
8506
8507
8508
8509
8510
8511
8512
8513
8514
8515
8516
8517
8518
8519
8520
8521
8522
8523
8524
8525
8526
8527
8528
8529
8530
8531
8532
8533
8534
8535
8536
8537
8538
8539
8540
8541
8542
8543
8544
8545
8546
8547
8548
8550
8551
8552
8553
8554
8555
8556
8557
8558
8819
8820
8821
8822
8823
8824
8825
8826
8827
8828
8829
8830
8831
8832
8833
8834
8835
8836
8837
8841
8842
8843
8844
8845
8846
8847
8848
8849
8858
8860
8861
8862
8863
8864
8874
8884
8890
8897
8900
8911
8919
8921
8932
8933
8934
8936
8937
8954
8960
8978
8979
8980
8999
9000
9002
9003
9020
9027
9035
9039
9040
9045
9061
9064
9075
9076
9077
9078
9079
9080
9111
9118
9137
9138
9139
9141
9142
9156
9157
9158
9161
9163
9171
9179
9180
9181
9202
9203
9204
9205
9206
9249
9250
9252
9259
9260
9261
9262
9263
9302
9304
9305
9307
9308
9309
9310
9315
9316
9317
9318
9319
9320
9342
9343
9355
9356
9371
9378
9379
9381
9433
9434
9436
9471
9485
9501
9502
9503
9504
9505
9513
9514
9515
9516
9550
9551
9552
9553
9554
9555
9556
9557
9558
9559
9560
9561
9562
9563
9564
9565
9566
9567
9568
9569
9610
9633
9660
9674
9675
9676
9691
9692
9694
9695
9696
9703
9711
9712
9713
9714
9715
9716
9718
9720
9721
9722
9723
9724
9725
9726
9727
9728
9750
9751
9752
9753
9763
9764
9765
9766
9768
9769
9770
9771
9772
9774
9775
9779
9780
9783
9785
9786
9787
9792
9793
9800
9801
9802
9803
9804
9805
9806
9807
9808
9809
9810
9811
9812
9814
9815
9816
9817
9818
9819
9820
9821
9822
9823
9824
9825
9826
9827
9860
9861
9862
9865
9866
9867
9869
9870
9871
9872
9873
9875
9876
9877
9879
9880
9881
9884
9885
9886
9887
9888
9889
9907
9908
9909
9911
9912
9913
9914
9915
9916
9917
9919
9920
9921
9927
9928
9930
9931
9932
9948
9949
9950
9951
9952
9953
9954
9955
9956
9957
9960
9962
9963
9964
9965
9966
9967
9968
9969
9970
9971
9972
9973
9974
9997
9998
9999
10000
10007
10024
10025
10026
10027
10028
10029
10030
10031
10032
10033
10034
10035
10036
10037
10038
10039
10040
10041
10042
10043
10044
10049
10050
10051
10052
10053
10055
10056
10057
10058
10059
10060
10061
10062
10064
10065
10066
10067
10068
10069
10070
10071
10072
10073
10074
10075
10076
10077
10078
10079
10080
10081
10176
10185
10186
10187
10197
10207
10208
10209
10210
10211
10212
10213
10214
10215
10217
10219
10220
10221
10222
10223
10224
10225
10226
10227
10228
10229
10230
10268
10299
10300
10301
10302
10303
10310
10312
10313
10314
10355
10356
10357
10358
10359
10360
10373
10375
10377
10378
10410
10412
10413
10457
10459
10460
10461
10462
10464
10465
10475
10477
10478
10479
10480
10481
10482
10499
10501
10502
10503
10504
10505
10506
10519
10520
10521
10525
10527
10528
10533
10534
10535
10536
10537
10538
10539
10540
10542
10543
10544
10545
10546
10547
10563
10564
10565
10566
10567
10568
10569
10570
10579
10645
10646
10647
10683
10684
10685
10686
10691
10692
10693
10694
10695
10696
10697
10698
10699
10701
10703
10704
10705
10706
10707
10708
10709
10710
10816
10817
10818
10819
10820
10832
10833
10834
10835
10836
10837
10838
10848
10849
10850
10851
10852
10869
10870
10871
10872
10873
10874
10875
10876
10877
10878
10879
10880
10881
10882
10883
10884
10885
10886
10888
10890
10891
10892
10893
10894
10895
10896
10897
10898
10899
10900
10901
10902
10903
10904
10905
10943
10945
10946
10949
10950
10952
10953
10955
10956
10957
10960
10961
10962
10963
10964
10968
10969
10970
10974
10976
10978
10979
10984
10985
10988
10989
10992
10993
10994
10995
10997
10998
10999
11000
11001
11002
11005
11008
11009
11010
11011
11012
11013
11014
11016
11017
11019
11020
11021
11022
11023
11024
11025
11026
11027
11028
11029
11030
11031
11032
11033
11034
11035
11036
11037
11038
11039
11040
11041
11071
11073
11113
11114
11154
11155
11194
11195
11211
11212
11220
11223
11232
11247
11259
11263
11271
11284
11286
11307
11331
11337
11338
11511
11549
11565
11566
11621
11660
11662
11708
11709
11710
11711
11712
11713
11714
11715
11716
11717
11726
11727
11728
11729
11730
11731
11737
11738
11739
11741
11743
11744
11745
11746
11747
11749
11750
11751
11752
11754
11755
11756
11757
11758
11759
11760
11762
11763
11765
11766
11767
11777
11782
11785
11788
11789
11790
11791
11792
11793
11794
11795
11796
11797
11798
11799
11800
11801
11802
11803
11804
11805
11806
11817
11818
11820
11821
11822
11823
11824
11835
11836
11837
11838
11839
11840
11842
11843
11844
11846
11847
11848
11849
11850
11851
11852
11853
11854
11856
11872
11873
11874
11875
11876
11877
11878
11879
11881
11882
11883
11884
11885
11886
11890
11891
11892
11893
11894
11896
11897
11898
11899
11900
11901
11902
11903
11905
11906
11908
11909
11911
11912
11913
11914
11915
11916
11919
11920
11921
11922
11925
11926
11927
11928
11929
11930
11932
11933
11942
11943
11944
11945
11946
11947
11948
11949
11951
11952
11953
11954
11955
11956
11957
11958
11959
11960
11961
11962
11963
11964
11965
11966
11967
11968
11994
11995
11996
11997
11998
12000
12002
12003
12004
12007
12009
12010
12011
12016
12017
12018
12019
12020
12021
12024
12025
12027
12028
12029
12030
12031
12039
12040
12041
12043
12044
12045
12046
12047
12050
12051
12056
12057
12060
12061
12062
12064
12065
12066
12070
12071
12074
12076
12083
12088
12093
12094
12095
12096
12097
12098
12099
12100
12101
12102
12106
12107
12108
12109
12110
12111
12112
12113
12114
12115
12116
12117
12118
12119
12120
12121
12122
12123
12124
12125
12126
12127
12128
12129
12130
12149
12150
12157
12159
12164
12168
12170
12174
12178
12179
12180
12181
12182
12183
12184
12185
12186
12187
12188
12189
12190
12191
12192
12193
12194
12200
12201
12202
12203
12204
12205
12206
12207
12208
12211
12212
12213
12214
12215
12216
12217
12218
12219
12220
12221
12222
12223
12224
12225
12226
12227
12228
12229
12230
12231
12232
12233
12234
12235
12236
12237
12238
12239
12240
12241
12276
12277
12279
12280
12289
12290
12291
12292
12293
12294
12306
12307
12308
12309
12316
12318
12319
12344
12345
12346
12347
12348
12349
12350
12351
12352
12353
12354
12355
12356
12357
12358
12359
12360
12361
12375
12376
12377
12378
12379
12380
12381
12382
12384
12385
12386
12389
12390
12391
12392
12393
12394
12395
12397
12398
12399
12400
12402
12403
12404
12411
12412
12414
12415
12417
12418
12419
12420
12421
12422
12425
12426
12427
12429
12431
12433
12435
12437
12439
12440
12441
12442
12445
12447
12448
12452
12453
12454
12455
12467
12468
12469
12470
12471
12472
12473
12474
12475
12476
12482
12483
12484
12485
12486
12516
12517
12518
12519
12520
12521
12522
12523
12524
12525
12526
12527
12528
12529
12530
12531
12532
12533
12534
12535
12536
12537
12538
12539
12540
12541
12561
12562
12563
12564
12565
12567
12569
12570
12571
12572
12574
12575
12576
12578
12579
12581
12582
12584
12585
12586
12587
12592
12593
12594
12596
12597
12598
12612
12613
12614
12615
12617
12618
12619
12621
12623
12633
12634
12635
12636
12637
12638
12639
12640
12643
12644
12646
12647
12648
12649
12653
12655
12656
12661
12663
12664
12665
12667
12668
12669
12670
12671
12672
12681
12683
12689
12691
12697
12698
12699
12701
12702
12703
12704
12705
12706
12707
12712
12717
12722
12723
12724
12725
12726
12727
12728
12729
12730
12731
12736
12737
12738
12739
12740
12741
12742
12743
12744
12750
12756
12760
12766
12770
12774
12782
12783
12784
12785
12786
12787
12788
12789
12790
12791
12792
12793
12794
12795
12796
12797
12798
12799
12800
12801
12802
12803
12804
12825
12830
12832
12838
12848
12849
12850
12851
12852
12853
12854
12855
12856
12857
12858
12859
12860
12861
12866
12875
12878
12879
12882
12883
12885
12886
12887
12888
12889
12890
12891
12900
12905
12907
12910
12915
12916
12920
12924
12926
12930
12935
12937
12940
12944
12945
12949
12953
12955
12968
12969
12970
12971
12972
12973
12974
12975
12976
12977
12978
12979
12980
12981
12982
12983
12984
12985
12986
12987
12988
12989
12990
12991
12992
12993
12994
12995
12996
12997
12998
12999
13000
13001
13002
13003
13004
13005
13006
13007
13008
13035
13037
13038
13041
13042
13043
13047
13048
13049
13050
13051
13052
13059
13060
13061
13062
13063
13064
13065
13067
13068
13071
13073
13074
13075
13076
13079
13080
13081
13085
13086
13087
13088
13089
13090
13091
13092
13101
13102
13103
13105
13106
13107
13109
13110
13111
13113
13114
13115
13117
13118
13119
13120
13124
13125
13126
13127
13128
13129
13130
13131
13132
13140
13141
13142
13143
13144
13145
13146
13147
13148
13149
13157
13158
13159
13160
13161
13162
13163
13164
13165
13166
13167
13168
13169
13170
13171
13172
13173
13185
13186
13187
13188
13189
13190
13191
13192
13193
13194
13195
13196
13197
13198
13199
13200
13201
13232
13233
13234
13235
13236
13237
13238
13244
13245
13246
13247
13279
13280
13281
13282
13283
13284
13285
13286
13287
13288
13289
13290
13291
13292
13293
13294
13295
13296
13297
13298
13299
13300
13301
13302
13320
13321
13322
13323
13328
13329
13330
13331
13332
13333
13334
13335
13344
13345
13346
13347
13348
13349
13350
13351
13352
13353
13354
13355
13356
13357
13358
13359
13360
13361
13362
13363
13364
13366
13367
13368
13381
13382
13396
13397
13418
13419
13420
13421
13422
13423
13424
13425
13426
13428
13430
13431
13432
13433
13434
13444
13445
13446
13447
13448
13449
13450
13451
13452
13453
13463
13464
13465
13466
13467
13468
13469
13470
13471
13472
13473
13474
13475
13476
13477
13478
13479
13480
13481
13482
13483
13484
13485
13486
13487
13519
13520
13521
13522
13523
13524
13525
13548
13549
13550
13551
13552
13553
13554
13555
13556
13557
13559
13560
13561
13567
13568
13570
13571
13579
13580
13581
13582
13583
13584
13587
13588
13589
13590
13591
13592
13593
13594
13595
13596
13598
13599
13634
13635
13636
13637
13638
13639
13640
13641
13642
13643
13644
13645
13646
13647
13648
13649
13650
13651
13658
13659
13660
13675
13676
13677
13678
13679
13680
13681
13682
13683
13684
13685
13686
13687
13688
13689
13690
13691
13692
13693
13694
13695
13717
13719
13721
13722
13725
13726
13727
13731
13732
13733
13734
13735
13741
13742
13745
13746
13747
13748
13749
13750
13751
13752
13753
13754
13755
13756
13757
13759
13760
13761
13762
13823
13824
13825
13826
13827
13828
13829
13830
13831
13832
13833
13834
13835
13836
13837
13838
13839
13840
13841
13842
13843
13844
13845
13846
13849
13850
13851
13853
13854
13855
13856
13870
13871
13872
13873
13874
13875
13876
13877
13880
13881
13882
13883
13888
13889
13890
13891
13892
13893
13894
13895
13896
13897
13898
13899
13900
13901
13902
13903
13904
13905
13906
13907
13908
13909
13910
13911
13912
13976
13977
13978
13979
13980
13981
13982
13983
13984
13985
13986
13987
13988
13989
13990
13991
13992
13993
13994
13995
13996
14006
14007
14008
14009
14010
14011
14012
14013
14014
14015
14016
14017
14018
14019
14020
14021
14022
14023
14024
14025
14089
14090
14091
14092
14093
14094
14095
14096
14097
14098
14099
14100
14101
14102
14103
14104
14105
14106
14107
14108
14109
14110
14111
14112
14113
14114
14115
14116
14117
14118
14119
14120
14121
14122
14123
14124
14125
14126
14127
14128
14129
14130
14151
14152
14153
14154
14155
14156
14163
14164
14165
14166
14167
14168
14169
14170
14171
14172
15293
15533
15534
15535
15546
15547
15548
15555
15560
15561
15571
15572
15573
15574
15584
15585
15586
15587
15599
15600
15601
15602
15604
15616
15617
15618
15619
15620
15621
15622
15623
15624
15625
15626
15627
15628
15629
15630
15641
15642
15643
15644
15645
15646
15647
15648
15649
15650
15651
15652
15663
15664
15665
15666
15667
15668
15669
15670
15671
15672
15674
15685
15686
15687
15688
15689
15690
15691
15692
15693
15705
15707
15708
16091
16101
16102
16106
16107
16108
16109
16111
16112
16113
16114
16115
16116
16117
16119
16120
16121
16123
16127
16129
16130
16135
16137
16138
16140
16143
16144
16146
16147
16148
16156
16158
16159
16160
16162
16165
16166
16167
16173
16186
16187
16191
16192
16193
16199
16200
16201
16202
16203
16204
16206
16207
16208
16210
16211
16212
16214
16215
16217
16218
16219
16233
16239
16240
16241
16242
16250
16251
16252
16253
16254
16255
16258
16261
16263
16264
16265
16270
16272
16273
16275
16282
16284
16285
16286
16291
16292
16293
16294
16296
16297
16298
16301
16302
16317
16319
16320
16321
16325
16327
16340
16346
16349
16363
16367
16368
16369
16370
16371
16372
16373
16374
16380
16381
16382
16383
16384
16385
16386
16392
16394
16398
16401
16402
16403
16404
16405
16406
16407
16408
16409
16410
16411
16412
16427
16428
16433
16435
16443
16444
16445
16447
16448
16454
16455
16467
16468
16470
16471
16472
16480
16481
16482
16483
16484
16488
16490
16503
16504
16505
16506
16507
16512
16513
16514
16518
16519
16520
16535
16537
16541
16542
16553
16555
16556
16557
16558
16564
16583
16584
16585
16586
16589
16593
16594
16595
16598
16606
16607
16608
16609
16610
16611
16612
16652
16669
16675
16676
16681
16682
16687
16698
16699
16702
16703
16704
16719
16730
16733
16734
16749
16763
16765
16768
16773
16774
16775
16779
16788
16789
16807
16832
16833
16834
16835
16836
16837
16839
16841
16842
16843
16844
16853
16857
16858
16867
16885
16926
16927
16928
16929
16930
16931
16932
16934
16935
16940
16947
16948
16949
16951
16955
16956
16959
16962
16978
17001
17002
17015
17016
17017
17019
17021
17034
17038
17043
17044
17045
17060
17064
17068
17075
17079
17080
17081
17082
17083
17131
17139
17173
17177
17179
17183
17186
17187
17194
17209
17210
17211
17212
17213
17214
17215
17216
17217
17218
17219
17275
17276
17277
17278
17279
17281
17287
17306
17312
17315
17316
17337
17338
17339
17351
17352
17390
17391
17392
17393
17394
17411
17413
17414
17477
17478
17479
17480
17481
17483
17524
17560
17562
17575
17576
17577
17578
17579
17580
17581
17582
17583
17589
17593
17649
17650
17676
17815
17844
17845
17847
17897
17930
17933
19272
19273
19274
19287
19288
19289
19290
19291
19292
19293
19294
19295
19296
19297
19308
19309
19310
19311
19312
19313
19314
19315
19316
19317
19318
19319
19320
19321
19322
19323
19324
19325
19326
19327
19328
19329
19330
19331
19332
19333
19334
19335
19336
19337
19338
19339
19340
19341
19342
19343
19344
19345
19346
19347
19348
19352
19353
19354
19362
19363
19364
19365
19366
19367
19368
19369
19378
19379
19380
19381
19382
19383
19384
19385
19386
19395
19396
19397
19398
19399
19400
19401
19402
19403
19404
19412
19413
19414
19415
19416
19417
19418
19419
19420
19424
19425
19426
19427
19428
19429
19430
19431
19432
19436
19437
19438
19442
19443
19444
19448
19449
19450
19454
19455
19456
19458
19459
19461
19464
19465
19468
19469
19470
19471
19473
19475
19477
19479
19480
19482
19483
19487
19489
19491
19492
19493
19494
19495
19499
19500
19501
19502
19503
19506
19507
19510
19511
19513
19515
19519
19520
19521
19526
19527
19528
19529
19533
19534
19535
19537
19538
19539
19540
19541
19542
19543
19544
19545
19546
19547
19548
19549
19550
19551
19552
19553
19554
19555
19556
19557
19558
19559
19560
19561
19562
19563
19564
19565
19566
19567
19568
19569
19570
19571
19575
19576
19577
19578
19579
19580
19581
19617
19618
19619
19620
19621
19624
19625
19626
19628
19629
19632
19636
19639
19640
19641
19642
19643
19644
19645
19646
19647
19652
19653
19654
19655
19658
19659
19663
19664
19665
19669
19670
19671
19672
19674
19677
19678
19681
19682
19684
19685
19686
19688
19689
19690
19692
19693
19698
19699
19700
19701
19703
19706
19710
19711
19712
19713
19714
19715
19717
19719
19721
19722
19723
19725
19726
19730
19731
19732
19735
19736
19740
19741
19742
19744
19748
19749
19750
19752
19757
19758
19759
19760
19762
19763
19764
19765
19766
19767
19768
19769
19770
19771
19772
19773
19774
19775
19776
19788
19789
19790
19791
19792
19793
19794
19795
19796
19797
19798
19799
19811
19812
19813
19814
19815
19816
19817
19818
19819
19820
19821
19822
19834
19835
19836
19837
19838
19839
19840
19841
19842
19843
19844
19845
19857
19858
19859
19860
19861
19862
19863
19866
19868
19870
19873
19874
19877
19878
19879
19880
19883
19884
19887
19888
19889
19890
19891
19893
19894
19897
19898
19899
19904
19905
19906
19907
19908
19911
19912
19914
19916
19918
19919
19920
19924
19925
19926
19927
19928
19932
19933
19934
19938
19939
19940
19941
19944
19946
19947
19948
19949
19950
19958
19959
19960
19964
19965
19966
19971
19972
19973
19974
19977
19978
19979
19980
19982
19983
19985
19987
19988
19990
19992
19993
19995
19998
19999
20004
20005
20006
20007
20008
20009
20010
20012
20013
20014
20015
20017
20018
20019
20023
20024
20025
20027
20029
20030
20032
20037
20038
20039
20040
20044
20046
20047
20048
20049
20050
20052
20055
20056
20057
20062
20064
20067
20068
20069
20070
20071
20072
20073
20078
20080
20083
20085
20086
20087
20088
20089
20090
20091
20092
20093
20096
20097
20101
20102
20103
20109
20110
20111
20112
20113
20118
20119
20120
20121
20130
20131
20132
20133
20134
20135
20136
20137
20151
20152
20153
20154
20155
20156
20157
20158
20159
20160
20161
20162
20163
20164
20165
20166
20168
20169
20170
20171
20172
20174
20175
20176
20177
20178
20180
20181
20182
20183
20184
20185
20186
20187
20188
20190
20191
20192
20194
20195
20196
20197
20198
20199
20206
20207
20208
20209
20210
20211
20223
20224
20225
20226
20227
20228
20229
20230
20231
20232
20233
20255
20256
20257
20258
20259
20260
20261
20262
20263
20264
20265
20266
20267
20268
20269
20270
20271
20272
20273
20274
20275
20277
20278
20279
20281
20282
20284
20285
20286
20288
20289
20290
20295
20297
20298
20299
20300
20301
20302
20304
20305
20306
20308
20309
20310
20315
20316
20317
20318
20319
20321
20322
20323
20325
20326
20331
20332
20333
20334
20336
20341
20343
20344
20345
20346
20347
20348
20349
20351
20352
20354
20355
20356
20358
20359
20360
20362
20363
20364
20369
20370
20371
20372
20374
20375
20376
20377
20379
20380
20382
20385
20389
20390
20391
20392
20393
20394
20396
20400
20405
20411
20412
20413
20414
20415
20416
20417
20418
20419
20420
20421
20422
20423
20425
20428
20433
20438
20442
20446
20447
20448
20449
20450
20451
20452
20453
20454
20455
20456
20457
20458
20459
20460
20461
20462
20465
20470
20474
20475
20478
20479
20480
20481
20482
20483
20484
20485
20486
20487
20488
20491
20495
20499
20502
20505
20509
20513
20515
20516
20517
20518
20519
20520
20521
20522
20523
20524
20525
20526
20527
20528
20529
20530
20531
20532
20533
20534
20537
20541
20545
20547
20552
20555
20556
20561
20564
20565
20569
20572
20573
20574
20575
20576
20577
20578
20579
20580
20581
20582
20583
20584
20585
20586
20587
20588
20589
20590
20591
20592
20593
20594
20595
20596
20597
20598
20599
20606
20607
20608
20609
20610
20611
20623
20624
20625
20626
20627
20628
20629
20630
20631
20632
20633
20652
20653
20654
20655
20656
20657
20658
20659
20660
20661
20662
20663
20664
20665
20666
20667
20668
20669
20675
20676
20677
20678
20679
20681
20683
20689
20690
20691
20692
20693
20699
20700
20701
20702
20703
20715
20716
20717
20718
20719
20720
20721
20722
20723
20724
20725
20729
20730
20731
20733
20736
20737
20742
20743
20744
20745
20754
20755
20756
20757
20758
20759
20760
20761
20771
20772
20773
20774
20775
20776
20777
20778
20779
20784
20785
20786
20787
20800
20801
20802
20803
20804
20805
20806
20807
20808
20809
20810
20811
20821
20822
20823
20824
20825
20826
20827
20828
20829
20847
20848
20849
20850
20851
20852
20853
20854
20855
20856
20857
20858
20859
20860
20861
20862
20863
20882
20883
20884
20885
20886
20887
20888
20889
20890
20891
20892
20893
20894
20895
20896
20897
20898
20899
20911
20912
20913
20914
20915
20916
20917
20918
20919
20920
20921
20943
20944
20945
20946
20947
20948
20949
20950
20951
20952
20953
20954
20955
20956
20957
20958
20959
20960
20961
20962
20963
20989
20990
20991
20992
20993
20994
20995
20996
20997
20998
20999
21000
21001
21002
21003
21004
21005
21006
21007
21008
21009
21010
21011
21012
21013
21014
21017
21018
21020
21022
21024
21025
21026
21028
21029
21032
21033
21035
21036
21037
21038
21039
21044
21046
21048
21050
21052
21053
21054
21060
21061
21062
21063
21064
21072
21073
21074
21077
21078
21082
21083
21084
21085
21087
21089
21090
21091
21093
21094
21095
21096
21099
21100
21101
21102
21107
21109
21110
21113
21114
21116
21117
21118
21120
21121
21122
21123
21124
21129
21130
21132
21133
21134
21136
21141
21142
21143
21144
21145
21150
21151
21152
21155
21156
21157
21158
21162
21163
21165
21166
21167
21168
21169
21170
21171
21172
21173
21174
21175
21176
21177
21193
21194
21195
21196
21197
21198
21199
21200
21201
21203
21204
21205
21206
21207
21221
21222
21223
21224
21229
21230
21233
21234
21235
21236
21237
21238
21247
21250
21251
21253
21255
21256
21257
21258
21259
21266
21267
21269
21270
21271
21272
21273
21279
21284
21285
21286
21287
21288
21289
21293
21294
21295
21299
21300
21301
21302
21303
21304
21305
21306
21307
21308
21319
21320
21321
21325
21327
21328
21329
21330
21331
21332
21333
21334
21335
21336
21347
21348
21351
21352
21353
21354
21355
21356
21357
23489
23490
23491
23492
23493
23494
23495
23496
23497
23498
23499
23500
23501
23502
23503
23504
23505
23506
23507
23508
23509
23510
23511
23512
23513
23514
23515
23516
23517
23518
23519
23523
23524
23525
23526
23527
23528
23529
23530
23531
23532
23533
23534
23557
23558
23559
23560
23561
23562
23563
23564
23565
23566
23567
23568
23569
23570
23571
23572
23573
23574
23575
23611
23612
23613
23614
23615
23616
23617
23618
23619
23620
23621
23622
23623
23624
23625
23626
23666
23667
23668
23669
23670
23671
23672
23673
23674
23675
23676
23677
23678
23719
23720
23721
23722
23723
23724
23725
23726
23727
23728
23729
23730
23731
23742
23743
23744
23745
23746
23747
23748
23778
23779
23780
23781
23782
23785
23786
23787
23788
23789
23790
23791
23796
23797
23798
23799
23800
23801
23802
23803
23804
23805
23806
23807
23808
23809
23810
23811
23812
23813
23814
23815
23816
23817
23818
23819
23823
23827
23831
23833
23840
23843
23844
23849
23850
23851
23853
23854
23855
23856
23863
23864
23865
23866
23868
23871
23874
23875
23876
23879
23880
23881
23882
23883
23887
23888
23889
23890
23897
23898
23899
23900
23906
23907
23909
23911
24280
24281
24282
24299
24300
24301
24302
24303
24304
24305
24306
24307
24308
24309
24313
24323
24324
24325
24326
24327
24328
24329
24330
24331
24332
24333
24334
24335
24336
24337
24338
24339
24340
24341
24342
24343
24344
24345
24346
24347
24348
24349
24350
24351
24352
24353
24354
24355
24356
24357
24358
24359
24360
24361
24362
24363
24364
24365
24366
24367
24368
24369
24370
24371
24372
24373
24374
24375
24376
24377
24378
24379
24380
24381
24382
24383
24384
24385
24386
24387
24388
24389
24390
24391
24392
24393
24394
24395
24396
24397
24398
24399
24400
24401
24402
24403
24404
24405
24406
24407
24408
24409
24410
24411
24412
24413
24414
24415
24416
24417
24418
24419
24420
24421
24422
24423
24424
24425
24426
24427
24428
24429
24430
24431
24432
24433
24434
24435
24436
24437
24438
24439
24440
24441
24442
24443
24444
24445
24446
24447
24448
24449
24451
24452
24453
24454
24455
24456
24457
24458
24459
24460
24461
24462
24463
24464
24465
24466
24467
24468
24469
24470
24471
24472
24473
24474
24476
24477
24478
24479
24480
24481
24482
24483
24484
24485
24486
24487
24489
24490
24492
24493
24494
24497
24498
24499
24500
24501
24502
24504
24505
24506
24507
24509
24510
24511
24512
24513
24514
24515
24516
24517
24521
24522
24523
24524
24526
24527
24528
24530
24531
24532
24533
24534
24535
24536
24537
24538
24539
24540
24541
24542
24543
24544
24545
24546
24547
24548
24549
24550
24551
24552
24553
24555
24556
24557
24558
24559
24560
24561
24562
24563
24564
24565
24566
24567
24568
24569
24570
24571
24572
24573
24574
24575
24576
24577
24578
24579
24580
24581
24582
24583
24586
24587
24591
24592
24593
24594
24595
24596
24597
24598
24599
24600
24601
24602
24603
24606
24607
24608
24609
24610
24611
24612
24613
24614
24615
24616
24617
24618
24619
24620
24624
24625
24626
24627
24628
24629
24630
24631
24632
24633
24634
24635
24636
24637
24638
24639
24640
24644
24645
24648
24649
24652
24653
24654
24655
24656
24657
24662
24663
24664
24667
24668
24669
24670
24673
24674
24675
24676
24677
24678
24679
24680
24681
24683
24684
24685
24686
24687
24689
24690
24693
24694
24695
24696
24697
24698
24699
24701
24702
24703
24704
24705
24707
24710
24711
24713
24714
24716
24718
24719
24720
24721
24726
24727
24728
24729
24730
24731
24732
24734
24735
24736
24737
24738
24744
24745
24746
24747
24748
24749
24754
24755
24756
24757
24764
24765
24766
24767
24768
24769
24770
24771
24772
24773
24774
24775
24776
24781
24782
24783
24784
24785
24786
24787
24788
24789
24790
24791
24795
24796
24797
24799
24800
24801
24802
24804
24806
24810
24811
24812
24813
24814
24815
24816
24817
24818
24819
24820
24821
24822
24823
24824
24825
24826
24827
24828
24829
24830
24831
24832
24833
24834
24835
24836
24837
24838
24839
24840
24841
24842
24843
24844
24845
24848
24849
24850
24853
24858
24859
24860
24861
24865
24866
24867
24868
24869
24870
24871
24872
24878
24881
24882
24883
24884
24885
24886
24887
24888
24897
24898
24899
24900
24901
24902
24903
24904
24905
24906
24907
24908
24909
24910
24911
24912
24913
24914
24915
24916
24917
24921
24922
24923
24928
24929
24930
24934
24935
24936
24938
24939
24940
24941
24942
24943
24944
24945
24946
24947
24948
24949
24953
24954
24955
24956
24957
24958
24959
24960
24961
24967
24968
24969
24970
24971
24972
24973
24974
24975
24976
24977
24978
24979
24980
24981
24982
24983
24984
24985
24989
24991
24997
25007
25008
25009
25013
25014
25015
25030
25031
25035
25036
25037
25039
25042
25044
25045
25046
25049
25051
25055
25060
25064
25073
25074
25075
25076
25090
25091
25092
25093
25099
25100
25101
25102
25117
25123
25124
25125
25126
25131
25133
25134
25136
25142
25147
25149
25150
25158
25160
25161
25163
25164
25167
25168
25169
25170
25180
25185
25186
25187
25188
25189
25193
25194
25195
25210
25214
25215
25216
25238
25242
25245
25247
25248
25249
25250
25251
25252
25253
25254
25257
25262
25263
25265
25266
25267
25268
25269
25270
25271
25301
25302
25303
25304
25305
25308
25312
25313
25314
25315
25316
25317
25318
25319
25320
25321
25322
25323
25324
25325
25326
25327
25328
25329
25330
25331
25332
25335
25336
25337
25338
25343
25344
25345
25346
25347
25348
25349
25350
25351
25352
25353
25354
25367
25368
25369
25370
25375
25376
25377
25378
25397
25398
25403
25404
25405
25406
25407
25408
25410
25412
25413
25414
25415
25416
25417
25418
25419
25420
25426
25428
25429
25430
25431
25432
25433
25434
25435
25436
25437
25438
25439
25440
25441
25442
25443
25444
25445
25446
25447
25448
25449
25450
25451
25452
25453
25454
25455
25456
25457
25458
25459
25460
25461
25462
25463
25464
25465
25466
25467
25468
25469
25470
25471
25472
25473
25479
25487
25488
25491
25492
25495
25496
25497
25505
25506
25507
25517
25518
25519
25520
25521
25522
25523
25524
25528
25529
25530
25531
25532
25533
25534
25535
25536
25537
25538
25539
25540
25541
25542
25543
25544
25545
25549
25550
25551
25566
25567
25571
25573
25579
25584
25585
25586
25588
25589
25590
25591
25612
25613
25614
25620
25621
25639
25640
25643
25644
25645
25646
25647
25648
25649
25650
25655
25656
25657
25658
25659
25660
25661
25662
25663
25664
25665
25666
25667
25668
25669
25670
25671
25672
25673
25674
25675
25676
25677
25678
25679
25680
25681
25682
25683
25684
25685
25686
25687
25688
25689
25720
25721
25722
25723
25724
25725
25726
25727
25728
25729
25730
25731
25732
25733
25734
25735
25750
25751
25752
25753
25754
25755
25756
25757
25758
25759
25760
25761
25762
25763
25764
25765
25766
25767
25779
25780
25781
25782
25783
25784
25785
25786
25787
25788
25789
25790
25791
25792
25793
25794
25795
25796
25797
25798
25799
25800
25801
25802
25803
25804
25833
25834
25835
25836
25837
25838
25839
25840
25847
25848
25849
25850
25851
25852
25878
25883
25884
25885
25886
25887
25888
25891
25892
25893
25894
25899
25901
25902
25903
25904
25905
25906
25908
25909
25910
25921
25922
25923
25924
25925
25926
25927
25928
25929
25930
25937
25938
25939
25940
25941
25942
25943
25953
25954
25955
25956
25958
25959
25960
25961
25962
25963
25964
25965
25966
25967
25974
25976
25977
25978
25979
25980
25982
25983
25984
25986
25987
25991
25992
25993
25994
25997
25998
25999
26001
26004
26005
26006
26007
26008
26009
26010
26016
26018
26020
26022
26023
26024
26027
26028
26029
26031
26033
26034
26035
26036
26037
26038
26039
26042
26044
26045
26046
26047
26048
26050
26051
26056
26057
26058
26059
26060
26061
26062
26063
26064
26065
26066
26067
26068
26069
26070
26071
26076
26077
26078
26079
26081
26084
26085
26086
26087
26088
26089
26090
26091
26092
26093
26094
26095
26096
26097
26098
26101
26102
26103
26104
26105
26108
26109
26110
26111
26112
26113
26120
26121
26122
26123
26124
26125
26126
26127
26128
26129
26130
26131
26132
26134
26135
26136
26137
26140
26141
26142
26143
26144
26145
26146
26147
26148
26149
26153
26154
26160
26161
26162
26163
26164
26167
26168
26169
26170
26171
26172
26173
26174
26175
26176
26177
26178
26179
26180
26181
26182
26183
26184
26185
26186
26187
26188
26199
26214
26215
26218
26219
26220
26221
26222
26223
26224
26225
26226
26227
26228
26229
26234
26235
26236
26237
26242
26243
26250
26251
26252
26253
26255
26256
26259
26266
26267
26268
26269
26270
26271
26272
26273
26274
26277
26278
26279
26280
26281
26282
26283
26284
26285
26286
26287
26288
26289
26290
26291
26292
26297
26298
26299
26300
26301
26303
26304
26305
26306
26308
26309
26312
26313
26314
26315
26316
26317
26318
26319
26320
26321
26322
26323
26324
26325
26326
26327
26328
26329
26331
26332
26333
26336
26337
26338
26339
26340
26341
26342
26343
26344
26345
26346
26348
26349
26350
26351
26352
26369
26370
26371
26372
26373
26374
26375
26376
26377
26378
26379
26381
26382
26383
26384
26385
26386
26387
26388
26389
26390
26391
26392
26393
26402
26405
26406
26407
26408
26409
26410
26411
26412
26413
26414
26415
26416
26417
26418
26419
26420
26421
26422
26423
26424
26425
26426
26427
26428
26429
26430
26432
26451
26452
26453
26454
26455
26456
26457
26458
26461
26462
26464
26465
26466
26467
26468
26469
26470
26471
26472
26473
26474
26475
26476
26477
26478
26479
26480
26481
26482
26483
26484
26485
26486
26487
26488
26489
26492
26493
26494
26495
26496
26497
26498
26499
26502
26511
26512
26513
26514
26515
26516
26517
26518
26519
26520
26521
26522
26523
26524
26534
26535
26536
26537
26538
26539
26562
26563
26564
26565
26566
26567
26568
26569
26570
26571
26572
26573
26574
26575
26576
26577
26579
26580
26581
26582
26583
26584
26586
26587
26588
26590
26592
26593
26597
26599
26600
26601
26605
26607
26608
26611
26616
26624
26625
26626
26627
26628
26635
26636
26641
26648
26650
26651
26657
26665
26666
26668
26670
26672
26673
26674
26675
26681
26684
26685
26686
26688
26689
26694
26697
26700
26701
26702
26703
26706
26710
26711
26712
26713
26714
26715
26716
26717
26718
26719
26720
26721
26722
26723
26724
26725
26726
26727
26738
26739
26740
26741
26742
26743
26776
26777
26778
26779
26780
26781
26782
26783
26784
26785
26786
26787
26788
26789
26790
26791
26792
26793
26794
26795
26796
26797
26798
26799
26800
26801
26802
26803
26804
26805
26806
26807
26808
26813
26822
26826
26830
26835
26838
26839
26840
26841
26842
26850
26860
26871
26874
26883
26885
26886
26887
26888
26892
26900
26901
26902
26904
26910
26914
26915
26916
26917
26920
26927
26928
26929
26930
26931
26932
26933
26934
26935
26936
26937
26938
26939
26941
26942
26943
26944
26945
26946
26947
26956
26960
26961
26962
26963
26971
26974
26979
26985
26990
26996
27000
27005
27006
27007
27008
27009
27010
27011
27012
27013
27014
27015
27016
27017
27018
27019
27020
27021
27022
27023
27024
27025
27026
27027
27028
27029
27030
27031
27032
27033
27034
27035
27036
27037
27040
27041
27042
27043
27044
27045
27046
27047
27048
27049
27050
27051
27052
27053
27054
27055
27056
27057
27058
27060
27061
27062
27064
27065
27066
27068
27069
27110
27111
27112
27113
27114
27115
27116
27117
27118
27119
27120
27121
27122
27123
27124
27125
27126
27127
27128
27198
27199
27200
27201
27202
27203
27204
27205
27206
27207
27208
27209
27210
27211
27212
27213
27214
27215
27216
27217
27218
27219
27220
27221
27222
27223
27224
27225
27226
27227
27228
27229
27230
27231
27232
27233
27234
27237
27238
27239
27240
27241
27242
27243
27244
27245
27246
27247
27248
27249
27250
27251
27253
27254
27255
27259
27271
27272
27273
27274
27275
27284
27292
27293
27304
27305
27306
27307
27311
27316
27328
27329
27330
27359
27360
27361
27362
27363
27364
27365
27366
27367
27368
27369
27370
27371
27372
27373
27374
27375
27376
27377
27378
27379
27380
27381
27384
27385
27386
27387
27388
27389
27390
27391
27392
27393
27394
27403
27404
27405
27406
27407
27408
27409
27440
27441
27442
27443
27444
27445
27446
27447
27448
27449
27450
27451
27452
27453
27454
27455
27456
27457
27458
27459
27460
27461
27463
27464
27465
27466
27467
27468
27469
27470
27471
27472
27473
27488
27489
27490
27491
27492
27493
27494
27495
27496
27497
27498
27499
27500
27501
27502
27503
27504
27505
27506
27507
27508
27509
27510
27511
27512
27513
27514
27515
27516
27517
27518
27533
27534
27535
27536
27537
27538
27544
27545
27546
27547
27548
27549
27550
27551
27560
27561
27562
27563
27569
27570
27571
27572
27573
27574
27575
27586
27611
27612
27613
27614
27615
27616
27617
27618
27619
27621
27622
27623
27624
27625
27626
27627
27628
27629
27630
27631
27632
27633
27634
27635
27636
27637
27638
27639
27640
27641
27642
27643
27647
27648
27649
27650
27651
27652
27653
27654
27655
27656
27657
27658
27659
27660
27661
27667
27668
27669
27670
27671
27672
27673
27674
27675
27676
27677
27678
27679
27680
27681
27682
27683
27684
27685
27686
27687
27688
27689
27690
27691
27692
27693
27694
27695
27696
27697
27698
27699
27700
27701
27702
27703
27704
27705
27706
27707
27708
27709
27710
27715
27716
27717
27725
27726
27727
27728
27729
27730
27731
27732
27733
27734
27735
27736
27737
27738
27771
27772
27773
27802
27803
27804
27805
27806
27807
27808
27809
27810
27811
27812
27813
27814
27815
27816
27817
27818
27819
27820
27821
27822
27823
27824
27825
27826
27827
27828
27829
27830
27831
27832
27833
27834
27835
27836
27837
27838
27839
27840
27841
27842
27843
27844
27845
27846
27847
27848
27853
27864
27865
27866
27867
27870
27871
27872
27873
27874
27875
27876
27877
27878
27879
27880
27881
27887
27888
27889
27890
27891
27892
27893
27894
27895
27921
27922
27923
27924
27925
27926
27927
27928
27929
27930
27931
27932
27933
27934
27935
27936
27937
27938
27939
27940
27941
27942
27943
27944
27945
27946
27947
27948
27949
27950
27951
27952
27953
27954
27955
27956
27957
27958
27959
27960
27961
27962
27963
27964
27974
27975
27976
27977
27978
27979
27980
27981
27982
27983
27984
27985
27986
27987
27988
27989
27990
27991
27992
27993
27994
27995
27996
27997
27998
27999
28000
28001
28002
28003
28004
28005
28006
28007
28008
28009
28010
28011
28012
28013
28014
28015
28016
28017
28018
28019
28020
28021
28022
28023
28024
28025
28026
28063
28064
28065
28066
28067
28068
28069
28070
28071
28072
28073
28074
28075
28076
28077
28078
28079
28080
28081
28082
28083
28084
28085
28154
28155
28156
28157
28158
28159
28160
28161
28162
28163
28164
28165
28166
28167
28168
28169
28170
28171
28172
28173
28174
28175
28176
28177
28178
28179
28180
28181
28182
28183
28184
28185
28186
28187
28188
28189
28190
28191
28192
28193
28194
28195
28196
28197
28198
28199
28200
28201
28202
28203
28204
28205
28206
28207
28208
28209
28210
28211
28212
28213
28214
28215
28216
28217
28218
28219
28220
28221
28241
28242
28243
28244
28245
28246
28247
28248
28253
28254
28256
28259
28260
28261
28262
28263
28264
28265
28266
28267
28268
28272
28273
28282
28283
28284
28285
28286
28287
28288
28289
28290
28292
28295
28301
28305
28314
28315
28317
28319
28320
28321
28323
28324
28327
28328
28329
28330
28332
28333
28334
28335
28336
28337
28338
28339
28340
28342
28343
28344
28345
28346
28347
28348
28349
28350
28351
28352
28353
28354
28355
28356
28357
28358
28359
28365
28366
28367
28374
28375
28376
28377
28378
28379
28380
28381
28384
28385
28389
28390
28391
28392
28393
28394
28395
28396
28397
28398
28399
28400
28401
28402
28403
28404
28405
28406
28407
28408
28409
28410
28411
28412
28413
28414
28415
28416
28417
28418
28419
28420
28421
28422
28423
28425
28426
28433
28434
28435
28444
28445
28446
28447
28448
28450
28451
28452
28453
28455
28456
28457
28466
28467
28468
28469
28470
28471
28472
28473
28474
28475
28476
28477
28478
28479
28480
28481
28482
28483
28484
28485
28486
28487
28488
28489
28490
28491
28492
28493
28494
28495
28496
28497
28498
28507
28508
28509
28510
28533
28534
28535
28536
28537
28538
28539
28540
28541
28542
28543
28544
28545
28546
28547
28548
28549
28550
28551
28552
28553
28554
28555
41476
41477
41478
41479
41480
41481
41482
41483
41484
41485
41486
41487
41488
41489
41490
41491
41492
41493
41494
41495
41496
41497
41498
41499
41500
41501
41502
41503
41504
41505
41506
41507
41508
41509
41510
41511
41512
41513
41514
41515
41516
41517
41518
41519
41520
41521
41522
41523
41524
41525
41526
41527
41528
41529
41530
41531
41532
41533
41534
41535
41536
41537
41538
41539
41540
41541
41542
41543
41544
41545
41546
41547
41548
41549
41550
41551
41552
41553
41554
41555
41556
41557
41558
41559
41560
41561
41562
41563
41564
41565
41566
41567
41568
41588
41589
41590
41591
41592
41593
41600
41601
41602
41603
41604
41605
41606
41607
41608
41609
41610
41611
41612
41613
41614
41615
41616
41617
41618
41619
41620
41621
41622
41623
41624
41629
42499
42500
42501
42502
42503
42504
42505
42506
42507
42508
42509
42510
42518
42519
42520
42521
42522
42523
42528
42529
42530
42570
42571
42572
42573
42574
42575
42576
42577
42578
42579
42580
42581
42582
42583
42584
42585
42586
42587
42588
42589
42590
42591
42592
42593
42594
42595
42596
42597
42598
42599
42600
42601
42602
42603
42604
42629
42630
42631
42632
42633
42634
42635
42636
42637
42638
42639
42640
42641
42642
42643
42644
42672
42673
42674
42675
42676
42677
42678
42679
42680
42681
42682
42708
42709
42710
42711
42712
42713
42714
42715
42716
42717
42718
42719
42720
42721
42722
42744
42745
42746
42747
42748
42749
42750
42751
42752
42753
42754
42755
42756
42757
42773
42774
42775
42776
42777
42778
42779
42780
42781
42792
42793
42794
42795
42796
42797
42834
42835
42836
42837
42838
42839
42840
42841
42842
42843
42844
42845
42846
42847
42848
42849
42850
42851
42852
42853
42854
42855
42856
42857
42858
42859
42860
42861
42862
42863
42864
42865
42866
42867
42868
42869
42870
42871
42872
42873
42874
42875
42876
42877
42878
42879
42880
42881
42882
42883
42884
42885
42886
42887
42888
42889
42890
42891
42892
42893
42894
42895
42896
42897
42898
42899
42900
42901
42902
42903
42904
42905
42906
42907
42908
42909
42910
42911
42912
42913
42922
42923
42924
42927
42928
42930
42932
42934
42935
42936
42937
42938
42940
42941
42942
42948
42951
42952
42953
42954
42955
42956
42957
42958
42959
42961
42963
42966
42968
42971
42972
42973
42974
42978
42979
42980
42981
42983
42984
42985
42986
42991
42992
42993
42994
42995
42996
42997
42998
42999
43001
43003
43005
43006
43007
43010
43011
43012
43013
43014
43015
43016
43023
43030
43032
43035
43039
43041
43042
43043
43044
43045
43050
43051
43052
43053
43054
43055
43059
43060
43068
43069
43070
43071
43072
43073
43076
43077
43078
43079
43082
43091
43092
43093
43094
43100
43101
43103
43104
43105
43117
43118
43119
43120
43121
43122
43123
43124
43125
43131
43132
43133
43134
43135
43136
43137
43138
43139
43140
43141
43142
43143
43144
43145
43148
43155
43156
43166
43167
43176
43181
43189
43196
43205
43212
43220
43221
43242
43243
43244
43245
43246
43267
43268
43269
43270
43271
43272
43273
43274
43275
43276
43280
43281
43282
43283
43284
43285
43286
43287
43295
43296
43297
43308
43309
43318
43319
43328
43337
43342
43343
43344
43345
43346
43347
43348
43349
43350
43351
43352
43353
43354
43356
43357
43358
43359
43360
43361
43362
43363
43364
43365
43366
43367
43368
43370
43371
43373
43374
43375
43376
43377
43378
43379
43380
43381
43382
43383
43384
43393
43394
43402
43403
43404
43407
43408
43409
43410
43411
43412
43413
43414
43415
43416
43417
43418
43419
43420
43429
43430
43431
43432
43433
43434
43435
43436
43437
43438
43451
43452
43453
43454
43455
43456
43457
43458
43459
43460
43461
43462
43463
43464
43465
43466
43467
43468
43469
43470
43471
43486
43487
43488
43489
43507
43508
43509
43510
43516
43517
43518
43519
43523
43524
43525
43526
43527
43528
43529
43530
43538
43539
43540
43541
44312
44313
44314
44315
44316
44317
44318
44319
44320
44321
44322
44323
44324
44325
44326
44327
44328
44329
44330
44331
44332
44333
44334
44335
44336
44337
44338
44339
44340
44341
44342
44343
44344
44345
44346
44347
44348
44349
44350
44351
44352
44353
44354
44355
44356
44357
44358
44359
44360
44361
44362
44363
44364
44365
44366
44367
44368
44369
44370
44371
44372
44373
44374
44375
44376
44377
44378
44379
44380
44386
44387
44388
44389
44390
44391
44392
44393
44394
44395
44396
44397
44398
44399
44400
44401
44402
44403
44404
44405
44406
44407
44408
44409
44410
44411
44412
44413
44414
44415
44416
44417
44418
44419
44420
44421
44432
44433
44434
44435
44436
44437
44438
44439
44440
44441
44442
44443
44444
44445
44446
44447
44448
44449
44450
44451
44452
44453
44454
44455
44456
44457
44458
44459
44460
44461
44462
44463
44477
44478
44479
44480
44481
44482
44483
44484
44485
44486
44487
44488
44489
44490
44491
44492
44493
44494
44495
44496
44497
44498
44499
44500
44501
44502
44503
44504
44505
44523
44524
44525
44526
44527
44528
44529
44530
44531
44532
44533
44534
44535
44536
44537
44538
44539
44540
44541
44542
44560
44561
44562
44563
44564
44565
44566
44567
44578
44596
44597
44598
44599
44600
44601
44602
44603
44604
44605
44606
44607
44608
44609
44610
44611
44612
44613
44614
44615
44616
44617
44618
44619
44620
44621
44622
44623
44624
44625
44626
44627
44628
44629
44630
44631
44632
44633
44634
44635
44636
44637
44638
44639
44640
44641
44642
44643
44644
44645
44646
44647
44648
44649
44650
44651
44652
44653
44654
44655
44656
44657
44658
44659
44660
44661
44662
44663
44664
44665
44666
44667
44668
44669
44670
44671
44672
44673
44674
44675
44676
44677
44678
44679
44680
44681
44682
44683
44684
44685
44686
44687
44688
44689
44690
44691
44692
44693
44694
44695
44696
44697
44698
44699
44700
44701
44702
44703
44704
44720
44721
44722
44723
44724
44725
44726
44727
44728
44729
44730
44731
44732
44733
44734
44735
44736
44737
44757
44758
44759
44760
44761
44762
44763
44764
44765
44766
44767
44768
44769
44770
44786
44787
44788
44789
44790
44791
44792
44793
44794
44795
44796
44797
44824
44825
44827
44828
44829
44833
44834
44836
44837
44838
44840
44844
44845
44846
44847
44848
44849
44850
44852
44853
44854
44856
44857
44858
44859
44860
44861
44862
44864
44872
44880
44881
44882
44884
44887
44888
44889
44890
44891
44892
44893
44894
44895
44896
44897
44899
44901
44904
44906
44907
44910
44911
44912
44913
44915
44917
44918
44919
44928
44929
44930
44931
44932
44935
44936
44937
44939
44940
44941
44942
44943
44950
44951
44952
44953
44954
44955
44956
44957
44958
44959
44960
44961
44962
44963
44964
44965
44973
44974
44975
44993
44999
45016
45044
45045
45046
45047
45049
45050
45067
45068
45070
45077
45078
45079
45080
45081
45082
45083
45084
45085
45086
45087
45088
45089
45096
45097
45098
45108
45109
45110
45111
45112
45113
45114
45115
45116
45117
45118
45119
45120
45121
45122
45123
45131
45132
45133
45134
45135
45136
45137
45138
45139
45140
45141
45142
45143
45144
45145
45146
45147
45157
45174
45176
45177
45178
45179
45180
45181
45182
45183
45184
45185
45186
45187
45188
45189
45201
45202
45203
45204
45205
45206
45207
45208
45209
45210
45213
45214
45215
45216
45217
45218
45219
45220
45221
45236
45237
45238
45239
45240
45253
45254
45255
45256
45257
45258
45264
45265
45267
45268
45269
45270
45272
45273
45280
45281
45282
45283
45284
45285
45286
45287
45288
45289
45290
45291
45292
45293
45308
45310
45311
45312
45313
45314
45315
45323
45324
45325
45326
45327
45328
45329
45338
45339
45340
45341
45342
45343
45344
45345
45355
45356
45357
45358
45359
45360
45361
45362
45373
45374
45375
45376
45377
45378
45379
45380
45381
45382
45383
45394
45395
45396
45397
45398
45399
45400
45401
45412
45413
45414
45415
45416
45426
45427
45434
45436
45437
45439
45440
45441
45442
45444
45448
45449
45450
45451
45452
45453
45457
45459
45460
45463
45464
45465
45468
45470
45471
45472
45473
45474
45477
45478
45479
45482
45483
45485
45486
45487
45489
45490
45491
45499
45501
45502
45503
45504
45505
45507
45508
45509
45510
45515
45518
45523
45525
45527
45528
45531
45532
45533
45534
45543
45544
45546
45547
45548
45553
45554
45555
45556
45557
45558
45559
45565
45566
45567
45568
45569
45574
45582
45583
45584
45592
45604
45605
45606
45607
45626
45627
45628
45648
45649
45650
45651
45652
45658
45659
45660
45661
45662
45663
45664
45665
45666
45667
45678
45679
45680
45681
45686
45687
45688
45689
45690
45692
45693
45694
45695
45696
45697
45698
45700
45702
45705
45706
45707
45708
45709
45710
45712
45713
45714
45715
45724
45726
45728
45736
45742
45743
45744
45745
45746
45747
45750
45751
45752
45753
45754
45755
45756
45757
45758
45759
45760
45761
45762
45775
45776
45777
45778
45779
45780
45781
45782
45783
45784
45785
45786
45804
45805
45806
45807
45817
45818
45822
45823
45824
45825
45831
45832
45833
45836
45837
45838
45839
45840
45841
45842
45843
45844
45845
45849
45854
45859
45863
45864
45865
45866
45867
45868
45869
45870
45871
45872
45873
45876
45877
45878
45880
45885
45892
45893
45894
45895
45896
45897
45898
45899
45900
45901
45902
45903
45904
45905
45906
45907
45910
45911
45912
45913
45917
45918
45919
45920
45921
45922
45923
45924
45929
45930
45940
45941
45942
45943
45944
45945
45946
45947
45948
45949
45950
45955
45956
45957
45958
45959
45960
45961
45962
45963
45964
45965
45966
45967
45968
45973
45974
45975
45976
45977
45978
45979
45986
45987
45988
45989
45990
45991
45992
45993
45994
45995
45996
45997
46001
46006
46013
46019
46023
46026
46027
46030
46035
46041
46043
46044
46050
46057
46061
46065
46067
46068
46069
46070
46072
46077
46081
46082
46085
46086
46087
46088
46089
46090
46091
46092
46093
46094
46095
46096
46097
46098
46099
46100
46101
46102
46103
46107
46109
46111
46112
46113
46114
46117
46123
46124
46126
46127
46128
46130
46133
46135
46138
46140
46141
46142
46143
46146
46148
46150
46151
46152
46153
46154
46155
46156
46159
46160
46161
46162
46163
46166
46167
46168
46169
46171
46174
46175
46176
46177
46183
46184
46185
46186
46187
46188
46189
46190
46191
46192
46193
46194
46195
46196
46197
46200
46206
46207
46208
46209
46210
46211
46214
46217
46219
46221
46222
46223
46224
46226
46227
46229
46230
46261
46262
46263
46264
46265
46266
46267
46268
46269
46270
46271
46272
46273
46274
46275
46276
46277
46278
46280
46281
46282
46283
46284
46286
46287
46288
46289
46291
46292
46293
46294
46296
46297
46298
46299
46300
46302
46303
46304
46305
46306
46307
46308
46310
46311
46312
46313
46315
46316
46317
46318
46320
46321
46322
46323
46324
46326
46327
46329
46330
46339
46347
46348
46349
46350
46351
46352
46353
46354
46355
46356
46357
46358
46359
46360
46361
46362
46363
46364
46365
46366
46367
46385
46386
46387
46388
46389
46390
46391
46392
46393
46394
46395
46396
46397
46398
46399
46400
46401
46402
46403
46404
46405
46406
46407
46408
46409
46414
46415
46416
46417
46418
46419
46420
46425
46426
46427
46446
46447
46448
46449
46450
46451
46452
46453
46454
46455
46456
46457
46458
46459
46460
46461
46462
46467
46468
46469
46470
46471
46472
46473
46474
46475
46500
46506
46515
46522
46528
46535
46542
46554
46562
46572
46575
46576
46577
46578
46582
46583
46590
46601
46602
46603
46604
46618
46619
46620
46621
46622
46623
46624
46625
46626
46627
46628
46629
46630
46631
46632
46633
46634
46635
46636
46637
46638
46639
46651
46652
46653
46654
46655
46656
46657
46658
46659
46660
46661
46662
46663
46696
46699
46703
46709
46712
46714
46715
46716
46717
46719
46725
46728
46734
46735
46736
46739
46764
46765
46769
46770
46771
46772
46775
46779
46783
46784
46785
46797
46798
46799
46800
46801
46804
46807
46808
46809
46810
46833
46834
46835
46836
46837
46838
46839
46841
46843
46844
46845
46846
46848
46849
46850
46851
46853
46854
46855
46857
46858
46859
46860
46862
46863
46864
46865
46888
46889
46890
46892
46893
46894
46895
46897
46898
46899
46973
46974
46975
46976
46977
46978
46979
46980
46981
46982
46983
46984
46985
46986
46987
46988
46989
46990
46991
46992
46993
46995
46996
46997
46998
47000
47002
47003
47004
47006
47007
47008
47011
47012
47013
47015
47016
47017
47019
47021
47022
47023
47025
47026
47041
47042
47043
47044
47045
47046
47047
47048
47049
47050
47051
47052
47053
47054
47055
47056
47057
47058
47059
47101
47108
47109
47110
47117
47118
47119
47139
47140
47141
47142
47143
47144
47145
47146
47147
47148
47165
47166
47173
47177
47189
47194
47195
47196
47197
47207
47208
47209
47210
47229
47230
47231
47232
47233
47234
47235
47236
47237
47243
47247
47255
47265
47266
47267
47268
47277
47278
47279
47280
47281
47290
47291
47292
47315
47316
47317
47318
47319
47320
47321
47322
47323
47345
47346
47347
47348
47349
47350
47351
47352
47405
47406
47407
47408
47409
47410
47411
47412
47413
47414
47415
47416
47417
47418
47419
47420
47421
47422
47423
47424
47425
47426
47427
47428
47429
47430
47431
47432
47433
47434
47435
47436
47437
47438
47439
47440
47441
47442
47443
47444
47445
47446
47447
47448
47449
47450
47459
47460
47461
47462
47463
47464
47465
47466
47467
47468
47469
47470
47471
47472
47473
47474
47475
47476
47477
47478
47479
47488
47489
47490
47491
47492
47493
47494
47495
47496
47497
47498
47499
47533
47534
47535
47536
47562
47563
47564
47565
47566
47567
47568
47569
47570
47571
47572
47573
47574
47575
47576
47577
47578
47579
47580
47581
47582
47583
47584
47585
47586
47587
47588
47589
47590
47591
47592
47593
47594
47595
47596
47597
47598
47599
47600
47601
47602
47607
47608
47609
47610
47611
47612
47613
47614
47615
47616
47617
47618
47619
47620
47621
47622
47623
47624
47625
47626
47627
47628
47629
47630
47631
47632
47633
47634
47635
47636
47637
47638
47639
47640
47641
47642
47643
47644
47645
47646
47647
47648
47649
47650
47651
47652
47653
47654
47655
47656
47661
47669
47670
47671
47672
47673
47674
47675
47676
47677
47678
47679
47680
47681
47682
47683
47684
47685
47686
47687
47688
47689
47690
47691
47692
47693
47694
47697
47698
47699
47700
47701
47702
47708
47722
47723
47724
47725
47726
47737
47738
47739
47740
47751
47752
47753
47754
47755
47756
47757
47758
47759
47760
47761
47762
47763
47764
47765
47766
47767
47768
47769
47770
47771
47772
47801
47802
47803
47804
47805
47806
47807
47808
47809
47810
47815
47816
47817
47825
47826
47827
47828
47829
47830
47831
47832
47833
47834
47835
47836
47837
47843
47844
47845
47846
47847
47848
47849
47850
47851
47852
47853
47854
47855
47856
47857
47858
47859
47860
47861
47868
47869
47870
47871
47872
47873
47881
47882
47883
47884
47952
47953
47954
47955
47956
47959
47965
47966
47967
47968
47969
47970
47971
47972
47973
47978
47979
47980
48006
48007
48008
48009
48015
48016
48017
48018
48019
48020
48021
48022
48023
48024
48025
48026
48027
48028
48029
48030
48031
48032
48033
48034
48035
48036
48037
48038
48039
48040
48041
48042
48043
48044
48045
48046
48047
48050
48051
48056
48057
48058
48059
48060
48061
48062
48063
48064
48065
48066
48068
48069
48070
48071
48072
48073
48074
48075
48076
48077
48078
48079
48080
48081
48082
48083
48084
48085
48086
48087
48088
48089
48090
48091
48092
48093
48094
48124
48125
48126
48127
48128
48129
48130
48131
48132
48133
48134
48135
48136
48137
48138
48139
48140
48141
48142
48143
48144
48145
48146
48147
48148
48149
48150
48151
48152
48153
48154
48155
48156
48157
48213
48214
48215
48216
48217
48218
48219
48220
48221
48222
48223
48224
48225
48226
48227
48228
48229
48230
48231
48232
48233
48234
48235
48236
48237
48238
48239
48240
48241
48242
48243
48244
48245
48246
48247
48248
48249
48250
48251
48252
48253
48254
48255
48256
48257
48258
48259
48260
48261
48262
48263
48264
48265
48266
48267
48268
48269
48270
48271
48272
48273
48274
48275
48301
48302
48303
48304
48305
48306
48307
48308
48309
48310
48311
48312
48313
48314
48315
48316
48317
48318
48319
48320
48321
48322
48323
48324
48325
48326
48396
48397
48398
48399
48400
48401
48402
48439
48440
48441
48442
48443
48444
48445
48446
48447
48448
48449
48450
48451
48452
48453
48454
48455
48456
48457
48458
48461
48462
48467
48468
48469
48470
48471
48472
48473
48474
48475
48476
48477
48478
48479
48480
48493
48495
48497
48498
48501
48502
48503
48505
48506
48507
48508
48511
48512
48513
48514
48515
48516
48517
48518
48519
48521
48522
48527
48528
48529
48530
48531
48532
48533
48534
48535
48536
48537
48560
48561
48562
48563
48564
48565
48573
48574
48575
48576
48577
48578
48579
48580
48593
48594
48595
48596
48597
48598
48599
48600
48601
48602
48603
48604
48605
48606
48607
48608
48609
48610
48611
48612
48613
48614
48615
48616
48617
48618
48619
48620
48621
48622
48623
48624
48625
48626
48627
48628
48629
48630
48631
48752
48753
48754
48755
48756
48757
48758
48759
48760
48761
48762
48763
48764
48765
48766
48767
48768
48769
48770
48771
48772
48773
48774
48775
48776
48777
48778
48779
48780
48781
48782
48783
48784
48785
48786
48787
48788
48789
48790
48791
48792
48793
48794
48795
48796
48797
48798
48799
48800
48801
48802
48803
48804
48805
48806
48807
48808
48809
48810
48811
48812
48813
48814
48815
48816
48817
48818
48819
48820
48821
48822
48823
48824
48825
48826
48827
48828
48829
48830
48831
48832
48833
48834
48835
48836
48837
48838
48839
48840
48841
48842
48843
48844
48845
48846
48847
48848
48849
48850
48851
48852
48853
48854
48855
48856
48857
48858
48859
48860
48861
48862
48863
48864
48865
48866
48867
48868
48869
48870
48871
48872
48873
48874
48875
48876
48877
48878
48879
48880
48881
48882
48883
48884
48885
48886
48887
48888
48889
48890
48891
48892
48893
48894
48895
48896
48897
48898
48899
48900
48901
48902
48903
48904
48905
48906
48907
48908
48909
48910
48911
48912
48913
48914
48915
48916
48917
48918
48919
48920
48921
48922
48923
48924
48925
48926
48927
48928
48929
48930
48931
48932
48933
48934
48935
48936
48937
48938
48939
48940
48941
48942
48943
48944
48945
48946
48947
48948
48949
48950
48951
48952
48953
48954
48955
48956
48957
48958
48959
48960
48961
48962
48963
48964
48965
48966
48967
48968
48969
48970
48971
48972
48973
48974
48975
48976
48977
48978
48979
48980
48981
48982
48983
48984
48985
48986
48987
48988
48989
48990
48991
48992
48993
48994
48995
48996
48997
48998
48999
49000
49001
49002
49003
49004
49005
49006
49007
49008
49009
49010
49011
49012
49013
49014
49015
49016
49017
49018
49019
49020
49021
49022
49023
49024
49025
49026
49027
49028
49029
49030
49031
49032
49033
49034
49035
49036
49037
49038
49039
49040
49041
49042
49043
49044
49045
49046
49047
49048
49049
49050
49051
49052
49053
49054
49055
49056
49057
49058
49059
49060
49061
49062
49063
49064
49065
49066
49067
49068
49069
49070
49071
49072
49073
49074
49075
49076
49077
49078
49079
49080
49081
49082
49083
49084
49085
49086
49087
49088
49089
49090
49091
49092
49093
49094
49095
49096
49097
49098
49099
49100
49101
49102
49103
49104
49105
49106
49107
49108
49109
49110
49111
49112
49113
49114
49115
49116
49117
49118
49119
49120
49121
49122
49123
49124
49125
49126
49127
49128
49129
49130
49131
49132
49133
49134
49135
49136
49137
49138
49139
49140
49141
49142
49143
49144
49145
49146
49147
49148
49149
49150
49151
49152
49153
49154
49155
49156
49157
49158
49159
49160
49161
49162
49163
49164
49165
49166
49167
49168
49169
49170
49171
49172
49173
49174
49175
49176
49177
49178
49179
49180
49181
49182
49183
49186
49188
49189
49190
49191
49192
49197
49198
49202
49203
49204
49205
49207
49208
49212
49213
49215
49216
49217
49219
49220
49221
49222
49223
49224
49226
49227
49228
49231
49232
49233
49234
49235
49237
49238
49239
49246
49249
49253
49257
49261
49263
49264
49265
49266
49267
49268
49269
49270
49271
49272
49273
49274
49275
49276
49277
49278
49279
49281
49283
49290
49291
49292
49295
49296
49297
49298
49299
49300
49303
49305
49306
49310
49311
49312
49313
49314
49317
49318
49319
49320
49332
49333
49334
49335
49336
49338
49339
49340
49341
49342
49344
49345
49346
49353
49354
49355
49356
49357
49358
49359
49360
49361
49362
49363
49364
49365
49366
49367
49370
49371
49372
49373
49374
49375
49376
49377
49382
49383
49384
49385
49386
49387
49389
49390
49391
49401
49402
49403
49404
49405
49406
49407
49408
49409
49410
49411
49412
49413
49414
49415
49416
49417
49424
49433
49443
49447
49448
49455
49459
49462
49466
49467
49469
49471
49472
49473
49474
49475
49487
49488
49489
49490
49491
49492
49493
49494
49495
49496
49497
49498
49499
49500
49501
49502
49503
49504
49505
49506
49507
49508
49515
49516
49524
49526
49529
49530
49531
49532
49538
49544
49547
49548
49549
49550
49551
49553
49555
49556
49557
49558
49560
49562
49564
49565
49566
49567
49570
49573
49575
49576
49577
49578
49598
49599
49600
49602
49603
49604
49605
49607
49608
49609
49610
49611
49613
49614
49615
49617
49618
49619
49620
49622
49623
49624
49629
49630
49631
49632
49633
49634
49635
49636
49637
49678
49679
49680
49681
49682
49683
49684
49685
49686
49687
49688
49689
49690
49691
49692
49693
49694
49695
49696
49697
49698
49699
49700
49701
49702
49703
49704
49705
49706
49707
49708
49709
49710
49711
49712
49713
49714
49715
49720
49728
49729
49737
49738
49739
49740
49762
49763
49764
49765
49766
49767
49782
49789
49794
49804
49805
49815
49816
49817
49818
49846
49847
49848
49849
49850
49851
49852
49853
49863
49871
49885
49888
49892
49901
49902
49903
49932
49933
49934
49935
49936
49937
49938
49962
49963
49964
49965
49966
49967
49968
49969
49970
50023
50024
50025
50026
50027
50028
50029
50030
50031
50032
50033
50034
50035
50036
50037
50038
50039
50040
50041
50042
50043
50048
50049
50050
50051
50052
50053
50054
50055
50056
50057
50058
50059
50060
50061
50062
50063
50064
50065
50066
50067
50079
50080
50081
50082
50083
50112
50113
50114
50115
50116
50117
50118
50119
50120
50121
50122
50123
50124
50125
50126
50127
50128
50129
50130
50131
50132
50133
50134
50135
50136
50137
50138
50139
50140
50141
50148
50149
50150
50151
50152
50153
50154
50155
50156
50157
50158
50159
50160
50161
50162
50163
50164
50165
50166
50167
50168
50169
50175
50176
50177
50178
50179
50180
50181
50182
50183
50184
50185
50186
50188
50198
50199
50200
50201
50202
50203
50211
50212
50213
50214
50215
50216
50217
50218
50222
50223
50224
50225
50226
50227
50228
50229
50230
50231
50232
50233
50234
50236
50237
50238
50239
50253
50254
50255
50256
50257
50258
50259
50260
50261
50276
50277
50280
50288
50289
50290
50295
50296
50297
50301
50302
50303
50304
50326
50327
50328
50346
50347
50348
50349
50350
50351
50356
50357
50358
50359
50360
50361
50362
50363
50364
50365
50366
50367
50370
50371
50372
50373
50374
50375
50376
50377
50378
50379
50380
50381
50382
50383
50384
50385
50386
50387
50388
50389
50390
50391
50392
50393
50394
50395
50396
50446
50447
50448
50449
50450
50451
50452
50453
50454
50455
50456
50457
50458
50459
50460
50461
50462
50463
50464
50465
50466
50467
50468
50469
50470
50471
50472
50473
50474
50475
50476
50477
50478
50479
50480
50481
50482
50483
50484
50485
50486
50487
50488
50489
50490
50491
50492
50493
50494
50495
50496
50497
50498
50499
50500
50501
50502
50503
50504
50527
50528
50529
50530
50531
50532
50533
50578
50579
50580
50581
50582
50583
50584
50585
50586
50587
50588
50589
50590
50591
50592
50593
50600
50601
50603
50604
50605
50606
50607
50609
50610
50611
50620
50621
50622
50623
50624
50625
50626
50627
50628
50629
50630
50631
50632
50633
50634
50635
50636
50654
50655
50656
50657
50658
50659
50660
50661
50662
50663
50664
50665
50666
50667
50668
50669
50670
50671
50672
50673
50674
50675
50676
50677
50678
50679
50680
50681
50682
50683
50684
50685
50686
50687
50688
50689
50690
50691
50692
50693
50694
50695
50696
50697
50698
50699
50700
50701
50702
50703
50704
50705
50706
50707
50708
50709
50710
50711
50712
50713
50714
50715
50716
50717
50718
50719
50720
50721
50874
50875
50876
50877
50878
50879
50884
50885
50886
50887
50888
50889
50890
50891
50892
50897
50898
50899
50900
50905
50906
50911
50912
50913
50914
50916
50917
50921
50922
50923
50924
50929
50930
50931
50932
50933
50934
50935
50936
50937
50938
50939
50940
50941
50942
50944
50945
50946
50947
50948
50949
50950
50951
50953
50954
50955
50956
50957
50958
50959
50960
50961
50962
50963
50964
50965
50970
50971
50974
50978
50979
50980
50981
50982
50984
50986
50987
50988
50989
50991
50993
50996
50997
50998
50999
51000
51002
51004
51005
51007
51008
51009
51010
51013
51014
51015
51016
51017
51018
51019
51020
51021
51022
51026
51031
51036
51044
51046
51047
51048
51052
51054
51056
51057
51058
51059
51060
51061
51062
51064
51066
51067
51068
51069
51070
51071
51072
51073
51074
51075
51078
51079
51082
51085
51087
51088
51089
51090
51091
51094
51096
51097
51108
51109
51110
51111
51112
51113
51114
51115
51116
51118
51119
51120
51121
51123
51124
51125
51127
51129
51130
51140
51141
51142
51143
51144
51145
51146
51147
51148
51149
51150
51151
51152
51153
51154
51155
51156
51157
51158
51159
51252
51253
51254
51255
51256
51257
51258
51259
51260
51261
51262
51263
51264
51265
51282
51283
51287
51288
51289
51290
51291
51292
51293
51294
51295
51296
51297
51306
51307
51308
51309
51310
51311
51322
51323
51324
51325
51326
51327
51328
51329
51330
51331
51332
51335
51336
51337
51338
51339
51364
51365
51366
51367
51368
51370
51371
51372
51373
51374
51375
51377
51378
51379
51380
51381
51382
51383
51384
51399
51400
51401
51402
51403
51404
51405
51406
51407
51408
51409
51410
51413
51414
51415
51416
51417
51418
51419
51450
51451
51452
51453
51454
51455
51466
51467
51470
51471
51472
51475
51476
51477
51478
51479
51480
51491
51492
51493
51494
51495
51496
51497
51498
51499
51500
51501
51502
51503
51505
51506
51507
51508
51509
60636
60637
60638
60639
60640
60641
60642
60643
60644
60645
60646
60647
60648
60649
60650
60651
60652
60653
60654
60655
60656
60657
60658
60659
60660
60661
60662
60663
60664
60665
60666
60667
60668
60669
60670
60671
60672
60673
60674
60675
60676
60677
60678
60679
60680
60681
60682
60683
60734
60735
60736
60785
60786
60787
60788
60789
60790
60791
60792
60793
60794
60795
60796
60797
60798
60799
60800
60801
60802
60803
60804
60805
60806
60807
60808
60809
60810
60811
60812
60813
60814
60815
60816
60817
60818
60819
60820
60821
60822
60823
60824
60825
60826
60827
60828
60829
60830
60831
60832
60833
60834
60835
60836
60837
60838
60839
60840
60841
60842
60843
60844
60845
60846
60847
60848
60849
60850
60851
60852
60853
60854
60855
60856
60857
60858
60859
60860
60861
60862
60863
60864
60865
60866
60867
60868
60869
60870
60871
60872
60873
60874
60875
60876
60877
60878
60879
60880
60881
60882
60883
60884
60885
60886
60887
60888
60889
60890
60891
60892
60893
60894
60895
60896
60897
60898
60899
60900
60901
60902
60903
60904
60905
60906
60907
60908
60909
60910
60911
60912
60913
60914
60915
60916
60917
60918
60919
60920
60921
60922
60923
60924
60925
60926
60927
60928
60929
60930
60931
60932
60933
60934
60935
60936
60937
60938
60939
60940
60941
60942
60943
60944
60945
60946
60947
60948
60949
60950
60951
60952
60953
60954
60955
60956
60957
60958
60959
60960
60961
60962
60963
60964
60965
60966
60967
60968
60969
60970
60971
60972
60973
60974
60975
60976
60977
60978
60979
60980
60981
60982
60983
60984
60985
60986
60987
60988
60989
60990
60991
60992
60993
60994
60995
60996
60997
60998
60999
61000
61001
61002
61003
61004
61005
61006
61007
61008
61009
61010
61011
61012
61013
61014
61015
61016
61017
61018
61019
61020
61021
61022
61023
61024
61025
61026
61027
61028
61029
61030
61031
61032
61033
61034
61035
61036
61037
61038
61039
61040
61041
61042
61043
61044
61045
61046
61047
61048
61049
61050
61051
61052
61053
61054
61055
61056
61057
61058
61059
61060
61061
61062
61063
61064
61065
61066
61067
61068
61069
61070
61071
61072
61073
61074
61075
61076
61077
61078
61079
61080
61081
61082
61083
61084
61085
61086
61087
61088
61089
61090
61091
61092
61093
61094
61095
61096
61097
61098
61099
61100
61101
61102
61103
61104
61105
61106
61107
61108
61109
61110
61111
61112
61113
61114
61115
61116
61117
61118
61119
61120
61121
61122
61123
61124
61125
61126
61127
61128
61129
61130
61131
61132
61133
61134
61135
61136
61137
61138
61139
61140
61141
61142
61143
61144
61145
61146
61147
61148
61149
61150
61151
61152
61153
61154
61155
61156
61157
61158
61159
61160
61161
61162
61163
61164
61165
61166
61167
61168
61169
61170
61171
61172
61173
61174
61175
61176
61316
61317
61318
61319
61320
61321
61322
61323
61346
61347
61348
61349
61350
61351
61352
61353
61425
61430
61431
61432
61435
61437
61438
61439
61440
61441
62611
62612
62613
62614
62615
62616
62619
62626
62635
62645
62656
62657
62658
62659
62660
62661
62662
62663
62666
62667
62674
62675
62676
62677
62678
62679
62680
62681
62682
62683
62688
62690
62691
62692
62693
62694
62695
62696
62702
62705
62712
62713
62714
62715
62716
62717
62719
62720
62721
62733
62735
62736
62737
62740
62741
62744
62745
62746
62747
62748
62749
62750
62751
62765
62775
62778
62779
62780
62781
62782
62783
62784
62813
62814
62816
62817
62819
62821
62822
62823
62824
62825
62826
62830
62831
62832
62833
62834
62835
62956
62957
62958
62966
62967
62969
62971
62972
62973
62983
62984
62985
62986
62992
62993
63032
63083
63094
63106
63121
63135
63200
63201
63232
63238
63252
63299
63314
63316
63317
63357
63358
64046
64047
64170
64194
64328
64329
64495
64572
64639
64640
64641
64863
64902
64920
64922
64924
64925
64926
64927
64928
64931
64935
64936
64937
64939
64940
64941
64944
64948
64949
64952
64953
64954
64955
64956
64957
64958
64959
64982
64983
64984
64985
64990
64991
65000
65001
65002
65006
65008
65010
65011
65016
65017
65018
65019
65032
65034
65037
67596
67598
67603
67604
67605
67606
67607
67611
67612
67618
67620
67621
67624
67628
67630
67631
67633
67634
67635
67636
67640
67647
67648
67649
67652
67654
67657
67658
67660
67677
67678
67679
67681
67682
67683
67685
67695
67696
67697
67698
67699
67700
67701
67702
67713
67714
67715
67718
67719
67720
67721
67723
67725
67726
67727
67728
67729
67733
67739
67740
67741
67745
67760
67761
67762
67763
67764
67765
67766
67767
67774
67775
67781
67782
67783
67784
67786
67790
67791
67793
67794
67795
67796
67801
67802
67803
67804
67812
67813
67816
67817
67818
67819
67821
67827
67828
67829
67830
67840
67841
67842
67843
67844
67845
67847
67848
67854
67855
67856
67860
67861
67862
67863
67864
67865
67866
67875
67877
67878
67883
67886
67887
67888
67889
67894
67895
67897
67898
67901
67902
67903
67904
67905
67914
67916
67917
67919
67922
67923
67924
67925
67926
67927
67928
67929
67930
67940
67942
67943
67944
67945
67946
67947
67948
67950
67951
67952
67953
67954
67955
69494
69497
69548
69580
69583
69642
69655
69656
69657
69658
69732
70035
70036
70037
70095
70096
70428
70433
70440
70441
70445
70466
70499
70507
70510
70511
70518
70519
70532
70535
70547
70551
70555
70556
70558
70560
70562
70563
70565
70572
70575
70576
70577
71671
71674
71862
71874
71875
71945
71958
71967
71970
71972
71974
71997
71999
72000
72001
95206
95207
95209
95215
95217
95219
95220
95221
95223
95229
95231
95233
95237
95241
95257
95259
95261
95262
95263
95264
95265
95266
95267
95268
95269
95270
95272
95273
95276
95278
95279
95280
95281
95282
95283
95284
95285
95286
95287
95288
95289
95291
95293
95294
95296
95297
95298
95299
95300
95302
95304
95305
95308
95317
95320
95322
95324
95327
95329
95330
95331
95332
95333
95336
95337
95338
95340
95342
95343
95345
95347
95352
95353
95357
95359
95361
95362
95364
95396
95398
95399
95401
95403
95407
95409
95416
95417
95422
95424
95426
95428
95429
95430
95431
95432
95433
95435
95438
95440
95443
95444
95446
95447
95457
95460
95463
95473
95478
95484
95505
95506
95509
95516
95517
95518
95526
95529
95531
95537
95539
95542
95545
95546
95548
95556
95557
95610
95612
95615
95616
95617
95620
95623
95632
95658
95662
95664
95670
95672
95675
95681
95683
95685
95691
95707
95716
95737
95739
95741
95742
95748
95749
95750
95751
95752
95753
96082
96087
96092
96098
96108
96109
96110
96111
96136
96137
96138
96139
96141
96143
96154
96157
96161
96163
96166
96168
96176
96177
96178
96180
96181
96182
96183
96184
96185
96188
96190
96192
96194
96199
96207
96209
96229
96230
96233
96234
96236
96237
96238
96239
96241
96242
96244
96245
96247
96249
96251
96253
96258
96259
96264
96266
96267
96269
96270
96272
96746
96747
96777
96778
96809
96813
96823
96831
96841
96848
96849
96851
96854
96855
96858
96860
96863
96864
96866
96868
96870
96872
96873
96875
96876
96878
96879
96881
96882
96884
96885
96886
96889
96891
96893
97026
97086
97088
97089
97090
97279
97301
97302
97315
97333
97336
97345
97363
97382
97404
97405
97406
97407
97408
97410
97412
97413
97414
97415
97416
97418
97419
97421
97423
97424
97425
97427
97429
97430
97433
97710
97777
97779
97791
97804
97809
97840
97844
97852
97856
97857
97859
97860
97861
97893
97894
97954
98347
98380
98382
98394
98396
98399
98400
99171
99172
99173
99175
99176
99177
99178
99179
99180
99181
99182
99183
99548
99561
99562
99586
99996
100001
100002
100012
100028
100038
100039
100058
100059
100060
100074
100075
100078
100086
100090
100100
100103
100105
100107
100109
100113
100123
100124
100125
100126
100127
100128
100129
100130
100132
100135
100139
100143
100146
100148
100152
100167
100199
100222
100230
100234
100236
100238
100247
100249
100251
100259
100261
100270
100272
100275
100277
100278
100287
100296
100298
100306
100313
100344
100345
100347
100348
100351
100353
100360
100362
100364
100366
100367
100369
100376
100378
100380
100383
100384
100385
100388
100389
100391
100392
100394
100395
100397
100404
100405
100406
100408
100411
100412
100414
100417
100419
100422
100425
100428
100430
100435
100441
100443
100448
100450
100452
100454
100455
100456
100459
100460
100463
100465
100468
100469
100470
100471
100473
100474
100475
100477
100479
100480
100481
100482
100483
100484
100485
100487
100488
100490
100491
100494
100495
100496
100499
100500
100502
100503
100504
100505
100508
100509
100510
100513
100515
100516
100518
100519
100524
100525
100526
100527
100531
100541
100549
100550
100552
100554
100556
100558
100560
100576
100578
100589
100599
100601
100604
100605
100606
100607
100609
100611
100612
100613
100615
100617
100618
100619
100621
100623
100626
100627
100628
100629
100630
100631
100632
100634
100636
100637
100639
100643
100644
100647
100648
100651
100653
100655
100660
100661
100662
100663
100669
100716
100718
100719
100722
100723
100724
100727
100729
100730
100732
100733
100735
100737
100757
100758
100759
100760
100761
100762
100763
100764
100765
100766
100769
100770
100772
100773
100774
100781
100782
100829
100831
100832
100840
100853
100854
100856
100865
100872
100874
100875
100876
100877
101061
101077
101078
101088
101104
101110
101111
101116
101117
101118
101121
101126
101127
101129
101182
101186
101195
101196
101197
101199
101200
101202
101204
101205
101206
101207
101209
101210
101211
101212
101216
101217
101218
101219
101221
101224
101225
101229
101230
101231
101232
101234
101237
101238
101240
101241
101243
101244
101254
101255
101257
101258
101261
101262
101263
101264
101265
101268
101271
101272
101274
101277
101278
101281
101283
101284
101285
101291
101293
101303
101304
101305
101306
101307
101308
101309
101450
101457
101470
101482
101484
101493
101495
101507
101509
101524
101526
101537
101539
101542
101545
101548
101554
101555
101556
101562
101564
101565
101569
101570
101576
101578
101582
101594
101596
101598
101600
101603
101624
101626
101629
101632
101637
101642
101646
101648
101654
101656
101658
101665
101668
101688
101690
101692
101711
101747
101749
101750
101753
101763
101768
101769
101857
101859
101861
101863
101865
101867
101868
101870
101872
101874
101876
101878
101881
101883
101889
101891
101892
101893
101894
101895
101896
101897
101899
101900
101901
101908
101911
101914
101915
101917
101918
101919
101925
101927
101928
101930
101931
101932
101934
101936
101939
101940
101941
101958
101959
101960
101961
101962
101963
101965
101966
101967
101970
101971
101972
101975
101978
101980
101981
101982
101983
101984
101988
101989
101991
101992
101993
101995
101996
101997
101998
101999
102000
102001
102002
102004
102005
102006
102007
102009
102010
102011
102012
102013
102014
102016
102018
102019
102021
102022
102023
102025
102026
102028
102029
102030
102031
102032
102033
102035
102040
102042
102045
102046
102052
102054
102058
102059
102068
102069
102072
102074
102075
102076
102077
102078
102079
102084
102086
102090
102094
102095
102097
102098
102101
102103
102105
102109
102111
102112
102113
102114
102121
102125
102128
102129
102133
102137
102138
102139
102144
102145
102146
102147
102152
102153
102161
102163
102165
102168
102170
102172
102211
102212
102213
102215
102218
102221
102222
102223
102224
102225
102226
102228
102229
102230
102231
102232
102233
102235
102236
102237
102238
102239
102240
102241
102242
102243
102244
102246
102248
102249
102250
102251
102253
102254
102257
102258
102261
102262
102267
102268
102290
102293
102295
102299
102301
102302
102304
102305
102308
102313
102319
102321
102322
102323
102325
102349
102351
102356
102359
102372
102374
102381
102382
102383
102393
102396
102398
102399
102405
102406
102407
102408
102409
102411
102412
102415
102417
102418
102422
102430
102434
102436
102443
102444
102445
102447
102449
102451
102456
102459
102462
102469
102471
102475
102483
102489
102490
102492
102494
102496
102499
102500
102501
102503
102504
102505
102564
102565
102567
102568
102570
102571
102573
102574
102576
102578
102579
102583
102584
102585
102586
102604
102605
102607
102610
102611
102618
102622
102636
102640
102642
102647
102654
102656
102661
102681
102685
102687
102698
102701
102703
102707
102710
102715
102719
102723
102725
102727
102912
102914
102915
102917
102918
102921
102923
102924
)


// ************************************************************************* //
