/*--------------------------------*- C++ -*----------------------------------*\
  =========                 |
  \\      /  F ield         | OpenFOAM: The Open Source CFD Toolbox
   \\    /   O peration     | Website:  https://openfoam.org
    \\  /    A nd           | Version:  12
     \\/     M anipulation  |
\*---------------------------------------------------------------------------*/
FoamFile
{
    format      ascii;
    class       labelList;
    location    "constant/polyMesh";
    object      cellProcAddressing;
}
// * * * * * * * * * * * * * * * * * * * * * * * * * * * * * * * * * * * * * //


10554
(
27842
27892
27893
28615
28652
28653
28654
28655
28656
28698
28708
28709
28710
28711
29404
29441
29442
29443
29444
29445
29479
29480
29481
29482
29483
29484
29485
29486
29487
29520
29540
29541
29542
29543
29544
29545
30213
30251
30252
30253
30254
30255
30289
30290
30291
30292
30293
30294
30295
30296
30297
30323
30324
30325
30326
30327
30328
30329
30330
30331
30332
30333
30334
30335
30362
30363
30385
30386
30389
30390
30391
30392
30393
30394
30395
30396
31049
31087
31091
31092
31093
31094
31125
31126
31127
31128
31129
31130
31131
31132
31133
31159
31160
31161
31162
31163
31164
31165
31166
31167
31168
31169
31170
31171
31194
31195
31196
31197
31198
31199
31200
31201
31202
31203
31204
31205
31206
31207
31208
31209
31210
31232
31233
31253
31254
31257
31260
31262
31263
31264
31265
31267
31268
31269
31270
31271
31272
31273
31274
31916
31954
31958
31959
31960
31961
31992
31996
31997
31998
31999
32003
32004
32005
32006
32026
32027
32028
32029
32030
32031
32032
32033
32034
32035
32036
32037
32038
32061
32062
32063
32064
32065
32066
32067
32068
32069
32070
32071
32072
32073
32074
32075
32076
32077
32098
32099
32100
32102
32103
32104
32105
32106
32107
32108
32109
32110
32111
32112
32113
32114
32115
32116
32117
32118
32136
32153
32154
32157
32160
32161
32162
32164
32165
32166
32168
32169
32170
32171
32172
32173
32174
32175
32176
32177
32178
32179
32776
32814
32852
32856
32857
32858
32859
32890
32894
32895
32896
32897
32901
32902
32903
32904
32928
32932
32933
32934
32935
32939
32940
32941
32942
32946
32947
32948
32949
32959
32960
32961
32962
32963
32964
32965
32966
32967
32968
32969
32970
32971
32972
32973
32974
32975
32996
32997
32999
33000
33001
33002
33003
33004
33005
33006
33007
33008
33009
33010
33011
33012
33013
33014
33015
33016
33034
33036
33041
33042
33043
33044
33045
33046
33047
33048
33049
33050
33051
33052
33053
33054
33073
33089
33090
33093
33094
33095
33097
33098
33099
33101
33102
33103
33104
33105
33106
33107
33108
33109
33110
33111
33112
33113
33114
33115
33708
33746
33750
33751
33752
33753
33784
33788
33789
33790
33791
33822
33826
33827
33828
33829
33833
33834
33835
33836
33860
33864
33865
33866
33867
33871
33872
33873
33874
33878
33879
33880
33881
33898
33902
33903
33904
33905
33909
33910
33911
33912
33916
33917
33918
33919
33920
33921
33922
33923
33928
33929
33931
33932
33933
33934
33935
33936
33937
33938
33939
33940
33941
33942
33943
33944
33945
33946
33947
33948
33966
33967
33973
33974
33975
33976
33977
33978
33979
33980
33981
33982
33983
33984
33985
33986
34005
34014
34015
34016
34017
34018
34019
34020
34021
34022
34023
34024
34042
34043
34062
34063
34064
34066
34067
34068
34069
34071
34072
34073
34074
34075
34076
34077
34078
34079
34080
34081
34082
34083
34084
34085
34671
34715
34716
34717
34718
34719
34749
34754
34755
34756
34757
34761
34762
34763
34764
34788
34792
34793
34794
34795
34799
34800
34801
34802
34826
34830
34831
34832
34833
34837
34838
34839
34840
34844
34845
34846
34847
34864
34868
34869
34870
34871
34875
34876
34877
34878
34882
34883
34884
34885
34886
34887
34888
34889
34906
34907
34908
34909
34913
34914
34915
34916
34920
34921
34922
34923
34924
34925
34926
34927
34928
34929
34930
34931
34932
34933
34939
34940
34941
34942
34943
34944
34945
34946
34947
34948
34949
34950
34951
34952
34970
34971
34981
34982
34983
34984
34985
34986
34987
34988
34989
34990
35008
35009
35019
35020
35021
35022
35023
35024
35025
35026
35027
35028
35046
35047
35048
35058
35059
35060
35062
35071
35072
35073
35074
35075
35076
35077
35078
35079
35080
35081
35082
35083
35084
35085
35086
35087
35088
35089
35675
35711
35712
35713
35714
35715
35752
35755
35756
35757
35758
35759
35760
35761
35762
35785
35789
35790
35791
35792
35797
35798
35799
35800
35804
35805
35806
35807
35824
35828
35829
35830
35831
35835
35836
35837
35838
35842
35843
35844
35845
35862
35866
35867
35868
35869
35873
35874
35875
35876
35880
35881
35882
35883
35884
35885
35886
35887
35904
35905
35906
35907
35911
35912
35913
35914
35918
35919
35920
35921
35922
35923
35924
35925
35926
35927
35928
35929
35949
35950
35951
35952
35956
35957
35958
35959
35960
35961
35962
35963
35964
35965
35966
35967
35968
35969
35979
35980
35981
35982
35983
35984
35985
35986
35987
35988
36006
36007
36017
36018
36019
36020
36021
36022
36023
36024
36025
36026
36044
36045
36047
36056
36057
36058
36059
36060
36061
36062
36063
36064
36082
36083
36085
36094
36095
36096
36097
36098
36099
36100
36101
36111
36112
36113
36114
36115
36116
36117
36118
36119
36120
36121
36122
36123
36124
36125
36704
36737
36742
36743
36744
36745
36779
36782
36783
36784
36785
36786
36787
36788
36789
36818
36822
36823
36824
36825
36828
36829
36830
36831
36832
36833
36834
36835
36851
36855
36856
36857
36858
36862
36863
36864
36865
36870
36871
36872
36873
36874
36875
36876
36877
36890
36894
36895
36896
36897
36901
36902
36903
36904
36908
36909
36910
36911
36912
36913
36914
36915
36932
36933
36934
36935
36939
36940
36941
36942
36946
36947
36948
36949
36950
36951
36952
36953
36954
36955
36956
36957
36977
36978
36979
36980
36984
36985
36986
36987
36988
36989
36990
36991
36992
36993
36994
36995
37022
37023
37024
37025
37026
37027
37028
37029
37030
37031
37032
37033
37034
37035
37036
37038
37039
37048
37049
37050
37051
37052
37053
37054
37072
37074
37083
37084
37085
37086
37087
37088
37089
37090
37091
37092
37110
37111
37112
37122
37123
37124
37125
37126
37127
37128
37129
37130
37148
37149
37150
37160
37161
37162
37163
37164
37165
37166
37167
37168
37169
37170
37172
37181
37182
37183
37184
37185
37186
37187
37188
37189
37190
37191
37766
37801
37805
37806
37807
37808
37835
37840
37841
37842
37843
37848
37849
37850
37851
37879
37884
37885
37886
37887
37890
37891
37892
37893
37894
37895
37896
37897
37915
37919
37920
37921
37922
37926
37927
37928
37929
37932
37933
37934
37935
37936
37937
37938
37939
37952
37956
37957
37958
37959
37963
37964
37965
37966
37970
37971
37972
37973
37974
37975
37976
37977
37978
37979
37980
37981
37994
37995
37996
37997
38001
38002
38003
38004
38008
38009
38010
38011
38012
38013
38014
38015
38016
38017
38018
38019
38039
38040
38041
38042
38046
38047
38048
38049
38050
38051
38052
38053
38054
38055
38056
38057
38084
38085
38086
38087
38088
38089
38090
38091
38092
38093
38094
38095
38122
38123
38124
38125
38126
38127
38128
38129
38130
38131
38132
38133
38134
38135
38136
38137
38138
38139
38141
38150
38151
38152
38153
38154
38172
38173
38174
38184
38185
38186
38187
38188
38189
38190
38191
38192
38210
38211
38213
38222
38223
38224
38225
38226
38227
38228
38229
38230
38248
38249
38259
38260
38261
38262
38263
38264
38265
38266
38267
38268
38269
38270
38271
38281
38282
38283
38284
38285
38286
38287
38288
38289
38852
38892
38896
38897
38898
38899
38928
38933
38934
38935
38936
38940
38941
38942
38943
38964
38969
38970
38971
38972
38977
38978
38979
38980
38985
38986
38987
38988
39005
39009
39010
39011
39012
39017
39018
39019
39020
39023
39024
39025
39026
39027
39028
39029
39030
39043
39047
39048
39049
39050
39054
39055
39056
39057
39061
39062
39063
39064
39065
39066
39067
39068
39069
39070
39071
39072
39085
39086
39087
39088
39092
39093
39094
39095
39099
39100
39101
39102
39103
39104
39105
39106
39107
39108
39109
39110
39130
39131
39132
39133
39137
39138
39139
39140
39141
39142
39143
39144
39145
39146
39147
39148
39175
39176
39177
39178
39179
39180
39181
39182
39183
39184
39185
39186
39213
39214
39215
39216
39217
39218
39219
39220
39221
39222
39223
39224
39251
39252
39253
39254
39255
39256
39257
39258
39259
39260
39261
39262
39263
39264
39265
39266
39267
39268
39269
39270
39280
39281
39282
39283
39301
39302
39312
39313
39314
39315
39316
39317
39318
39319
39320
39321
39339
39340
39341
39351
39352
39353
39354
39355
39356
39357
39358
39359
39380
39381
39391
39392
39393
39394
39395
39396
39397
39398
39399
39400
39401
39402
39412
39413
39414
39415
39416
39417
39418
39419
39420
39421
39975
40007
40009
40010
40011
40012
40046
40051
40052
40053
40054
40058
40059
40060
40061
40084
40088
40089
40090
40091
40096
40097
40098
40099
40103
40104
40105
40106
40121
40125
40126
40127
40128
40133
40134
40135
40136
40141
40142
40143
40144
40145
40146
40147
40148
40161
40164
40165
40166
40167
40171
40172
40173
40174
40179
40180
40181
40182
40183
40184
40185
40186
40187
40188
40189
40190
40203
40204
40205
40206
40210
40211
40212
40213
40217
40218
40219
40220
40221
40222
40223
40224
40225
40226
40227
40228
40248
40249
40250
40251
40255
40256
40257
40258
40259
40260
40261
40262
40263
40264
40265
40266
40293
40294
40295
40296
40297
40298
40299
40300
40301
40302
40303
40304
40331
40332
40333
40334
40335
40336
40337
40338
40339
40340
40341
40342
40369
40370
40371
40372
40373
40374
40375
40376
40377
40378
40379
40380
40407
40408
40409
40410
40411
40412
40413
40414
40415
40416
40417
40418
40419
40420
40421
40422
40432
40433
40434
40435
40436
40437
40438
40439
40457
40458
40468
40469
40470
40471
40472
40473
40474
40475
40476
40477
40498
40499
40509
40510
40511
40512
40513
40514
40515
40516
40517
40518
40537
40547
40548
40549
40550
40551
40552
40553
40554
40555
40556
40557
40558
40567
40568
40569
40570
40571
40572
40573
40574
40575
40576
40577
41109
41140
41144
41145
41146
41147
41175
41177
41178
41179
41180
41181
41182
41183
41184
41214
41218
41219
41220
41221
41226
41227
41228
41229
41233
41234
41235
41236
41252
41256
41257
41258
41259
41263
41264
41265
41266
41271
41272
41273
41274
41275
41276
41277
41278
41291
41294
41295
41296
41297
41301
41302
41303
41304
41309
41310
41311
41312
41313
41314
41315
41316
41317
41318
41319
41320
41334
41335
41336
41337
41340
41341
41342
41343
41347
41348
41349
41350
41351
41352
41353
41354
41355
41356
41357
41358
41378
41379
41380
41381
41385
41386
41387
41388
41389
41390
41391
41392
41393
41394
41395
41396
41423
41424
41425
41426
41427
41428
41429
41430
41431
41432
41433
41434
41461
41462
41463
41464
41465
41466
41467
41468
41469
41470
41471
41472
41499
41500
41501
41502
41503
41504
41505
41506
41507
41508
41509
41510
41537
41538
41539
41540
41541
41542
41543
41544
41545
41546
41547
41548
41575
41576
41577
41578
41579
41580
41581
41582
41583
41584
41585
41586
41587
41588
41589
41591
41592
41601
41602
41603
41604
41605
41606
41607
41628
41638
41639
41640
41641
41642
41643
41644
41645
41646
41647
41648
41667
41676
41677
41678
41679
41680
41681
41682
41683
41684
41685
41686
41699
41709
41710
41711
41712
41713
41714
41715
41716
41717
41718
41719
41724
41725
41726
41727
41728
41729
41730
41731
41732
41733
41734
41735
42194
42236
42271
42275
42276
42277
42278
42303
42308
42309
42310
42311
42315
42316
42317
42318
42336
42338
42339
42340
42341
42342
42343
42344
42345
42346
42347
42348
42349
42379
42383
42384
42385
42386
42390
42391
42392
42393
42398
42399
42400
42401
42402
42403
42404
42405
42418
42422
42423
42424
42425
42429
42430
42431
42432
42436
42437
42438
42439
42440
42441
42442
42443
42444
42445
42446
42447
42461
42462
42463
42464
42467
42468
42469
42470
42474
42475
42476
42477
42478
42479
42480
42481
42482
42483
42484
42485
42506
42507
42508
42509
42512
42513
42514
42515
42516
42517
42518
42519
42520
42521
42522
42523
42550
42551
42552
42553
42554
42555
42556
42557
42558
42559
42560
42561
42588
42589
42590
42591
42592
42593
42594
42595
42596
42597
42598
42599
42626
42627
42628
42629
42630
42631
42632
42633
42634
42635
42636
42637
42664
42665
42666
42667
42668
42669
42670
42671
42672
42673
42674
42675
42702
42703
42704
42705
42706
42707
42708
42709
42710
42711
42712
42713
42743
42744
42745
42746
42747
42748
42749
42750
42751
42752
42753
42754
42755
42756
42757
42758
42759
42760
42762
42771
42772
42773
42774
42775
42794
42803
42804
42805
42806
42807
42808
42809
42810
42811
42812
42813
42830
42831
42832
42833
42834
42835
42836
42837
42838
42839
42840
42841
42854
42855
42856
42857
42858
42859
42860
42861
42862
42863
42864
42865
42866
42867
42868
42869
42870
42871
42872
42873
42874
42875
42876
42877
43299
43341
43345
43346
43347
43348
43380
43384
43385
43386
43387
43414
43419
43420
43421
43422
43426
43427
43428
43429
43450
43454
43455
43456
43457
43462
43463
43464
43465
43469
43470
43471
43472
43481
43483
43484
43485
43486
43487
43488
43489
43490
43491
43492
43493
43494
43495
43496
43497
43498
43527
43531
43532
43533
43534
43538
43539
43540
43541
43545
43546
43547
43548
43549
43550
43551
43552
43553
43554
43555
43556
43569
43570
43571
43572
43576
43577
43578
43579
43583
43584
43585
43586
43587
43588
43589
43590
43591
43592
43593
43594
43615
43616
43617
43618
43621
43622
43623
43624
43625
43626
43627
43628
43629
43630
43631
43632
43659
43660
43661
43662
43663
43664
43665
43666
43667
43668
43669
43670
43697
43698
43699
43700
43701
43702
43703
43704
43705
43706
43707
43708
43735
43736
43737
43738
43739
43740
43741
43742
43743
43744
43745
43746
43773
43774
43775
43776
43777
43778
43779
43780
43781
43782
43783
43784
43811
43812
43813
43814
43815
43816
43817
43818
43819
43820
43821
43822
43852
43853
43854
43855
43856
43857
43858
43859
43860
43861
43862
43863
43891
43892
43893
43894
43895
43896
43897
43898
43899
43900
43901
43902
43903
43904
43905
43906
43907
43908
43909
43910
43919
43920
43921
43922
43939
43940
43941
43942
43943
43944
43945
43946
43947
43948
43949
43950
43959
43960
43961
43962
43963
43964
43965
43966
43967
43968
43969
43970
43975
43976
43977
43978
43979
43980
43981
43982
43983
43984
43985
43986
43987
43988
43989
43990
43991
43992
43993
43994
44379
44416
44421
44422
44423
44424
44459
44460
44461
44462
44463
44467
44468
44469
44470
44494
44499
44500
44501
44502
44506
44507
44508
44509
44530
44534
44535
44536
44537
44542
44543
44544
44545
44549
44550
44551
44552
44568
44572
44573
44574
44575
44579
44580
44581
44582
44587
44588
44589
44590
44591
44592
44593
44594
44599
44600
44601
44602
44603
44604
44605
44606
44607
44608
44609
44610
44611
44612
44613
44614
44615
44616
44617
44618
44619
44649
44650
44651
44652
44656
44657
44658
44659
44663
44664
44665
44666
44667
44668
44669
44670
44671
44672
44673
44674
44694
44695
44696
44697
44701
44702
44703
44704
44705
44706
44707
44708
44709
44710
44711
44712
44739
44740
44741
44742
44743
44744
44745
44746
44747
44748
44749
44750
44777
44778
44779
44780
44781
44782
44783
44784
44785
44786
44787
44788
44815
44816
44817
44818
44819
44820
44821
44822
44823
44824
44825
44826
44853
44854
44855
44856
44857
44858
44859
44860
44861
44862
44863
44864
44891
44892
44893
44894
44895
44896
44897
44898
44899
44900
44901
44902
44932
44933
44934
44935
44936
44937
44938
44939
44940
44941
44942
44943
44971
44972
44973
44974
44975
44976
44977
44978
44979
44980
44981
44982
45003
45004
45005
45006
45007
45008
45009
45010
45011
45012
45013
45014
45015
45016
45017
45018
45023
45024
45025
45026
45027
45028
45029
45030
45039
45040
45041
45042
45043
45044
45045
45046
45047
45048
45049
45050
45055
45056
45057
45058
45059
45060
45061
45062
45065
45066
45067
45068
45069
45070
45071
45072
45073
45074
45075
45076
45384
45422
45459
45464
45465
45466
45467
45500
45501
45502
45503
45504
45509
45510
45511
45512
45540
45543
45544
45545
45546
45547
45548
45549
45550
45554
45555
45556
45557
45576
45577
45578
45579
45580
45585
45586
45587
45588
45592
45593
45594
45595
45611
45615
45616
45617
45618
45622
45623
45624
45625
45630
45631
45632
45633
45634
45635
45636
45637
45650
45654
45655
45656
45657
45661
45662
45663
45664
45668
45669
45670
45671
45672
45673
45674
45675
45676
45677
45678
45679
45680
45681
45682
45683
45685
45686
45687
45688
45689
45690
45691
45692
45693
45694
45695
45696
45697
45698
45699
45700
45737
45738
45739
45740
45744
45745
45746
45747
45748
45749
45750
45751
45752
45753
45754
45755
45782
45783
45784
45785
45786
45787
45788
45789
45790
45791
45792
45793
45820
45821
45822
45823
45824
45825
45826
45827
45828
45829
45830
45831
45858
45859
45860
45861
45862
45863
45864
45865
45866
45867
45868
45869
45896
45897
45898
45899
45900
45901
45902
45903
45904
45905
45906
45907
45934
45935
45936
45937
45938
45939
45940
45941
45942
45943
45944
45945
45975
45976
45977
45978
45979
45980
45981
45982
45983
45984
45985
45986
46014
46015
46016
46017
46018
46019
46020
46021
46022
46023
46024
46025
46046
46047
46048
46049
46050
46051
46052
46053
46054
46055
46056
46057
46070
46071
46072
46073
46074
46075
46076
46077
46078
46079
46080
46081
46082
46083
46084
46085
46086
46087
46088
46089
46090
46091
46092
46093
46098
46099
46100
46101
46102
46103
46104
46105
46108
46109
46110
46111
46112
46113
46114
46115
46116
46117
46118
46119
46392
46430
46434
46435
46436
46437
46467
46472
46473
46474
46475
46505
46509
46510
46511
46512
46517
46518
46519
46520
46547
46550
46551
46552
46553
46554
46555
46556
46557
46562
46563
46564
46565
46586
46590
46591
46592
46593
46596
46597
46598
46599
46600
46601
46602
46603
46604
46605
46606
46607
46624
46626
46627
46628
46629
46630
46631
46632
46633
46638
46639
46640
46641
46642
46643
46644
46645
46658
46662
46663
46664
46665
46669
46670
46671
46672
46676
46677
46678
46679
46680
46681
46682
46683
46684
46685
46686
46687
46700
46701
46702
46703
46707
46708
46709
46710
46714
46715
46716
46717
46718
46719
46720
46721
46722
46723
46724
46725
46726
46727
46728
46730
46735
46736
46737
46738
46739
46740
46741
46742
46743
46744
46745
46746
46790
46791
46792
46793
46794
46795
46796
46797
46798
46799
46800
46801
46828
46829
46830
46831
46832
46833
46834
46835
46836
46837
46838
46839
46866
46867
46868
46869
46870
46871
46872
46873
46874
46875
46876
46877
46904
46905
46906
46907
46908
46909
46910
46911
46912
46913
46914
46915
46942
46943
46944
46945
46946
46947
46948
46949
46950
46951
46952
46953
46983
46984
46985
46986
46987
46988
46989
46990
46991
46992
46993
46994
47022
47023
47024
47025
47026
47027
47028
47029
47030
47031
47032
47033
47054
47055
47056
47057
47058
47059
47060
47061
47062
47063
47064
47065
47078
47079
47080
47081
47082
47083
47084
47085
47086
47087
47088
47089
47094
47095
47096
47097
47098
47099
47100
47101
47102
47103
47104
47105
47106
47107
47108
47109
47110
47111
47112
47113
47116
47117
47118
47119
47120
47121
47122
47123
47124
47125
47126
47127
47128
47129
47130
47131
47132
47133
47370
47408
47412
47413
47414
47415
47445
47450
47451
47452
47453
47457
47458
47459
47460
47482
47487
47488
47489
47490
47495
47496
47497
47498
47520
47525
47526
47527
47528
47532
47533
47534
47535
47540
47541
47542
47543
47564
47568
47569
47570
47571
47574
47575
47576
47577
47578
47579
47580
47581
47582
47583
47584
47585
47602
47603
47604
47605
47606
47610
47611
47612
47613
47616
47617
47618
47619
47620
47621
47622
47623
47624
47625
47626
47627
47641
47645
47646
47647
47648
47650
47651
47652
47653
47654
47655
47656
47657
47658
47659
47660
47661
47662
47663
47664
47665
47678
47679
47680
47681
47685
47686
47687
47688
47692
47693
47694
47695
47696
47697
47698
47699
47700
47701
47702
47703
47723
47724
47725
47726
47730
47731
47732
47733
47734
47735
47736
47737
47738
47739
47740
47741
47742
47743
47745
47754
47755
47756
47757
47758
47759
47760
47761
47762
47806
47807
47808
47809
47810
47811
47812
47813
47814
47815
47816
47817
47844
47845
47846
47847
47848
47849
47850
47851
47852
47853
47854
47855
47882
47883
47884
47885
47886
47887
47888
47889
47890
47891
47892
47893
47920
47921
47922
47923
47924
47925
47926
47927
47928
47929
47930
47931
47961
47962
47963
47964
47965
47966
47967
47968
47969
47970
47971
47972
48000
48001
48002
48003
48004
48005
48006
48007
48008
48009
48010
48011
48032
48033
48034
48035
48036
48037
48038
48039
48040
48041
48042
48043
48056
48057
48058
48059
48060
48061
48062
48063
48064
48065
48066
48067
48072
48073
48074
48075
48076
48077
48078
48079
48080
48081
48082
48083
48086
48087
48088
48089
48090
48091
48092
48093
48094
48095
48096
48097
48098
48099
48100
48101
48102
48103
48104
48105
48106
48107
48108
48109
48110
48111
48112
48113
48114
48115
48116
48117
48118
48119
48120
48121
48322
48360
48364
48365
48366
48367
48397
48402
48403
48404
48405
48409
48410
48411
48412
48434
48439
48440
48441
48442
48447
48448
48449
48450
48454
48455
48456
48457
48472
48476
48477
48478
48479
48484
48485
48486
48487
48492
48493
48494
48495
48514
48515
48516
48517
48518
48523
48524
48525
48526
48530
48531
48532
48533
48534
48535
48536
48537
48554
48555
48556
48557
48558
48562
48563
48564
48565
48568
48569
48570
48571
48572
48573
48574
48575
48576
48577
48578
48579
48592
48595
48596
48597
48598
48599
48600
48601
48602
48606
48607
48608
48609
48610
48611
48612
48613
48614
48615
48616
48617
48632
48633
48634
48635
48639
48640
48641
48642
48644
48645
48646
48647
48648
48649
48650
48651
48652
48653
48654
48655
48675
48676
48677
48678
48682
48683
48684
48685
48686
48687
48688
48689
48690
48691
48692
48693
48720
48721
48722
48723
48724
48725
48726
48727
48728
48729
48730
48731
48732
48733
48734
48744
48745
48746
48747
48748
48749
48750
48751
48752
48796
48797
48798
48799
48800
48801
48802
48803
48804
48805
48806
48807
48834
48835
48836
48837
48838
48839
48840
48841
48842
48843
48844
48845
48872
48873
48874
48875
48876
48877
48878
48879
48880
48881
48882
48883
48885
48886
48888
48889
48917
48918
48919
48920
48921
48922
48923
48924
48952
48953
48954
48955
48956
48957
48958
48959
48960
48961
48962
48963
48984
48985
48986
48987
48988
48989
48990
48991
48992
48993
48994
48995
49008
49009
49010
49011
49012
49013
49014
49015
49016
49017
49018
49019
49024
49025
49026
49027
49028
49029
49030
49031
49032
49033
49034
49035
49038
49039
49040
49041
49042
49043
49044
49045
49046
49047
49048
49049
49050
49051
49052
49053
49054
49055
49056
49057
49058
49059
49060
49061
49062
49063
49064
49065
49066
49067
49068
49069
49070
49071
49072
49073
49074
49075
49076
49077
49078
49079
49080
49081
49082
49083
49084
49085
49251
49289
49293
49294
49295
49296
49327
49331
49332
49333
49334
49338
49339
49340
49341
49363
49368
49369
49370
49371
49376
49377
49378
49379
49383
49384
49385
49386
49401
49405
49406
49407
49408
49413
49414
49415
49416
49421
49422
49423
49424
49425
49426
49427
49428
49443
49444
49445
49446
49447
49451
49452
49453
49454
49459
49460
49461
49462
49463
49464
49465
49466
49484
49485
49486
49487
49488
49489
49490
49491
49492
49497
49498
49499
49500
49501
49502
49503
49504
49505
49506
49507
49508
49521
49524
49525
49526
49527
49528
49529
49530
49531
49535
49536
49537
49538
49539
49540
49541
49542
49543
49544
49545
49546
49563
49564
49565
49566
49569
49570
49571
49572
49573
49574
49575
49576
49577
49578
49579
49580
49581
49582
49583
49584
49604
49605
49606
49607
49611
49612
49613
49614
49615
49616
49617
49618
49619
49620
49621
49622
49649
49650
49651
49652
49653
49654
49655
49656
49657
49658
49659
49660
49687
49688
49689
49690
49691
49692
49693
49694
49695
49696
49697
49698
49699
49700
49702
49711
49712
49713
49714
49715
49716
49717
49718
49719
49763
49764
49765
49766
49767
49768
49769
49770
49771
49772
49773
49774
49801
49802
49803
49804
49805
49806
49807
49808
49809
49810
49811
49812
49842
49843
49844
49845
49846
49847
49848
49849
49850
49851
49852
49853
49854
49855
49856
49857
49858
49859
49861
49870
49889
49890
49891
49892
49913
49914
49915
49916
49917
49918
49919
49920
49921
49922
49923
49924
49937
49938
49939
49940
49941
49942
49943
49944
49945
49946
49947
49948
49953
49954
49955
49956
49957
49958
49959
49960
49961
49962
49963
49964
49967
49968
49969
49970
49971
49972
49973
49974
49975
49976
49977
49978
49979
49980
49981
49982
49983
49984
49985
49986
49987
49988
49989
49990
49991
49992
49993
49994
49995
49996
49997
49998
49999
50000
50001
50002
50003
50004
50005
50006
50007
50008
50009
50010
50011
50012
50013
50014
50015
50016
50017
50018
50019
50020
50021
50022
50023
50024
50025
50026
50027
50028
50157
50195
50199
50200
50201
50202
50233
50237
50238
50239
50240
50244
50245
50246
50247
50271
50275
50276
50277
50278
50282
50283
50284
50285
50289
50290
50291
50292
50307
50311
50312
50313
50314
50319
50320
50321
50322
50327
50328
50329
50330
50331
50332
50333
50334
50349
50350
50351
50352
50353
50357
50358
50359
50360
50365
50366
50367
50368
50369
50370
50371
50372
50373
50374
50375
50376
50390
50392
50393
50394
50395
50396
50397
50398
50399
50403
50404
50405
50406
50407
50408
50409
50410
50411
50412
50413
50414
50430
50433
50434
50435
50436
50437
50438
50439
50440
50441
50442
50443
50444
50445
50446
50447
50448
50449
50450
50451
50452
50469
50470
50471
50472
50475
50476
50477
50478
50479
50480
50481
50482
50483
50484
50485
50486
50487
50488
50489
50490
50511
50512
50513
50514
50517
50518
50519
50520
50521
50522
50523
50524
50525
50526
50527
50528
50555
50556
50557
50558
50559
50560
50561
50562
50563
50564
50565
50566
50593
50594
50595
50596
50597
50598
50599
50600
50601
50602
50603
50604
50631
50632
50633
50634
50635
50636
50637
50638
50639
50640
50641
50642
50643
50644
50645
50655
50656
50657
50658
50659
50660
50661
50662
50663
50707
50708
50709
50710
50711
50712
50713
50714
50715
50716
50717
50718
50748
50749
50750
50751
50752
50753
50754
50755
50756
50757
50758
50759
50787
50788
50789
50790
50791
50792
50793
50794
50795
50796
50797
50798
50799
50800
50801
50802
50803
50804
50805
50806
50815
50816
50817
50818
50843
50844
50845
50846
50847
50848
50849
50850
50851
50852
50853
50854
50859
50860
50861
50862
50863
50864
50865
50866
50867
50868
50869
50870
50873
50874
50875
50876
50877
50878
50879
50880
50881
50882
50883
50884
50885
50886
50887
50888
50889
50890
50891
50892
50893
50894
50895
50896
50897
50898
50899
50900
50901
50902
50903
50904
50905
50906
50907
50908
50909
50910
50911
50912
50913
50914
50915
50916
50917
50918
50919
50920
50921
50922
50923
50924
50925
50926
50927
50928
50929
50930
50931
50932
50933
50934
50935
50936
50937
50938
50939
50940
50941
50942
50943
50944
50945
50946
50947
51076
51080
51081
51082
51083
51114
51118
51119
51120
51121
51125
51126
51127
51128
51152
51156
51157
51158
51159
51163
51164
51165
51166
51170
51171
51172
51173
51190
51194
51195
51196
51197
51201
51202
51203
51204
51208
51209
51210
51211
51212
51213
51214
51215
51227
51231
51232
51233
51234
51238
51239
51240
51241
51246
51247
51248
51249
51250
51251
51252
51253
51254
51255
51256
51257
51271
51273
51274
51275
51276
51277
51278
51279
51280
51284
51285
51286
51287
51288
51289
51290
51291
51292
51293
51294
51295
51312
51313
51314
51315
51316
51318
51319
51320
51321
51322
51323
51324
51325
51326
51327
51328
51329
51330
51331
51332
51333
51350
51351
51352
51353
51356
51357
51358
51359
51360
51361
51362
51363
51364
51365
51366
51367
51368
51369
51370
51371
51392
51393
51394
51395
51398
51399
51400
51401
51402
51403
51404
51405
51406
51407
51408
51409
51436
51437
51438
51439
51440
51441
51442
51443
51444
51445
51446
51447
51474
51475
51476
51477
51478
51479
51480
51481
51482
51483
51484
51485
51493
51502
51503
51504
51516
51517
51518
51519
51520
51521
51522
51523
51550
51551
51552
51553
51554
51555
51556
51557
51558
51559
51560
51561
51562
51563
51573
51574
51575
51576
51577
51578
51579
51580
51581
51582
51629
51630
51631
51632
51633
51634
51635
51636
51637
51638
51639
51640
51668
51669
51670
51671
51672
51673
51674
51675
51676
51677
51678
51679
51700
51701
51702
51703
51704
51705
51706
51707
51708
51709
51710
51711
51712
51713
51714
51715
51717
51718
51720
51721
51724
51725
51726
51727
51740
51741
51742
51743
51744
51745
51746
51747
51748
51749
51750
51751
51754
51755
51756
51757
51758
51759
51760
51761
51762
51763
51764
51765
51766
51767
51768
51769
51770
51771
51772
51773
51774
51775
51776
51777
51778
51779
51780
51781
51782
51783
51784
51785
51786
51787
51788
51789
51790
51791
51792
51793
51794
51795
51796
51797
51798
51799
51800
51801
51802
51803
51804
51805
51806
51807
51808
51809
51810
51811
51812
51813
51814
51815
51816
51817
51818
51819
51820
51821
51822
51823
51824
51825
51826
51827
51828
51829
51830
51831
51832
51833
51835
51836
51837
51838
51839
51969
51973
51974
51975
51976
51980
51981
51982
51983
52007
52011
52012
52013
52014
52018
52019
52020
52021
52025
52026
52027
52028
52045
52049
52050
52051
52052
52056
52057
52058
52059
52063
52064
52065
52066
52067
52068
52069
52070
52083
52087
52088
52089
52090
52094
52095
52096
52097
52101
52102
52103
52104
52105
52106
52107
52108
52109
52110
52111
52112
52121
52125
52126
52127
52128
52132
52133
52134
52135
52139
52140
52141
52142
52143
52144
52145
52146
52147
52148
52149
52150
52167
52168
52169
52170
52171
52173
52174
52175
52176
52177
52178
52179
52180
52181
52182
52183
52184
52185
52186
52187
52188
52206
52207
52208
52209
52210
52211
52212
52213
52215
52216
52217
52218
52219
52220
52221
52222
52223
52224
52225
52226
52247
52248
52249
52250
52253
52254
52255
52256
52257
52258
52259
52260
52261
52262
52263
52264
52291
52292
52293
52294
52295
52296
52297
52298
52299
52300
52301
52302
52329
52330
52331
52332
52333
52334
52335
52336
52337
52338
52339
52340
52348
52357
52358
52359
52371
52372
52373
52374
52375
52376
52377
52378
52381
52382
52392
52393
52394
52395
52396
52397
52413
52414
52415
52416
52426
52427
52428
52429
52447
52448
52449
52450
52451
52452
52453
52454
52455
52456
52457
52458
52460
52469
52470
52471
52472
52473
52474
52475
52523
52524
52525
52526
52527
52528
52529
52530
52531
52532
52533
52534
52555
52556
52557
52558
52559
52560
52561
52562
52563
52564
52565
52566
52579
52580
52581
52582
52583
52584
52585
52586
52587
52588
52589
52590
52591
52592
52593
52594
52595
52596
52597
52598
52599
52600
52601
52602
52609
52610
52611
52612
52613
52614
52615
52616
52617
52618
52619
52620
52621
52622
52623
52624
52625
52626
52627
52628
52629
52630
52631
52632
52633
52634
52635
52636
52637
52638
52639
52640
52641
52642
52643
52644
52645
52646
52647
52648
52649
52650
52651
52652
52653
52654
52655
52656
52657
52658
52659
52660
52661
52662
52663
52664
52665
52666
52667
52668
52669
52670
52671
52672
52673
52674
52675
52676
52677
52679
52680
52681
52682
52683
52684
52685
52686
52687
52688
52689
52691
52692
52693
52694
52695
52697
52698
52699
52700
52701
52705
52706
52707
52708
52838
52842
52843
52844
52845
52849
52850
52851
52852
52856
52857
52858
52859
52876
52880
52881
52882
52883
52887
52888
52889
52890
52894
52895
52896
52897
52898
52899
52900
52901
52914
52918
52919
52920
52921
52925
52926
52927
52928
52932
52933
52934
52935
52936
52937
52938
52939
52940
52941
52942
52943
52952
52956
52957
52958
52959
52963
52964
52965
52966
52970
52971
52972
52973
52974
52975
52976
52977
52978
52979
52980
52981
52993
52994
52995
52996
52997
53001
53002
53003
53004
53008
53009
53010
53011
53012
53013
53014
53015
53016
53017
53018
53019
53037
53038
53039
53040
53041
53042
53043
53044
53046
53047
53048
53049
53050
53051
53052
53053
53054
53055
53056
53057
53080
53081
53082
53083
53084
53085
53086
53087
53088
53089
53090
53091
53092
53093
53094
53095
53122
53123
53124
53125
53126
53127
53128
53129
53130
53131
53132
53133
53160
53161
53162
53163
53164
53165
53166
53167
53168
53169
53170
53171
53179
53188
53189
53190
53202
53203
53204
53205
53206
53207
53208
53209
53212
53213
53223
53224
53225
53226
53227
53228
53244
53245
53246
53247
53248
53249
53251
53260
53261
53262
53263
53264
53265
53266
53267
53268
53286
53287
53289
53290
53299
53300
53301
53302
53323
53324
53325
53326
53327
53328
53329
53330
53331
53332
53334
53343
53344
53345
53346
53347
53386
53387
53388
53389
53390
53391
53392
53393
53394
53395
53396
53397
53410
53411
53412
53413
53414
53415
53416
53417
53418
53419
53420
53421
53426
53427
53428
53429
53430
53431
53432
53433
53434
53435
53436
53437
53438
53439
53440
53441
53442
53443
53444
53445
53448
53449
53450
53451
53452
53453
53454
53455
53456
53457
53458
53459
53460
53461
53462
53463
53464
53465
53466
53467
53468
53469
53470
53471
53472
53473
53474
53475
53476
53477
53478
53479
53480
53481
53482
53483
53484
53485
53486
53487
53488
53489
53490
53491
53492
53493
53494
53495
53496
53497
53498
53499
53500
53501
53502
53503
53504
53505
53506
53507
53508
53510
53511
53512
53513
53514
53516
53517
53518
53519
53520
53524
53525
53526
53527
53529
53530
53531
53532
53533
53537
53538
53539
53540
53543
53544
53545
53546
53547
53552
53553
53663
53664
53665
53666
53683
53687
53688
53689
53690
53694
53695
53696
53697
53701
53702
53703
53704
53705
53706
53707
53708
53720
53725
53726
53727
53728
53732
53733
53734
53735
53739
53740
53741
53742
53743
53744
53745
53746
53747
53748
53749
53750
53762
53763
53764
53765
53766
53770
53771
53772
53773
53777
53778
53779
53780
53781
53782
53783
53784
53785
53786
53787
53788
53800
53801
53802
53803
53804
53808
53809
53810
53811
53815
53816
53817
53818
53819
53820
53821
53822
53823
53824
53825
53826
53842
53843
53844
53845
53846
53847
53848
53849
53853
53854
53855
53856
53857
53858
53859
53860
53861
53862
53863
53864
53887
53888
53889
53890
53891
53892
53893
53894
53895
53896
53897
53898
53899
53900
53901
53902
53929
53930
53931
53932
53933
53934
53935
53936
53937
53938
53939
53940
53967
53968
53969
53970
53971
53972
53973
53974
53975
53976
53977
53978
53986
53995
53996
53997
54009
54010
54011
54012
54013
54014
54015
54016
54019
54020
54030
54031
54032
54033
54034
54035
54051
54052
54053
54054
54055
54056
54058
54067
54068
54069
54070
54071
54072
54073
54074
54075
54093
54094
54095
54105
54106
54107
54108
54109
54110
54111
54112
54113
54134
54135
54136
54137
54138
54139
54141
54150
54151
54152
54153
54154
54173
54174
54175
54176
54177
54178
54179
54180
54189
54190
54191
54192
54217
54218
54219
54220
54221
54222
54223
54224
54225
54226
54227
54228
54233
54234
54235
54236
54237
54238
54239
54240
54241
54242
54243
54244
54247
54248
54249
54250
54251
54252
54253
54254
54255
54256
54257
54258
54259
54260
54261
54262
54263
54264
54265
54266
54267
54268
54269
54270
54271
54272
54273
54274
54275
54276
54277
54278
54279
54280
54281
54282
54283
54284
54285
54286
54287
54288
54289
54290
54291
54292
54293
54294
54295
54296
54297
54298
54299
54300
54301
54302
54303
54304
54305
54306
54307
54308
54309
54310
54311
54312
54313
54314
54315
54317
54318
54319
54320
54321
54323
54324
54325
54326
54327
54331
54332
54333
54334
54337
54338
54339
54340
54341
54346
54347
54350
54351
54352
54353
54354
54359
54360
54364
54365
54367
54368
54369
54376
54404
54415
54416
54417
54486
54487
54488
54489
54490
54491
54492
54493
54505
54510
54511
54512
54513
54517
54518
54519
54520
54524
54525
54526
54527
54528
54529
54530
54531
54532
54533
54534
54535
54544
54545
54546
54547
54548
54555
54556
54557
54558
54562
54563
54564
54565
54566
54567
54568
54569
54570
54571
54572
54573
54588
54589
54590
54591
54592
54593
54594
54595
54596
54600
54601
54602
54603
54604
54605
54606
54607
54608
54609
54610
54611
54627
54628
54629
54630
54631
54632
54633
54634
54638
54639
54640
54641
54642
54643
54644
54645
54646
54647
54648
54649
54672
54673
54674
54675
54676
54677
54678
54679
54680
54681
54682
54683
54684
54685
54686
54687
54714
54715
54716
54717
54718
54719
54720
54721
54722
54723
54724
54725
54752
54753
54754
54755
54756
54757
54758
54759
54760
54761
54762
54763
54771
54780
54781
54782
54794
54795
54796
54797
54798
54799
54800
54801
54804
54805
54815
54816
54817
54818
54819
54820
54836
54837
54838
54839
54840
54841
54851
54852
54853
54854
54855
54856
54857
54858
54859
54860
54878
54879
54880
54890
54891
54892
54893
54894
54895
54896
54897
54898
54919
54920
54921
54923
54925
54926
54934
54935
54936
54937
54938
54939
54958
54959
54960
54961
54962
54963
54964
54965
54974
54975
54976
54977
54990
54991
54992
54993
54995
54999
55000
55001
55002
55003
55004
55005
55018
55019
55020
55021
55022
55023
55024
55025
55026
55027
55028
55029
55032
55033
55034
55035
55036
55037
55038
55039
55040
55041
55042
55043
55044
55045
55046
55047
55048
55049
55050
55051
55052
55053
55054
55055
55056
55057
55058
55059
55060
55061
55062
55063
55064
55065
55066
55067
55068
55069
55070
55071
55072
55073
55074
55075
55076
55077
55078
55079
55080
55081
55082
55083
55084
55085
55086
55087
55088
55089
55090
55091
55092
55093
55094
55095
55096
55097
55098
55099
55100
55102
55103
55104
55105
55106
55108
55109
55110
55111
55112
55116
55117
55118
55119
55122
55123
55124
55125
55126
55131
55132
55136
55137
55139
55140
55141
55148
55152
55153
55155
55156
55157
55163
55187
55189
55191
55193
55204
55207
55216
55217
55218
55219
55220
55221
55290
55291
55292
55293
55294
55295
55296
55297
55298
55299
55300
55301
55310
55311
55312
55313
55314
55321
55322
55323
55324
55328
55329
55330
55331
55332
55333
55334
55335
55336
55337
55338
55339
55347
55348
55349
55350
55351
55352
55353
55354
55355
55366
55367
55368
55369
55370
55371
55372
55373
55374
55375
55376
55377
55396
55397
55398
55399
55400
55401
55402
55403
55404
55405
55406
55407
55408
55409
55410
55411
55412
55413
55414
55415
55438
55439
55440
55441
55442
55443
55444
55445
55446
55447
55448
55449
55450
55451
55452
55453
55480
55481
55482
55483
55484
55485
55486
55487
55488
55489
55490
55491
55518
55519
55520
55521
55522
55523
55524
55525
55526
55527
55528
55529
55537
55546
55547
55548
55560
55561
55562
55563
55564
55565
55566
55567
55570
55571
55581
55582
55583
55584
55585
55586
55602
55603
55604
55605
55606
55607
55617
55618
55619
55620
55621
55622
55623
55624
55625
55626
55644
55645
55646
55648
55649
55658
55659
55660
55661
55662
55663
55664
55685
55686
55688
55697
55698
55699
55700
55701
55702
55703
55704
55705
55724
55725
55726
55727
55728
55729
55730
55739
55740
55741
55742
55743
55756
55757
55758
55759
55764
55765
55766
55767
55768
55769
55770
55771
55780
55781
55782
55783
55784
55785
55786
55787
55788
55789
55790
55791
55798
55799
55800
55801
55802
55803
55804
55805
55806
55807
55808
55809
55810
55811
55812
55813
55814
55815
55816
55817
55818
55819
55820
55821
55822
55823
55824
55825
55826
55827
55828
55829
55830
55831
55832
55833
55834
55835
55836
55837
55838
55839
55840
55841
55842
55843
55844
55845
55846
55847
55848
55849
55850
55851
55852
55853
55854
55855
55856
55857
55858
55859
55860
55861
55862
55863
55864
55865
55866
55868
55869
55870
55871
55872
55874
55875
55876
55877
55878
55882
55883
55884
55885
55888
55889
55890
55891
55892
55897
55898
55902
55903
55905
55906
55907
55913
55968
55970
55971
55972
55973
55974
55976
55985
55987
55988
55989
55999
56000
56001
56002
56003
56004
56005
56006
56007
56075
56076
56077
56078
56079
56080
56081
56082
56083
56084
56085
56086
56094
56095
56096
56097
56098
56099
56100
56101
56102
56113
56114
56115
56116
56117
56118
56119
56120
56121
56122
56123
56124
56131
56132
56134
56135
56136
56137
56138
56139
56140
56141
56142
56143
56155
56156
56157
56158
56159
56160
56161
56162
56185
56186
56187
56188
56189
56190
56191
56192
56193
56194
56195
56196
56197
56198
56199
56200
56227
56228
56229
56230
56231
56232
56233
56234
56235
56236
56237
56238
56265
56266
56267
56268
56269
56270
56271
56272
56273
56274
56275
56276
56284
56293
56294
56295
56307
56308
56309
56310
56311
56312
56313
56314
56317
56318
56328
56329
56330
56331
56332
56333
56349
56350
56351
56352
56353
56354
56356
56365
56366
56367
56368
56369
56370
56371
56372
56373
56391
56392
56393
56395
56396
56405
56406
56407
56408
56409
56410
56411
56432
56433
56434
56435
56436
56437
56439
56448
56449
56450
56451
56452
56471
56472
56473
56482
56483
56484
56485
56486
56487
56488
56489
56490
56503
56504
56505
56506
56507
56508
56510
56514
56515
56516
56517
56518
56527
56528
56529
56530
56531
56532
56533
56534
56535
56536
56537
56538
56543
56544
56545
56546
56547
56548
56549
56550
56553
56554
56555
56556
56557
56558
56559
56560
56561
56562
56563
56564
56565
56566
56567
56568
56569
56570
56571
56572
56573
56574
56575
56576
56577
56578
56579
56580
56581
56582
56583
56584
56585
56586
56587
56588
56589
56590
56591
56592
56593
56594
56595
56596
56597
56598
56599
56600
56601
56602
56603
56604
56605
56606
56607
56608
56609
56610
56611
56612
56613
56615
56616
56617
56618
56619
56621
56622
56623
56624
56625
56629
56630
56631
56632
56635
56636
56637
56638
56639
56644
56645
56649
56650
56652
56653
56654
56660
56737
56738
56739
56740
56741
56742
56743
56744
56754
56755
56756
56757
56758
56759
56761
56770
56771
56772
56773
56774
56775
56776
56777
56778
56846
56847
56848
56849
56850
56851
56852
56853
56854
56855
56856
56857
56864
56865
56866
56868
56869
56870
56871
56872
56873
56874
56875
56876
56888
56889
56890
56891
56892
56893
56894
56895
56898
56899
56905
56906
56907
56908
56909
56910
56911
56912
56913
56914
56930
56931
56932
56933
56960
56961
56962
56963
56964
56965
56966
56967
56968
56969
56970
56971
56973
56983
56984
56985
57002
57003
57004
57005
57006
57007
57008
57009
57017
57026
57027
57028
57040
57041
57042
57043
57044
57045
57046
57047
57050
57051
57061
57062
57063
57064
57065
57066
57082
57083
57084
57085
57086
57087
57089
57098
57099
57100
57101
57102
57103
57104
57105
57106
57124
57125
57126
57136
57137
57138
57139
57140
57141
57142
57143
57144
57165
57166
57167
57168
57169
57170
57172
57181
57182
57183
57184
57185
57204
57205
57206
57207
57208
57209
57210
57211
57220
57221
57222
57223
57236
57237
57239
57243
57244
57245
57246
57247
57248
57249
57250
57251
57260
57261
57262
57263
57264
57265
57266
57267
57268
57269
57270
57271
57276
57277
57278
57279
57280
57281
57282
57283
57286
57287
57288
57289
57290
57291
57292
57293
57294
57295
57296
57297
57298
57299
57300
57301
57302
57303
57304
57305
57306
57307
57308
57309
57310
57311
57312
57313
57314
57315
57316
57317
57318
57319
57320
57321
57322
57323
57324
57325
57326
57327
57328
57329
57330
57331
57332
57333
57334
57335
57336
57337
57338
57339
57340
57341
57342
57343
57344
57345
57346
57348
57349
57350
57351
57352
57354
57355
57356
57357
57358
57362
57363
57364
57365
57368
57369
57370
57371
57372
57377
57378
57382
57383
57385
57386
57387
57392
57499
57500
57501
57502
57504
57513
57514
57515
57516
57517
57518
57519
57520
57521
57522
57532
57533
57534
57535
57536
57537
57538
57539
57540
57589
57598
57599
57600
57612
57613
57614
57615
57616
57617
57618
57619
57622
57623
57625
57630
57631
57632
57633
57634
57635
57636
57637
57638
57654
57655
57656
57657
57658
57659
57669
57670
57671
57672
57673
57674
57675
57676
57677
57678
57697
57707
57708
57709
57726
57727
57728
57729
57730
57731
57732
57733
57734
57736
57745
57746
57747
57748
57749
57750
57768
57769
57770
57771
57774
57775
57785
57786
57787
57788
57789
57790
57806
57807
57808
57809
57810
57811
57821
57822
57823
57824
57825
57826
57827
57828
57829
57830
57848
57849
57850
57860
57861
57862
57863
57864
57865
57866
57867
57868
57889
57890
57892
57901
57902
57903
57904
57905
57906
57907
57908
57909
57928
57929
57930
57931
57932
57933
57934
57935
57944
57945
57946
57947
57960
57961
57962
57963
57968
57969
57970
57971
57972
57973
57974
57975
57984
57985
57986
57987
57988
57989
57990
57991
57992
57993
57994
57995
58000
58001
58002
58003
58004
58005
58006
58007
58010
58011
58012
58013
58014
58015
58016
58017
58018
58019
58020
58021
58022
58023
58024
58025
58026
58027
58028
58029
58030
58031
58032
58033
58034
58035
58036
58037
58038
58039
58040
58041
58042
58043
58044
58045
58046
58047
58048
58049
58050
58051
58052
58053
58054
58055
58056
58057
58058
58059
58060
58061
58062
58063
58064
58065
58066
58067
58068
58069
58070
58072
58073
58074
58075
58076
58078
58079
58080
58081
58082
58086
58087
58088
58089
58092
58093
58094
58095
58096
58100
58101
58105
58106
58108
58109
58110
58115
58250
58251
58252
58253
58255
58256
58265
58266
58267
58268
58269
58270
58271
58272
58274
58283
58284
58285
58286
58287
58288
58289
58290
58291
58335
58336
58346
58347
58348
58349
58350
58351
58367
58368
58369
58370
58371
58372
58374
58383
58384
58385
58386
58387
58388
58389
58390
58391
58409
58410
58411
58413
58414
58423
58424
58425
58426
58427
58428
58429
58447
58449
58458
58459
58460
58461
58462
58463
58481
58482
58483
58484
58485
58486
58487
58497
58498
58499
58500
58501
58502
58503
58504
58505
58523
58524
58534
58535
58536
58537
58538
58539
58540
58541
58542
58543
58561
58562
58563
58565
58566
58575
58576
58577
58578
58579
58580
58581
58602
58603
58605
58614
58615
58616
58617
58618
58619
58620
58621
58622
58641
58642
58643
58652
58653
58654
58655
58656
58657
58658
58659
58660
58673
58674
58675
58676
58678
58682
58683
58684
58685
58686
58687
58688
58697
58698
58699
58700
58701
58702
58703
58704
58705
58706
58707
58708
58713
58714
58715
58716
58717
58718
58719
58720
58723
58724
58725
58726
58727
58728
58729
58730
58731
58732
58733
58734
58735
58736
58737
58738
58739
58740
58741
58742
58743
58744
58745
58746
58747
58748
58749
58750
58751
58752
58753
58754
58755
58756
58757
58758
58759
58760
58761
58762
58763
58764
58765
58766
58767
58768
58769
58770
58771
58772
58773
58774
58775
58776
58777
58778
58779
58780
58781
58782
58783
58785
58786
58787
58788
58789
58791
58792
58793
58794
58795
58799
58800
58801
58802
58805
58806
58807
58808
58810
58813
58814
58818
58819
58821
58822
58823
58828
58999
59000
59001
59002
59003
59004
59005
59007
59016
59017
59018
59019
59020
59021
59022
59032
59033
59034
59035
59036
59037
59038
59039
59040
59082
59083
59085
59094
59095
59096
59097
59098
59099
59100
59101
59102
59120
59121
59122
59123
59125
59126
59135
59136
59137
59138
59139
59140
59158
59159
59160
59161
59162
59163
59165
59174
59175
59176
59177
59178
59196
59197
59198
59208
59209
59210
59211
59212
59213
59214
59215
59216
59234
59235
59237
59246
59247
59248
59249
59250
59251
59252
59253
59254
59272
59273
59274
59276
59277
59286
59287
59288
59289
59290
59291
59292
59313
59314
59315
59316
59317
59318
59320
59329
59330
59331
59332
59333
59352
59353
59354
59363
59364
59365
59366
59367
59368
59369
59370
59371
59384
59385
59387
59391
59392
59393
59394
59395
59396
59397
59398
59399
59408
59409
59410
59411
59412
59413
59414
59415
59416
59417
59418
59419
59424
59425
59426
59427
59428
59429
59430
59431
59434
59435
59436
59437
59438
59439
59440
59441
59442
59443
59444
59445
59446
59447
59448
59449
59450
59451
59452
59453
59454
59455
59456
59457
59458
59459
59460
59461
59462
59463
59464
59465
59466
59467
59468
59469
59470
59471
59472
59473
59474
59475
59476
59477
59478
59479
59480
59481
59482
59483
59484
59485
59486
59487
59488
59489
59490
59491
59492
59493
59494
59496
59497
59498
59499
59500
59502
59503
59504
59505
59506
59510
59511
59512
59513
59516
59517
59518
59519
59520
59523
59524
59528
59529
59531
59532
59533
59538
59754
59755
59756
59757
59758
59759
59760
59761
59771
59772
59773
59774
59775
59776
59778
59787
59788
59789
59790
59791
59792
59793
59794
59795
59837
59838
59839
59849
59850
59851
59852
59853
59854
59855
59856
59857
59875
59876
59877
59878
59879
59880
59881
59883
59892
59893
59894
59895
59913
59914
59915
59916
59917
59918
59919
59920
59930
59931
59932
59933
59951
59952
59954
59963
59964
59965
59966
59967
59968
59969
59970
59971
59989
59990
59991
60001
60002
60003
60004
60005
60006
60007
60008
60009
60030
60031
60032
60033
60034
60035
60045
60046
60047
60048
60049
60050
60069
60070
60071
60072
60073
60074
60075
60076
60085
60086
60087
60088
60101
60102
60107
60108
60109
60110
60111
60112
60113
60114
60115
60116
60125
60126
60127
60128
60129
60130
60131
60132
60133
60134
60135
60136
60141
60142
60143
60144
60145
60146
60147
60148
60151
60152
60153
60154
60155
60156
60157
60158
60159
60160
60161
60162
60163
60164
60165
60166
60167
60168
60169
60170
60171
60172
60173
60174
60175
60176
60177
60178
60179
60180
60181
60182
60183
60184
60185
60186
60187
60188
60189
60190
60191
60192
60193
60194
60195
60196
60197
60198
60199
60200
60201
60202
60203
60204
60205
60206
60207
60208
60209
60210
60211
60213
60214
60215
60216
60217
60219
60220
60221
60222
60223
60225
60226
60227
60228
60231
60232
60233
60234
60235
60238
60239
60243
60244
60246
60247
60248
60252
60507
60508
60509
60510
60512
60521
60522
60523
60524
60525
60526
60527
60528
60529
60530
60540
60541
60542
60543
60544
60545
60546
60547
60548
60590
60591
60593
60602
60603
60604
60605
60606
60607
60608
60609
60610
60628
60629
60630
60631
60632
60633
60634
60635
60645
60646
60647
60648
60666
60667
60668
60669
60679
60680
60681
60682
60683
60684
60685
60686
60704
60705
60706
60716
60717
60718
60719
60720
60721
60722
60723
60724
60745
60746
60748
60757
60758
60759
60760
60761
60762
60763
60764
60765
60784
60785
60786
60787
60788
60789
60798
60799
60800
60801
60802
60803
60816
60817
60818
60819
60820
60825
60826
60827
60828
60829
60830
60831
60840
60841
60842
60843
60844
60845
60846
60847
60848
60849
60850
60851
60856
60857
60858
60859
60860
60861
60862
60863
60866
60867
60868
60869
60870
60871
60872
60873
60874
60875
60876
60877
60878
60879
60880
60881
60882
60883
60884
60885
60886
60887
60888
60889
60890
60891
60892
60893
60894
60895
60896
60897
60898
60899
60900
60901
60902
60903
60904
60905
60906
60907
60908
60909
60910
60911
60912
60913
60914
60915
60916
60917
60918
60919
60920
60921
60923
60924
60925
60926
60927
60928
60929
60930
60931
60932
60934
60935
60936
60937
60938
60940
60941
60942
60943
60946
60947
60948
60949
60950
60953
60954
60958
60959
60961
60962
60963
60967
61180
61274
61275
61276
61277
61279
61281
61289
61290
61291
61292
61293
61294
61295
61296
61298
61307
61308
61309
61310
61311
61312
61313
61314
61315
61357
61358
61359
61369
61370
61371
61372
61373
61374
61375
61376
61377
61395
61396
61397
61398
61400
61409
61410
61411
61412
61413
61414
61415
61433
61434
61435
61437
61438
61447
61448
61449
61450
61451
61452
61453
61474
61475
61477
61486
61487
61488
61489
61490
61491
61492
61493
61494
61513
61514
61515
61524
61525
61526
61527
61528
61529
61530
61531
61532
61545
61546
61551
61552
61553
61554
61555
61556
61557
61558
61559
61560
61569
61570
61571
61572
61573
61574
61575
61576
61577
61578
61579
61580
61585
61586
61587
61588
61589
61590
61591
61592
61595
61596
61597
61598
61599
61600
61601
61602
61603
61604
61605
61606
61607
61608
61609
61610
61611
61612
61613
61614
61615
61616
61617
61618
61619
61620
61621
61622
61623
61624
61625
61626
61627
61628
61629
61630
61631
61632
61633
61634
61635
61636
61637
61638
61639
61640
61641
61642
61643
61644
61645
61646
61647
61648
61649
61650
61652
61653
61654
61655
61656
61657
61658
61659
61660
61661
61662
61663
61664
61665
61666
61667
61668
61669
61670
61671
61674
61675
61676
61677
61678
61681
61682
61686
61687
61688
61689
61690
61694
61869
61870
61953
61955
61957
61966
61967
62089
62090
62091
62092
62093
62094
62095
62097
62106
62107
62108
62109
62110
62111
62112
62122
62123
62124
62125
62126
62127
62128
62129
62130
62172
62173
62175
62184
62185
62186
62187
62188
62189
62190
62191
62192
62210
62211
62212
62213
62215
62216
62225
62226
62227
62228
62229
62230
62251
62252
62253
62254
62255
62256
62258
62267
62268
62269
62270
62271
62290
62291
62292
62301
62302
62303
62304
62305
62306
62307
62308
62309
62322
62323
62324
62329
62330
62331
62332
62333
62334
62335
62336
62337
62346
62347
62348
62349
62350
62351
62352
62353
62354
62355
62356
62357
62362
62363
62364
62365
62366
62367
62368
62369
62372
62373
62374
62375
62376
62377
62378
62379
62380
62381
62382
62383
62384
62385
62386
62387
62388
62389
62390
62391
62392
62393
62394
62395
62396
62397
62398
62399
62400
62401
62402
62403
62404
62405
62406
62407
62408
62409
62410
62411
62412
62413
62414
62415
62416
62417
62418
62419
62420
62421
62422
62423
62424
62425
62426
62427
62428
62429
62430
62431
62432
62433
62434
62435
62436
62437
62438
62439
62440
62441
62442
62443
62444
62445
62446
62447
62448
62449
62450
62451
62452
62453
62454
62458
62459
62460
62461
62462
62466
62621
62623
62625
62626
62651
62652
62653
62654
62655
62656
62657
62658
62803
62804
62805
62806
62807
62808
62809
62810
62823
62824
62969
62970
62971
62972
62973
62974
62975
62976
62986
62987
62988
62989
62990
62991
62993
63002
63003
63004
63005
63006
63007
63008
63009
63010
63052
63053
63054
63064
63065
63066
63067
63068
63069
63070
63071
63072
63093
63094
63095
63096
63097
63098
63099
63101
63110
63111
63112
63113
63132
63133
63134
63135
63136
63137
63138
63139
63148
63149
63150
63151
63164
63165
63167
63171
63172
63173
63174
63175
63176
63177
63178
63179
63188
63189
63190
63191
63192
63193
63194
63195
63196
63197
63198
63199
63204
63205
63206
63207
63208
63209
63210
63211
63214
63215
63216
63217
63218
63219
63220
63221
63222
63223
63224
63225
63226
63227
63228
63229
63230
63231
63232
63233
63234
63235
63236
63237
63238
63239
63240
63241
63242
63243
63244
63245
63246
63247
63248
63249
63250
63251
63252
63253
63254
63255
63256
63257
63258
63259
63260
63261
63262
63263
63264
63265
63266
63267
63268
63269
63270
63271
63272
63273
63274
63275
63276
63277
63278
63279
63280
63281
63282
63283
63284
63285
63286
63287
63288
63289
63290
63291
63292
63293
63294
63295
63297
63298
63299
63301
63302
63448
63449
63450
63451
63452
63453
63454
63455
63456
63457
63458
63459
63460
63461
63462
63463
63464
63465
63475
63476
63508
63509
63510
63511
63731
63732
63733
63734
63738
63749
63750
63751
63752
63753
63754
63755
63756
63757
63924
63925
63926
63927
63929
63941
63942
63943
63944
63945
63946
63947
63948
63949
63950
63962
63963
63964
63965
63966
63967
63968
63969
63970
64015
64016
64018
64027
64028
64029
64030
64031
64032
64033
64034
64035
64054
64055
64056
64057
64058
64059
64060
64061
64070
64071
64072
64073
64086
64087
64088
64089
64091
64095
64096
64097
64098
64099
64100
64101
64110
64111
64112
64113
64114
64115
64116
64117
64118
64119
64120
64121
64126
64127
64128
64129
64130
64131
64132
64133
64136
64137
64138
64139
64140
64141
64142
64143
64144
64145
64146
64147
64148
64149
64150
64151
64152
64153
64154
64155
64156
64157
64158
64159
64160
64161
64162
64163
64164
64165
64166
64167
64168
64169
64170
64171
64172
64173
64174
64175
64176
64177
64178
64179
64180
64181
64182
64183
64184
64185
64186
64187
64188
64189
64190
64191
64192
64193
64194
64195
64196
64197
64198
64199
64200
64201
64202
64203
64204
64205
64206
64207
64208
64209
64210
64211
64212
64213
64214
64215
64217
64218
64219
64221
64222
64223
64226
64368
64369
64370
64371
64372
64373
64374
64375
64376
64377
64378
64379
64380
64381
64382
64383
64384
64385
64387
64396
64397
64398
64399
64400
64401
64402
64403
64404
64405
64406
64742
64743
64744
64745
64746
64747
64760
64761
64762
64763
64764
64765
64766
64767
64768
64769
64770
64771
64772
64773
64774
64963
64964
64965
64966
64967
64969
64977
64978
64979
64980
64981
64982
64983
64984
64986
65000
65001
65002
65003
65004
65005
65006
65007
65008
65049
65050
65051
65060
65061
65062
65063
65064
65065
65066
65067
65068
65081
65082
65083
65084
65086
65090
65091
65092
65093
65094
65095
65096
65105
65106
65107
65108
65109
65110
65111
65112
65113
65114
65115
65116
65121
65122
65123
65124
65125
65126
65127
65128
65131
65132
65133
65134
65135
65136
65137
65138
65139
65140
65141
65142
65143
65144
65145
65146
65147
65148
65149
65150
65151
65152
65153
65154
65155
65156
65157
65158
65159
65160
65161
65162
65163
65164
65165
65166
65167
65168
65169
65170
65171
65172
65173
65174
65175
65176
65177
65178
65179
65180
65181
65182
65183
65184
65185
65186
65187
65188
65189
65190
65191
65192
65193
65194
65195
65196
65197
65198
65199
65200
65201
65202
65203
65204
65205
65207
65208
65210
65211
65214
65375
65376
65377
65378
65379
65380
65381
65382
65383
65384
65385
65386
65387
65397
65398
65399
65400
65401
65402
65403
65404
65405
65406
65407
65408
65409
65410
65411
65412
65413
65414
65415
65416
65417
65418
65419
65828
65829
65830
65831
65832
65845
65847
65848
65849
65850
65851
65852
65853
65854
65855
65856
65857
65858
65859
65860
65861
65862
65863
65864
65865
65866
65867
65868
66058
66059
66060
66061
66062
66063
66064
66067
66068
66072
66073
66074
66075
66076
66077
66091
66092
66094
66095
66096
66097
66098
66099
66100
66132
66133
66135
66139
66140
66141
66142
66143
66144
66145
66146
66147
66156
66157
66158
66159
66160
66161
66162
66163
66164
66165
66166
66167
66172
66173
66174
66175
66176
66177
66178
66179
66182
66183
66184
66185
66186
66187
66188
66189
66190
66191
66192
66193
66194
66195
66196
66197
66198
66199
66200
66201
66202
66203
66204
66205
66206
66207
66208
66209
66210
66211
66212
66213
66214
66215
66216
66217
66218
66219
66220
66221
66222
66223
66224
66225
66226
66227
66228
66229
66230
66231
66232
66233
66234
66235
66236
66237
66238
66239
66240
66241
66242
66243
66244
66245
66246
66247
66248
66249
66250
66251
66253
66254
66256
66257
66461
66462
66463
66464
66465
66466
66467
66468
66469
66470
66480
66481
66482
66483
66484
66485
66486
66487
66488
66489
66490
66491
66492
66493
66494
66495
66496
66497
66498
66499
66500
66501
66502
66503
66504
66505
66506
66507
66508
66509
66510
66511
66985
66998
66999
67000
67001
67002
67003
67004
67005
67006
67007
67008
67009
67010
67011
67012
67013
67014
67015
67016
67017
67018
67019
67020
67021
67022
67023
67024
67025
67026
67027
67028
67209
67210
67211
67212
67213
67214
67217
67218
67219
67220
67221
67222
67224
67235
67236
67238
67239
67240
67241
67242
67243
67244
67245
67268
67269
67270
67271
67272
67273
67274
67275
67276
67277
67278
67279
67284
67285
67286
67287
67288
67289
67290
67291
67294
67295
67296
67297
67298
67299
67300
67301
67302
67303
67304
67305
67306
67307
67308
67309
67310
67311
67312
67313
67314
67315
67316
67317
67318
67319
67320
67321
67322
67323
67324
67325
67326
67327
67328
67329
67330
67331
67332
67333
67334
67335
67336
67337
67338
67339
67340
67341
67342
67343
67344
67345
67346
67347
67348
67349
67350
67351
67352
67353
67354
67355
67356
67357
67358
67359
67360
67361
67363
67365
67618
67619
67620
67621
67622
67623
67624
67625
67626
67635
67636
67637
67638
67639
67640
67641
67642
67643
67644
67645
67646
67647
67648
67649
67650
67651
67652
67653
67654
67655
67656
67657
67658
67659
67660
67661
67662
67663
67664
67665
67666
67667
67668
67669
67670
67671
68189
68190
68191
68192
68193
68197
68207
68208
68209
68210
68211
68212
68213
68214
68215
68216
68217
68218
68219
68220
68221
68222
68223
68224
68225
68226
68227
68228
68229
68230
68231
68232
68233
68234
68235
68236
68237
68238
68239
68240
68241
68242
68446
68447
68449
68450
68451
68452
68453
68454
68455
68456
68458
68459
68461
68465
68466
68467
68468
68469
68470
68471
68472
68473
68488
68489
68490
68491
68492
68493
68494
68495
68498
68499
68500
68501
68502
68503
68504
68505
68506
68507
68508
68509
68510
68511
68512
68513
68514
68515
68516
68517
68518
68519
68520
68521
68522
68523
68524
68525
68526
68527
68528
68529
68530
68531
68532
68533
68534
68535
68536
68537
68538
68539
68540
68541
68542
68543
68544
68545
68546
68547
68548
68549
68550
68551
68552
68553
68554
68555
68557
68559
68864
68865
68866
68867
68868
68869
68870
68871
68872
68873
68875
68879
68880
68881
68882
68883
68884
68885
68886
68887
68888
68889
68890
68891
68892
68893
68894
68895
68896
68897
68898
68899
68900
68901
68902
68903
68904
68905
68906
68907
68908
68909
68910
68911
68912
68913
68914
68915
68916
68917
68918
68919
69450
69451
69452
69453
69454
69455
69456
69457
69459
69460
69461
69462
69463
69464
69472
69473
69474
69475
69476
69477
69478
69479
69480
69481
69482
69483
69484
69485
69486
69487
69488
69489
69490
69491
69492
69493
69494
69495
69496
69497
69498
69499
69500
69501
69502
69503
69504
69505
69506
69507
69508
69509
69773
69774
69775
69776
69777
69778
69779
69780
69781
69782
69783
69784
69785
69786
69787
69788
69789
69790
69791
69792
69801
69802
69803
69804
69805
69806
69807
69808
69809
69810
69811
69812
69813
69814
69815
69816
69817
69818
69819
69820
69821
69822
69823
69824
69825
69826
69827
69828
69829
69830
69831
69832
69833
69834
69835
69836
69837
69838
69839
69840
69841
69842
69843
69844
69845
69846
69847
69848
69849
69850
69851
69852
69853
69854
70211
70212
70213
70214
70215
70216
70217
70218
70219
70220
70221
70222
70223
70224
70225
70226
70227
70228
70229
70230
70231
70232
70233
70234
70235
70236
70237
70238
70239
70240
70241
70242
70243
70244
70245
70246
70247
70248
70249
70250
70251
70252
70253
70254
70255
70256
70257
70258
70259
70260
70261
70262
70263
70264
70265
70266
70267
70268
70789
70790
70791
70792
70793
70794
70795
70796
70797
70798
70799
70800
70801
70803
70804
70806
70807
70808
70809
70810
70811
70812
70813
70814
70815
70816
70817
70818
70819
70820
70821
70822
70823
70824
70825
70826
70827
70828
70829
70830
70831
70832
70833
70834
70835
70836
70837
70838
70839
70840
70841
70842
70843
70844
70845
70846
71057
71058
71059
71060
71177
71178
71179
71180
71181
71182
71183
71184
71185
71186
71187
71188
71189
71193
71194
71195
71196
71197
71198
71199
71200
71201
71202
71203
71204
71205
71206
71207
71208
71209
71210
71211
71212
71213
71214
71215
71216
71217
71218
71219
71220
71221
71222
71223
71224
71225
71226
71227
71228
71229
71230
71231
71232
71233
71234
71235
71236
71237
71238
71651
71652
71653
71654
71655
71656
71657
71658
71659
71660
71661
71662
71663
71664
71665
71666
71667
71668
71669
71670
71671
71672
71673
71674
71675
71676
71677
71678
71679
71680
71681
71682
71683
71684
71685
71686
71687
71688
71689
71690
71691
71692
71693
71694
71695
71696
71697
71698
71699
71700
71701
71702
71703
71704
71705
71706
71707
71708
72205
72206
72207
72208
72209
72210
72211
72212
72213
72214
72215
72216
72217
72218
72219
72220
72221
72222
72223
72224
72225
72226
72227
72228
72229
72230
72231
72232
72233
72234
72235
72236
72237
72238
72239
72240
72241
72242
72243
72244
72245
72246
72247
72248
72249
72250
72251
72252
72253
72254
72255
72256
72257
72258
72259
72260
72261
72262
72263
72264
72265
72266
72578
72579
72580
72581
72582
72583
72584
72585
72586
72587
72588
72589
72590
72591
72592
72593
72724
72725
72726
72727
72728
72729
72730
72731
72732
72733
72735
72736
72737
72738
72739
72740
72741
72742
72743
72744
72745
72746
72747
72748
72749
72750
72751
72752
72753
72754
72755
72756
72757
72758
72759
72760
72761
72762
72763
72764
72765
72766
73181
73182
73183
73184
73185
73186
73187
73188
73189
73190
73191
73192
73193
73194
73195
73196
73197
73198
73199
73200
73201
73202
73203
73204
73205
73206
73207
73208
73209
73210
73211
73212
73213
73214
73215
73216
73217
73218
73219
73220
73221
73222
73223
73224
73225
73226
73227
73228
73667
73668
73669
73670
73671
73672
73673
73674
73675
73676
73677
73678
73679
73680
73681
73682
73683
73684
73685
73686
73687
73688
73689
73690
73691
73692
73693
73694
73695
73696
73697
73698
73699
73700
73701
73702
73703
73704
73705
73706
73707
73708
73709
73710
73711
73712
73713
73714
73715
73716
73717
73718
73719
73720
74256
74257
74258
74259
74260
74261
74262
74263
74264
74265
74266
74267
74268
74269
74270
74271
74434
74435
74436
74437
74438
74439
74440
74441
74442
74443
74444
74445
74446
74447
74448
74449
74450
74451
74452
74453
74454
74455
74456
74457
74458
74459
74460
74461
74462
74463
74816
74817
74818
74819
74820
74821
74822
74823
74824
74825
74826
74827
74828
74829
74830
74831
74832
74833
74834
74835
74836
74837
74838
74839
74840
74841
74842
74843
74844
74845
74846
74847
74848
74849
74850
74851
74852
74853
75198
75199
75200
75201
75202
75203
75204
75205
75206
75207
75208
75209
75210
75211
75212
75213
75214
75215
75216
75217
75218
75219
75220
75221
75222
75223
75224
75225
75226
75227
75228
75229
75230
75231
76040
76041
76042
76043
76044
76045
76046
76047
76048
76049
76050
76051
76052
76053
76054
76055
76228
76229
76230
76231
76232
76233
76234
76235
76236
76237
76238
76239
76240
76241
76242
76243
76244
76245
76246
76247
76248
76249
76522
76523
76524
76525
76526
76527
76528
76529
76530
76531
76532
76533
76534
76535
76536
76537
76538
76539
76540
76541
76542
76543
76544
76545
76546
76547
76796
76797
76798
76799
76800
76801
76802
76803
76804
76805
76806
76807
76808
76809
76810
76811
76812
76813
76814
76815
77862
77863
77864
77865
77866
77867
77868
77869
77870
77871
77872
77873
77874
77875
77876
77877
78038
78039
78040
78041
78042
78043
78220
78221
78222
78223
78224
78225
78226
78227
78228
78229
78230
78231
78232
78233
78386
78387
78388
78389
78390
78391
79620
79621
79622
79623
79624
79625
79626
79627
79628
79629
79630
79631
79632
79633
79634
79635
)


// ************************************************************************* //
