/*--------------------------------*- C++ -*----------------------------------*\
  =========                 |
  \\      /  F ield         | OpenFOAM: The Open Source CFD Toolbox
   \\    /   O peration     | Website:  https://openfoam.org
    \\  /    A nd           | Version:  12
     \\/     M anipulation  |
\*---------------------------------------------------------------------------*/
FoamFile
{
    format      ascii;
    class       labelList;
    location    "constant/polyMesh";
    object      pointProcAddressing;
}
// * * * * * * * * * * * * * * * * * * * * * * * * * * * * * * * * * * * * * //


13989
(
0
1
2
3
4
5
6
7
8
9
10
11
12
13
14
15
16
17
18
19
20
21
22
23
24
25
26
27
28
29
30
31
32
33
34
35
36
37
38
39
40
41
42
43
44
45
46
47
118
119
120
121
122
220
221
222
223
224
225
226
227
228
229
230
231
232
233
234
236
238
240
242
244
251
252
253
254
255
256
257
258
259
260
261
262
263
264
265
266
267
268
289
290
291
292
293
294
295
296
297
298
299
300
301
302
303
304
305
306
307
308
309
310
311
312
313
314
315
316
317
318
319
320
321
322
323
324
325
326
327
328
329
330
331
332
333
334
335
336
337
338
339
340
341
342
360
363
364
366
367
368
369
370
371
372
373
374
376
377
378
379
380
381
382
383
384
385
386
387
392
394
395
396
397
398
399
400
401
402
403
419
420
421
422
423
424
444
446
447
448
449
450
451
452
453
454
455
495
496
497
498
499
500
501
502
503
504
505
506
507
508
509
510
511
512
513
514
515
537
538
539
556
557
558
559
578
579
580
581
582
583
584
608
609
610
612
619
620
621
622
623
624
625
626
627
628
645
646
660
661
662
663
665
666
667
668
669
670
671
672
673
674
675
691
692
693
694
695
696
697
698
699
700
716
720
722
723
724
725
732
734
735
736
737
738
739
740
741
752
753
754
755
756
757
758
759
760
761
762
763
764
782
784
785
786
787
788
789
790
791
792
793
794
795
796
797
798
799
830
831
832
833
834
835
836
837
838
839
840
841
842
843
844
845
846
847
848
849
850
885
886
887
888
889
890
929
930
931
932
933
934
935
936
937
938
939
940
941
942
943
944
945
946
947
948
949
950
951
952
953
954
955
956
957
958
959
960
961
962
963
964
965
966
967
968
969
970
971
972
973
974
990
991
992
993
994
995
996
998
1000
1002
1004
1006
1008
1011
1013
1014
1015
1016
1017
1018
1019
1020
1021
1022
1023
1024
1025
1026
1027
1028
1029
1030
1031
1032
1081
1082
1083
1084
1085
1086
1087
1088
1089
1090
1091
1092
1093
1094
1095
1096
1097
1098
1099
1100
1101
1102
1103
1104
1105
1106
1107
1108
1109
1110
1111
1112
1113
1114
1115
1116
1126
1127
1128
1144
1195
1196
1197
1198
1199
1200
1201
1202
1203
1204
1205
1206
1207
1208
1209
1210
1211
1212
1213
1214
1215
1216
1217
1218
1219
1220
1221
1222
1223
1224
1225
1226
1227
1228
1229
1230
1231
1232
1233
1234
1235
1236
1237
1293
1294
1295
1296
1297
1298
1299
1300
1301
1302
1303
1304
1305
1306
1307
1308
1309
1310
1311
1312
1313
1314
1315
1316
1317
1318
1319
1320
1321
1322
1323
1324
1325
1326
1327
1328
1329
1330
1331
1333
1382
1383
1384
1385
1386
1387
1388
1389
1390
1391
1392
1393
1394
1395
1396
1397
1398
1399
1400
1401
1402
1403
1404
1405
1406
1407
1408
1409
1410
1411
1412
1413
1414
1415
1498
1500
1501
1502
1503
1504
1554
1555
1556
1557
1639
1640
1641
1642
1643
1645
1646
1647
1648
1649
1650
1651
1652
1653
1654
1655
1656
1657
1658
1659
1660
1661
1662
1663
1664
1665
1666
1667
1668
1669
1670
1671
1672
1673
1674
1675
1676
1689
1690
1691
1697
1698
1699
1700
1701
1702
1703
1704
1705
1706
1707
1708
1715
1716
1717
1718
1719
1720
1721
1722
1723
1724
1725
1726
1727
1728
1729
1730
1731
1732
1733
1734
1735
1736
1737
1738
1739
1740
1741
1742
1743
1744
2396
2397
2398
2399
2400
2401
2402
2403
2404
2405
2406
2407
2408
2409
2410
2411
2412
2413
2486
2487
2488
2489
2490
2491
2492
2493
2494
2495
2496
2497
2498
2499
2500
2501
2542
2543
2544
2545
2546
2547
2548
2549
2550
2551
2552
2553
2554
2555
2584
2585
2586
2587
2588
2589
2590
2591
2592
2593
2594
2595
2596
2617
2618
2619
2620
2621
2622
2623
2624
2625
3077
3080
4946
4947
4949
4950
4951
4952
4953
4954
4955
4956
4957
4958
4959
4960
4961
4962
4963
4964
5027
5029
5030
5031
5032
5033
5034
5035
5081
5083
5084
5085
5086
5087
5096
5097
5098
5180
5181
5182
5189
5190
5191
5192
5193
5194
5195
5196
5197
5198
5199
5200
5201
5202
5203
5204
5205
5206
5207
5208
5209
5210
5211
5212
5213
5283
5284
5285
5286
5287
5288
5289
5290
5291
5292
5293
5294
5295
5296
5297
5298
5299
5300
5301
5302
5303
5348
5349
5350
5351
5352
5353
5354
5355
5356
5357
5358
5359
5360
5361
5362
5363
5364
5365
5367
5368
5369
5370
5371
5372
5373
5374
5375
5376
5377
5378
5379
5380
5381
5382
5383
5493
5494
5495
5496
5497
5498
5530
5531
5532
5533
5534
5535
5536
5537
5538
5539
5540
5541
5542
5543
5544
5545
5571
5572
5573
5595
5596
5597
5598
5599
5600
5601
5602
5603
5604
5605
5606
5607
5608
5610
5611
5612
5630
5631
5632
5633
5634
5635
5636
5637
5638
5639
5640
5641
5642
5643
5657
5658
5659
5660
5661
5662
5663
5664
5665
5666
5676
5677
5678
5679
5680
5681
5687
5688
5689
5690
5691
5692
5693
5694
5695
5696
5697
5698
5699
5700
5720
5722
5723
5909
5910
5911
5912
5913
5914
5915
5916
5917
5918
5919
5920
5921
5922
5923
5924
5925
5926
5927
5928
5929
5930
5931
5932
5933
5934
5935
5936
5937
5938
5939
5940
5941
5942
5943
5944
5945
5970
6029
6030
6031
6032
6033
6034
6035
6036
6037
6038
6039
6040
6041
6042
6043
6044
6045
6046
6047
6048
6049
6050
6051
6052
6054
6106
6107
6108
6109
6110
6111
6112
6113
6114
6115
6116
6117
6118
6119
6120
6121
6122
6123
6124
6125
6126
6127
6128
6129
6131
6132
6133
6134
6135
6136
6137
6138
6139
6140
6141
6142
6143
6144
6145
6146
6147
6148
6149
6150
6151
6152
6153
6154
6155
6156
6295
6296
6297
6298
6299
6300
6301
6302
6303
6304
6305
6306
6385
6386
6387
6388
6389
23522
23547
23548
23549
23550
23551
23552
23553
23554
23555
23556
23588
23589
23590
23591
23592
23593
23594
23595
23596
23597
23598
23599
23600
23601
23602
23603
23604
23605
23641
23642
23643
23644
23645
23646
23647
23648
23649
23650
23651
23652
23653
23654
23655
23656
23658
23693
23694
23695
23696
23697
23698
23699
23700
23701
23702
23703
23704
23705
23706
23707
23708
23754
23755
23756
23757
23758
23759
23760
23761
23762
23763
23764
23765
23766
23769
23770
23771
23772
23773
23774
23775
23776
23777
23913
23914
23916
23917
23918
23919
23920
23921
23922
23923
23924
23925
23926
23927
23928
23929
23930
23931
23932
23933
23934
23936
23937
23938
23939
23940
23941
23942
23943
23944
23945
23946
23947
23948
23949
23950
23951
23952
23953
23954
23955
23956
23957
23958
23959
23962
23965
23966
23968
23970
23972
23973
23975
23976
23978
23980
23981
23982
23983
23987
23988
23989
23994
23995
23997
23998
24000
24002
24003
24004
24006
24007
24008
24009
24010
24013
24014
24015
24016
24017
24019
24020
24021
24022
24074
24103
24152
24194
24195
24196
24197
24227
28558
28560
28561
28563
28567
28568
28570
28571
28573
28577
28579
28580
28581
28583
28584
28585
28586
28587
28589
28592
28593
28594
28595
28596
28597
28599
28600
28601
28603
28604
28605
28606
28607
28608
28609
28610
28612
28615
28616
28617
28618
28619
28620
28621
28623
28624
28625
28626
28627
28628
28629
28630
28631
28632
28633
28634
28635
28636
28637
28638
28639
28640
28641
28642
28643
28644
28645
28646
28647
28648
28649
28651
28652
28653
28654
28656
28657
28658
28659
28660
28661
28662
28663
28664
28665
28666
28667
28668
28669
28670
28671
28672
28674
28677
28680
28683
28684
28685
28686
28688
28689
28690
28692
28694
28695
28696
28697
28698
28701
28702
28703
28704
28705
28708
28709
28710
28713
28714
28715
28718
28721
28722
28723
28724
28726
28729
28730
28731
28732
28733
28734
28735
28736
28737
28738
28740
28741
28742
28744
28745
28746
28747
28748
28749
28750
28751
28752
28753
28754
28756
28762
28763
28764
28765
28771
28772
28775
28776
28778
28780
28787
28788
28790
28792
28795
28799
28805
28806
28807
28808
28809
28810
28811
28812
28814
28815
28816
28818
28819
28820
28821
28823
28825
28828
28831
28832
28834
28835
28836
28837
28838
28839
28840
28841
28842
28845
28846
28847
28848
28849
28850
28851
28853
28856
28859
28860
28861
28862
28863
28864
28865
28866
28868
28869
28870
28871
28872
28873
28874
28875
28877
28878
28879
28880
28882
28883
28884
28885
28886
28887
28888
28889
28890
28892
28893
28894
28895
28896
28897
28899
28902
28904
28905
28908
28909
28910
28911
28912
28913
28915
28916
28917
28923
28924
28925
28926
28935
28936
28937
28938
28939
28940
28941
28942
28943
28944
28948
28950
28952
28953
28958
28959
28960
28961
28962
28964
28966
28967
28971
28972
28973
28976
28979
28980
28981
28982
28983
28985
28986
28987
28993
28994
28995
28996
29000
29002
29004
29007
29008
29010
29011
29016
29017
29018
29019
29020
29021
29023
29024
29025
29027
29028
29029
29030
29031
29032
29033
29034
29035
29036
29037
29038
29039
29040
29041
29042
29043
29044
29045
29046
29047
29048
29049
29054
29057
29059
29060
29061
29062
29067
29068
29069
29070
29071
29072
29073
29075
29076
29077
29078
29079
29083
29084
29085
29086
29087
29088
29089
29090
29091
29092
29093
29094
29095
29096
29097
29098
29099
29100
29101
29102
29103
29104
29105
29107
29108
29112
29113
29126
29127
29128
29129
29130
29131
29132
29133
29134
29145
29146
29147
29148
29149
29150
29152
29154
29157
29158
29160
29162
29164
29165
29166
29167
29168
29169
29171
29173
29174
29175
29176
29177
29178
29179
29180
29181
29182
29185
29186
29189
29190
29191
29192
29197
29198
29199
29200
29205
29206
29207
29208
29210
29211
29213
29214
29215
29216
29217
29218
29219
29220
29221
29222
29223
29224
29225
29226
29227
29228
29229
29230
29231
29232
29233
29234
29235
29237
29238
29239
29240
29241
29242
29243
29244
29245
29246
29247
29248
29249
29250
29251
29252
29254
29258
29259
29260
29261
29262
29263
29264
29265
29266
29267
29271
29273
29274
29275
29276
29278
29279
29280
29281
29282
29284
29285
29286
29287
29288
29289
29290
29291
29292
29293
29294
29295
29296
29297
29298
29299
29300
29301
29302
29303
29304
29305
29306
29307
29308
29309
29310
29311
29312
29313
29314
29315
29316
29317
29319
29320
29321
29322
29323
29324
29325
29326
29327
29328
29329
29330
29331
29332
29333
29334
29335
29336
29337
29339
29340
29342
29343
29344
29345
29347
29348
29349
29350
29351
29352
29353
29354
29355
29356
29357
29358
29359
29360
29361
29362
29363
29364
29365
29366
29367
29368
29369
29370
29371
29372
29373
29374
29375
29376
29377
29378
29379
29380
29381
29382
29383
29384
29386
29387
29388
29389
29390
29391
29392
29393
29394
29395
29396
29398
29399
29400
29401
29403
29404
29405
29406
29409
29411
29414
29416
29417
29418
29419
29421
29422
29423
29424
29425
29427
29428
29429
29430
29431
29432
29433
29434
29436
29437
29438
29439
29440
29441
29442
29443
29444
29445
29446
29448
29449
29450
29451
29452
29457
29458
29459
29460
29461
29466
29467
29468
29469
29470
29471
29473
29474
29475
29476
29477
29478
29479
29480
29481
29482
29483
29484
29485
29486
29487
29488
29489
29490
29491
29492
29493
29494
29495
29496
29497
29498
29499
29500
29501
29502
29503
29504
29505
29506
29507
29508
29509
29510
29511
29512
29513
29514
29515
29516
29520
29521
29522
29524
29525
29526
29527
29533
29534
29537
29538
29539
29540
29541
29542
29543
29544
29545
29546
29550
29551
29552
29553
29554
29555
29556
29557
29558
29559
29561
29562
29563
29564
29565
29566
29567
29568
29569
29570
29571
29572
29573
29574
29575
29576
29577
29578
29579
29580
29581
29582
29583
29584
29585
29587
29588
29589
29591
29592
29593
29594
29595
29596
29597
29598
29599
29600
29602
29603
29605
29606
29608
29609
29613
29614
29615
29616
29617
29618
29619
29620
29621
29622
29623
29624
29625
29626
29627
29628
29629
29630
29631
29632
29633
29634
29635
29636
29637
29638
29639
29640
29641
29642
29643
29644
29645
29646
29647
29648
29649
29650
29651
29652
29653
29654
29655
29656
29657
29658
29659
29660
29661
29662
29663
29668
29669
29670
29671
29672
29674
29675
29676
29677
29678
29679
29680
29681
29682
29683
29684
29685
29686
29687
29694
29696
29697
29698
29699
29700
29703
29705
29706
29707
29708
29709
29710
29711
29712
29713
29714
29716
29717
29718
29720
29722
29724
29726
29728
29729
29730
29731
29732
29733
29734
29735
29736
29738
29739
29740
29741
29742
29743
29744
29745
29746
29747
29748
29749
29750
29751
29752
29753
29754
29755
29756
29757
29758
29759
29761
29764
29765
29766
29767
29768
29770
29771
29772
29773
29774
29775
29776
29779
29780
29781
29783
29784
29785
29786
29787
29788
29790
29791
29792
29793
29800
29801
29803
29804
29806
29810
29811
29812
29813
29819
29820
29822
29823
29824
29825
29826
29827
29828
29829
29830
29831
29832
29833
29834
29835
29836
29837
29838
29839
29840
29841
29842
29843
29845
29846
29848
29851
29852
29853
29854
29856
29857
29858
29859
29860
29861
29862
29863
29864
29865
29866
29867
29868
29869
29870
29871
29872
29873
29874
29875
29876
29877
29878
29879
29880
29881
29882
29883
29884
29886
29888
29890
29891
29892
29893
29898
29899
29900
29901
29902
29903
29904
29905
29906
29907
29908
29909
29910
29911
29912
29916
29921
29923
29924
29926
29927
29928
29929
29930
29931
29932
29933
29934
29942
29943
29944
29945
29946
29947
29948
29949
29950
29951
29952
29953
29954
29955
29956
29957
29958
29960
29961
29962
29963
29964
29965
29966
29967
29969
29970
29971
29972
29973
29974
29975
29976
29977
29978
29979
29980
29981
29982
29983
29984
29985
29986
29987
29988
29989
29990
29991
29992
29993
29994
29995
29996
29997
29998
29999
30000
30001
30002
30003
30004
30005
30006
30007
30008
30009
30010
30011
30012
30013
30014
30015
30016
30017
30018
30019
30020
30021
30022
30023
30024
30025
30026
30027
30028
30029
30030
30031
30032
30034
30035
30036
30037
30038
30039
30040
30041
30042
30043
30044
30045
30046
30047
30048
30049
30050
30051
30052
30053
30054
30055
30056
30057
30058
30059
30060
30061
30062
30063
30064
30065
30066
30067
30068
30069
30070
30071
30072
30073
30074
30075
30076
30077
30078
30079
30080
30085
30086
30087
30088
30093
30094
30095
30096
30101
30102
30103
30104
30109
30110
30111
30112
30113
30114
30119
30120
30121
30122
30123
30124
30125
30126
30127
30128
30129
30130
30131
30132
30133
30134
30135
30136
30137
30138
30139
30140
30141
30142
30143
30144
30145
30146
30147
30148
30149
30150
30151
30152
30153
30154
30155
30156
30157
30158
30159
30160
30161
30162
30163
30164
30165
30166
30167
30168
30169
30171
30172
30173
30175
30176
30177
30178
30181
30182
30184
30185
30186
30187
30189
30190
30192
30194
30196
30197
30202
30203
30204
30205
30209
30210
30211
30212
30218
30219
30220
30225
30226
30227
30228
30229
30230
30233
30235
30236
30237
30239
30240
30241
30242
30244
30246
30247
30248
30249
30250
30251
30252
30253
30254
30256
30261
30263
30264
30266
30267
30268
30269
30270
30275
30277
30278
30279
30281
30282
30283
30284
30285
30286
30287
30288
30289
30290
30291
30292
30293
30294
30295
30296
30297
30298
30299
30300
30301
30302
30303
30304
30305
30306
30307
30308
30309
30310
30311
30312
30313
30314
30315
30316
30318
30320
30322
30323
30326
30330
30333
30337
30340
30342
30343
30344
30345
30346
30347
30348
30349
30350
30351
30352
30353
30354
30355
30356
30357
30358
30361
30364
30368
30370
30372
30373
30374
30375
30376
30377
30378
30379
30380
30381
30382
30387
30392
30395
30397
30398
30399
30400
30401
30402
30403
30404
30414
30415
30416
30417
30418
30419
30420
30421
30422
30423
30424
30425
30426
30427
30430
30432
30435
30436
30437
30438
30444
30447
30448
30451
30453
30456
30457
30458
30459
30470
30471
30472
30473
30477
30478
30482
30484
30485
30486
30487
30488
30489
30490
30491
30492
30493
30495
30496
30503
30504
30505
30506
30507
30511
30512
30513
30515
30516
30518
30519
30527
30530
30531
30539
30540
30541
30542
30545
30547
30548
30549
30550
30551
30553
30555
30556
30561
30571
30572
30575
30576
30578
30581
30582
30584
30594
30596
30600
30601
30602
30603
30604
30605
30615
30619
30620
30621
30622
30623
30632
30633
30634
30635
30636
30637
30638
30639
30640
30662
30665
30677
30678
30680
30681
30691
30692
30693
30694
30695
30696
30697
30698
30699
30700
30701
30709
30710
30711
30712
30713
30714
30733
30740
30741
30742
30743
30744
30745
30766
30768
30770
30776
30777
30778
30779
30780
30781
30788
30789
30790
30791
30792
30793
30794
30795
30796
30797
30798
30799
30800
30801
30802
30803
30804
30805
30806
30828
30829
30830
30831
30832
30833
30834
30835
30846
30847
30848
30849
30850
30858
30859
30860
30861
30862
30863
30875
30876
30877
30878
30879
30880
30881
30882
30883
30884
30885
30886
30887
30888
30889
30890
30891
30892
30893
30894
30895
30896
30897
30900
30901
30902
30903
30904
30905
30906
30907
30908
30909
30910
30911
30912
30913
30914
30915
30916
30917
30918
30919
30920
30921
30922
30923
30924
30935
30936
30937
30938
30939
30940
30941
30942
30943
30944
30945
30946
30948
30949
30954
30955
30958
30959
30965
30966
30970
30971
30972
30973
30974
30975
30976
30977
30978
30982
30983
30984
30985
30986
30987
30988
30992
30993
30994
30995
30996
30997
30998
31001
31003
31004
31005
31006
31007
31009
31010
31011
31015
31017
31018
31019
31021
31022
31023
31024
31028
31030
31031
31035
31042
31043
31044
31045
31053
31054
31056
31057
31058
31060
31067
31068
31069
31090
31091
31092
31093
31094
31095
31103
31104
31105
31113
31118
31140
31141
31145
31155
31165
31166
31167
31168
31169
31170
31174
31175
31176
31177
31178
31179
31180
31181
31182
31186
31187
31188
31195
31199
31200
31201
31202
31203
31204
31205
31206
31207
31208
31209
31210
31233
31234
31235
31236
31238
31239
31240
31241
31242
31243
31244
31245
31255
31256
31266
31267
31294
31296
31297
31299
31300
31301
31304
31305
31307
31308
31314
31317
31320
31329
31330
31331
31332
31343
31344
31347
31351
31352
31353
31354
31355
31356
31357
31358
31359
31360
31362
31380
31381
31382
31383
31384
31387
31390
31391
31392
31393
31396
31403
31404
31405
31406
31407
31408
31409
31410
31411
31412
31414
31415
31416
31417
31418
31420
31437
31438
31439
31457
31467
31475
31476
31477
31478
31479
31480
31481
31482
31483
31484
31485
31486
31487
31488
31490
31491
31493
31494
31496
31498
31499
31505
31512
31513
31514
31515
31516
31517
31518
31530
31531
31532
31536
31537
31538
31539
31540
31541
31542
31543
31544
31545
31546
31547
31548
31549
31550
31551
31552
31553
31554
31555
31556
31558
31560
31561
31562
31563
31564
31565
31566
31567
31568
31569
31570
31571
31574
31575
31576
31577
31578
31602
31603
31605
31606
31607
31608
31609
31610
31611
31612
31613
31614
31621
31623
31625
31626
31627
31628
31629
31630
31631
31632
31633
31634
31637
31638
31639
31640
31641
31654
31656
31657
31658
31659
31671
31692
31695
31696
31697
31698
31711
31716
31718
31719
31720
31721
31722
31723
31724
31756
31758
31759
31760
31761
31762
31763
31764
31765
31766
31767
31768
31769
31773
31776
31779
31780
31781
31782
31783
31784
31785
31786
31788
31789
31790
31796
31797
31813
31814
31815
31816
31817
31818
31819
31822
31825
31828
31829
31830
31832
31833
31835
31836
31850
31851
31852
31854
31863
31864
31865
31866
31867
31868
31869
31882
31883
31890
31891
31892
31893
31894
31905
31906
31907
31908
31909
31910
31911
31912
31913
31914
31915
31916
31917
31918
31919
31920
31921
31922
31923
31924
31925
31926
31931
31955
31957
31970
31971
31972
31973
31974
31976
31977
31983
31984
31985
31999
32000
32002
32003
32005
32006
32013
32014
32015
32016
32017
32018
32020
32021
32022
32023
32024
32025
32026
32027
32037
32039
32040
32041
32042
32043
32044
32045
32047
32048
32049
32050
32051
32052
32069
32070
32072
32076
32080
32082
32083
32084
32087
32089
32090
32091
32092
32093
32094
32095
32096
32097
32098
32099
32100
32101
32102
32103
32104
32105
32106
32107
32109
32111
32115
32116
32118
32120
32121
32125
32128
32132
32133
32139
32140
32142
32143
32144
32145
32146
32147
32148
32149
32150
32151
32152
32154
32155
32156
32184
32186
32187
32188
32190
32191
32192
32194
32195
32204
32205
32206
32207
32208
32209
32210
32211
32212
32213
32214
32215
32216
32217
32218
32219
32220
32221
32223
32224
32225
32226
32227
32228
32229
32230
32231
32244
32245
32246
32248
32249
32250
32251
32252
32253
32254
32255
32256
32257
32258
32259
32260
32261
32288
32289
32290
32291
32292
32293
32294
32298
32299
32300
32301
32310
32311
32312
32316
32317
32318
32319
32324
32325
32326
32327
32328
32329
32330
32331
32332
32333
32334
32335
32344
32345
32346
32347
32353
32354
32355
32356
32357
32358
32359
32360
32361
32362
32363
32364
32377
32382
32386
32412
32413
32414
32415
32416
32417
32418
32419
32420
32421
32422
32423
32424
32425
32426
32427
32428
32429
32430
32432
32433
32434
32435
32439
32441
32442
32443
32444
32445
32446
32447
32448
32465
32468
32469
32470
32471
32472
32473
32474
32475
32476
32477
32508
32512
32513
32514
32515
32516
32517
32518
32519
32523
32524
32525
32526
32527
32528
32529
32531
32534
32535
32536
32537
32538
32539
32558
32559
32560
32561
32562
32563
32564
32565
32566
32567
32568
32569
32570
32571
32572
32573
32574
32575
32576
32577
32578
32579
32582
32583
32584
32585
32586
32587
32588
32589
32590
32591
32592
32593
32594
32595
32596
32597
32598
32599
32600
32601
32626
32627
32628
32629
32632
32633
32634
32635
32636
32637
32638
32639
32640
32641
32642
32643
32644
32645
32646
32647
32649
32650
32651
32652
32653
32654
32655
32656
32657
32658
32659
32660
32701
32702
32703
32704
32705
32706
32720
32721
32722
32736
32737
32738
32740
32743
32757
32758
32759
32760
32761
32762
32763
32764
32765
32777
32778
32779
32780
32781
32782
32783
32784
32785
32786
32796
32797
32798
32799
32800
32801
32802
32803
32804
32811
32812
32813
32814
32815
32819
32820
32822
32823
32825
32826
32827
32828
32834
32836
32837
32838
32839
32841
32844
32846
32847
32848
32849
32850
32851
32852
32853
32854
32855
32856
32857
32858
32859
32860
32861
32862
32863
32866
32868
32869
32873
32875
32876
32877
32880
32885
32886
32887
32888
32889
32890
32891
32892
32893
32894
32907
32908
32909
32910
32911
32912
32913
32914
32915
32916
32917
32918
32919
32920
32921
32922
32923
32924
32927
32936
32937
32939
32949
32950
32951
32952
32953
32954
32955
32956
32957
32958
32959
32960
32961
32962
32963
32964
32965
32966
32967
32968
32969
32970
32982
32983
32984
32985
32986
32988
32998
32999
33000
33001
33002
33003
33004
33005
33006
33007
33008
33009
33010
33011
33012
33013
33014
33015
33016
33017
33027
33028
33029
33030
33031
33033
33040
33041
33042
33043
33044
33045
33046
33047
33048
33049
33050
33051
33052
33053
33054
33055
33056
33057
33058
33060
33065
33066
33067
33068
33069
33071
33072
33073
33074
33075
33076
33077
33078
33079
33080
33081
33082
33083
33084
33085
33086
33087
33090
33091
33092
33093
33094
33095
33096
33097
33098
33101
33102
33105
33106
33109
33112
33113
33117
33118
33119
33121
33122
33123
33124
33125
33126
33127
33128
33129
33135
33136
33137
33138
33139
33140
33141
33142
33143
33144
33145
33146
33147
33148
33149
33150
33151
33152
33153
33154
33155
33163
33164
33165
33166
33167
33168
33169
33170
33171
33172
33173
33174
33175
33176
33177
33178
33179
33180
33181
33182
33196
33197
33198
33199
33200
33201
33202
33203
33204
33205
33206
33207
33208
33209
33210
33211
33212
33213
33214
33233
33234
33235
33236
33237
33238
33239
33240
33241
33242
33243
33244
33245
33246
33259
33260
33261
33262
33264
33265
33266
33267
33268
33269
33270
33271
33272
33273
33274
33287
33288
33289
33290
33291
33292
33293
33294
33295
33296
33297
33298
33299
33300
33301
33302
33303
33304
33305
33306
33311
33312
33313
33314
33315
33316
33317
33318
33322
33323
33324
33326
33328
33330
33331
33335
33339
33340
33341
33342
33343
33346
33347
33348
33350
33355
33357
33360
33361
33363
33364
33365
33369
33371
33372
33376
33377
33378
33380
33381
33382
33384
33385
33386
33387
33388
33389
33390
33393
33394
33395
33398
33402
33403
33404
33407
33408
33409
33410
33415
33416
33417
33418
33419
33420
33421
33422
33423
33424
33426
33427
33428
33430
33431
33432
33433
33434
33439
33441
33442
33443
33444
33445
33446
33449
33450
33451
33452
33453
33454
33455
33456
33457
33458
33462
33463
33464
33466
33467
33468
33469
33470
33471
33472
33473
33474
33478
33484
33486
33487
33488
33491
33492
33493
33494
33495
33496
33497
33498
33499
33500
33501
33503
33507
33509
33510
33511
33512
33513
33514
33515
33516
33517
33518
33519
33522
33523
33524
33526
33527
33529
33530
33531
33532
33533
33534
33535
33536
33537
33556
33557
33562
33563
33564
33565
33568
33569
33570
33572
33574
33580
33583
33593
33594
33595
33596
33597
33598
33599
33600
33601
33602
33603
33604
33606
33607
33608
33609
33610
33612
33613
33614
33616
33617
33618
33619
33620
33621
33622
33623
33624
33626
33630
33632
33634
33635
33636
33639
33640
33641
33643
33645
33646
33647
33648
33649
33650
33651
33652
33655
33656
33658
33660
33662
33664
33665
33666
33669
33670
33671
33672
33673
33674
33675
33676
33677
33678
33679
33680
33681
33683
33684
33685
33687
33688
33689
33690
33692
33693
33695
33696
33697
33698
33699
33700
33701
33702
33703
33725
33726
33727
33731
33732
33735
33739
33740
33741
33742
33743
33744
33749
33750
33752
33753
33759
33761
33762
33764
33766
33768
33769
33776
33777
33779
33780
33781
33782
33783
33784
33785
33787
33794
33796
33797
33799
33801
33802
33803
33808
33810
33812
33813
33814
33817
33820
33822
33823
33824
33825
33826
33827
33828
33829
33830
33832
33833
33834
33835
33836
33837
33838
33839
33840
33841
33842
33843
33844
33845
33846
33847
33848
33849
33850
33851
33852
33853
33854
33855
33857
33858
33859
33860
33861
33862
33863
33864
33865
33866
33867
33868
33869
33870
33871
33875
33884
33885
33886
33887
33888
33889
33891
33892
33893
33894
33895
33897
33902
33903
33904
33905
33906
33907
33908
33915
33916
33917
33918
33919
33921
33922
33924
33925
33926
33927
33928
33929
33930
33931
33932
33933
33934
33935
33936
33937
33938
33939
33940
33941
33990
33991
33992
33993
33994
33995
33997
33999
34001
34002
34003
34004
34005
34006
34007
34008
34009
34010
34011
34012
34013
34014
34015
34016
34017
34018
34019
34020
34021
34022
34023
34024
34025
34026
34027
34028
34029
34038
34039
34040
34041
34042
34043
34044
34045
34050
34051
34052
34053
34060
34061
34062
34063
34064
34065
34066
34067
34068
34069
34070
34071
34072
34073
34074
34075
34076
34077
34078
34079
34080
34081
34082
34083
34084
34086
34087
34088
34089
34090
34091
34092
34093
34094
34095
34096
34097
34100
34102
34103
34104
34105
34106
34107
34108
34109
34110
34112
34113
34114
34115
34117
34118
34119
34120
34121
34122
34123
34124
34125
34126
34127
34128
34129
34130
34131
34132
34133
34134
34135
34136
34137
34138
34139
34140
34141
34142
34143
34144
34145
34147
34148
34149
34150
34151
34153
34154
34155
34156
34157
34158
34159
34160
34161
34163
34165
34166
34167
34168
34169
34170
34171
34172
34173
34174
34175
34176
34177
34179
34180
34181
34182
34184
34185
34186
34187
34189
34190
34191
34192
34193
34194
34195
34196
34197
34198
34199
34200
34201
34202
34203
34204
34205
34206
34207
34208
34210
34211
34212
34213
34214
34215
34216
34217
34218
34221
34222
34223
34226
34227
34228
34229
34231
34232
34233
34234
34235
34236
34237
34238
34239
34240
34241
34242
34243
34244
34245
34246
34247
34248
34249
34250
34251
34252
34253
34254
34255
34256
34257
34258
34259
34260
34261
34270
34271
34272
34273
34274
34275
34276
34277
34278
34279
34284
34285
34286
34287
34288
34294
34295
34296
34297
34298
34299
34300
34301
34302
34303
34304
34305
34306
34307
34308
34309
34310
34311
34312
34313
34314
34315
34316
34317
34319
34320
34321
34322
34324
34325
34326
34328
34329
34330
34332
34337
34338
34339
34340
34344
34345
34346
34347
34348
34349
34350
34351
34352
34353
34354
34355
34356
34357
34358
34359
34360
34361
34362
34363
34365
34366
34367
34368
34370
34371
34372
34373
34374
34375
34376
34377
34378
34379
34380
34381
34382
34383
34384
34385
34386
34387
34388
34389
34390
34392
34393
34394
34396
34397
34399
34400
34401
34402
34403
34404
34405
34406
34407
34408
34409
34410
34411
34412
34413
34414
34415
34416
34417
34418
34419
34420
34422
34423
34424
34425
34426
34430
34431
34432
34433
34434
34439
34440
34441
34443
34444
34445
34446
34447
34448
34449
34450
34451
34452
34453
34454
34455
34456
34457
34458
34459
34460
34461
34462
34463
34464
34465
34466
34467
34468
34469
34470
34471
34472
34473
34474
34476
34477
34479
34481
34483
34484
34485
34486
34487
34488
34489
34490
34491
34493
34494
34495
34496
34499
34500
34502
34504
34505
34507
34508
34509
34510
34511
34512
34513
34514
34515
34516
34517
34518
34519
34520
34521
34522
34523
34524
34525
34526
34527
34528
34529
34530
34531
34532
34533
34534
34536
34537
34538
34543
34544
34545
34546
34548
34549
34551
34554
34555
34556
34557
34562
34563
34568
34569
34571
34572
34573
34574
34575
34576
34577
34578
34579
34580
34581
34582
34583
34584
34585
34586
34587
34588
34589
34590
34591
34592
34593
34594
34595
34596
34597
34598
34599
34600
34601
34602
34603
34604
34605
34606
34607
34608
34609
34610
34611
34612
34613
34614
34615
34616
34617
34618
34619
34620
34621
34622
34623
34624
34625
34626
34627
34628
34629
34630
34631
34632
34633
34634
34635
34636
34637
34638
34639
34640
34641
34642
34643
34644
34645
34646
34647
34648
34649
34650
34651
34652
34653
34654
34655
34656
34657
34658
34659
34660
34661
34662
34663
34664
34665
34666
34667
34668
34669
34670
34675
34680
34683
34684
34695
34696
34697
34698
34699
34700
34701
34702
34703
34704
34705
34706
34707
34708
34709
34710
34711
34712
34713
34714
34715
34716
34717
34718
34722
34727
34729
34730
34732
34733
34734
34735
34736
34737
34738
34739
34740
34748
34751
34752
34753
34754
34755
34756
34757
34758
34759
34760
34761
34762
34763
34764
34765
34766
34767
34768
34769
34770
34771
34772
34773
34774
34775
34776
34777
34778
34779
34780
34781
34782
34783
34784
34785
34786
34787
34788
34789
34790
34791
34792
34793
34794
34795
34796
34797
34798
34799
34800
34801
34802
34803
34804
34805
34806
34807
34808
34809
34810
34811
34812
34813
34814
34815
34816
34817
34818
34819
34820
34825
34826
34827
34828
34833
34834
34835
34836
34841
34842
34843
34844
34849
34850
34851
34852
34853
34854
34859
34860
34862
34863
34864
34865
34866
34867
34868
34869
34870
34871
34872
34873
34874
34875
34876
34877
34878
34879
34880
34881
34882
34883
34884
34885
34886
34887
34888
34889
34890
34891
34892
34893
34894
34895
34896
34897
34898
34899
34900
34901
34902
34903
34904
34905
34906
34908
34909
34912
34913
34914
34915
34916
34917
34918
34921
34923
34924
34926
34927
34929
34931
34933
34934
34935
34938
34943
34944
34945
34946
34950
34951
34952
34953
34959
34960
34961
34966
34967
34968
34969
34970
34971
34972
34973
34974
34976
34978
34979
34980
34981
34982
34983
34984
34985
34986
34988
34993
34995
34996
34998
34999
35001
35002
35004
35005
35006
35007
35008
35009
35010
35011
35012
35013
35014
35015
35016
35017
35018
35019
35020
35021
35022
35023
35024
35025
35026
35027
35028
35029
35030
35031
35032
35034
35036
35038
35039
35042
35044
35048
35051
35055
35058
35060
35061
35062
35063
35064
35065
35066
35067
35068
35069
35070
35071
35072
35073
35074
35075
35078
35081
35085
35087
35089
35090
35091
35092
35093
35094
35095
35096
35097
35098
35099
35104
35109
35111
35112
35113
35114
35115
35116
35117
35118
35119
35128
35129
35130
35131
35132
35133
35134
35135
35136
35137
35138
35139
35142
35145
35148
35149
35150
35151
35152
35153
35158
35159
35163
35164
35166
35167
35169
35172
35173
35179
35189
35191
35193
35195
35196
35197
35205
35206
35207
35208
35209
35210
35211
35218
35219
35220
35221
35228
35229
35237
35240
35242
35243
35244
35245
35249
35250
35254
35255
35256
35257
35258
35259
35260
35261
35265
35266
35267
35268
35269
35277
35279
35280
35284
35285
35292
35295
35297
35298
35299
35308
35309
35312
35314
35321
35324
35326
35327
35328
35330
35336
35337
35338
35341
35342
35343
35344
35345
35354
35355
35356
35357
35358
35380
35383
35384
35390
35391
35392
35393
35400
35401
35402
35403
35408
35409
35410
35411
35413
35415
35416
35417
35418
35419
35435
35436
35437
35438
35439
35440
35457
35458
35459
35460
35461
35462
35474
35475
35477
35478
35479
35480
35481
35482
35483
35484
35485
35514
35515
35516
35517
35518
35528
35529
35530
35531
35532
35533
35540
35541
35542
35543
35544
35545
35546
35547
35548
35549
35550
35551
35568
35575
35576
35577
35578
35579
35580
35608
35609
35610
35613
35614
35615
35618
35619
35620
35621
35622
35629
35630
35632
35633
35641
35642
35643
35644
35645
35646
35647
35655
35656
35657
35658
35659
35660
35661
35662
35663
35664
35665
35666
35667
35668
35669
35670
35677
35678
35679
35683
35684
35685
35686
35687
35688
35692
35693
35694
35695
35696
35697
35698
35699
35706
35707
35708
35714
35715
35716
35717
35718
35719
35720
35721
35722
35723
35724
35725
35726
35727
35728
35730
35731
35733
35734
35735
35736
35737
35738
35740
35743
35744
35745
35746
35747
35751
35752
35753
35754
35756
35759
35760
35761
35762
35766
35767
35768
35769
35771
35773
35774
35777
35778
35780
35792
35793
35795
35796
35797
35798
35799
35800
35806
35807
35809
35810
35811
35815
35816
35823
35824
35825
35838
35839
35840
35871
35872
35873
35874
35875
35876
35877
35878
35879
35880
35881
35882
35892
35905
35906
35907
35908
35912
35913
35914
35918
35919
35920
35921
35922
35923
35924
35928
35929
35930
35931
35932
35933
35937
35942
35946
35947
35948
35952
35953
35954
35968
35969
35970
35972
35973
35974
35975
36015
36016
36017
36018
36019
36020
36021
36022
36023
36039
36040
36041
36042
36043
36044
36045
36046
36047
36048
36049
36070
36071
36072
36073
36074
36075
36076
36077
36078
36079
36080
36082
36087
36088
36089
36090
36091
36092
36093
36094
36095
36099
36102
36103
36104
36105
36115
36116
36117
36118
36119
36120
36121
36122
36123
36124
36128
36151
36152
36153
36154
36155
36156
36167
36186
36187
36189
36190
36192
36194
36195
36196
36198
36200
36201
36204
36209
36210
36211
36212
36213
36217
36218
36219
36220
36224
36225
36226
36231
36232
36233
36234
36235
36236
36237
36238
36255
36256
36257
36258
36259
36260
36261
36262
36263
36264
36265
36266
36267
36268
36269
36270
36271
36272
36273
36274
36275
36276
36277
36278
36279
36280
36313
36314
36315
36316
36317
36318
36319
36320
36321
36322
36334
36335
36337
36345
36370
36371
36372
36373
36374
36386
36408
36409
36410
36411
36424
36430
36431
36432
36434
36435
36436
36437
36438
36439
36440
36441
36442
36443
36444
36458
36459
36461
36462
36463
36472
36473
36474
36475
36476
36477
36478
36479
36480
36481
36482
36483
36484
36485
36486
36487
36489
36493
36497
36498
36499
36500
36513
36514
36515
36518
36519
36520
36521
36522
36523
36524
36526
36529
36534
36535
36546
36547
36548
36550
36553
36554
36555
36556
36557
36558
36559
36574
36575
36576
36577
36578
36579
36580
36584
36588
36595
36596
36597
36599
36601
36602
36603
36604
36605
36614
36615
36616
36617
36618
36624
36625
36626
36627
36628
36640
36641
36642
36643
36644
36645
36646
36647
36648
36649
36650
36651
36678
36680
36681
36682
36683
36684
36685
36686
36687
36688
36689
36690
36691
36692
36693
36694
36695
36696
36697
36698
36699
36700
36701
36702
36703
36704
36705
36706
36707
36708
36709
36710
36711
36712
36713
36714
36715
36716
36717
36718
36719
36720
36721
36722
36723
36724
36725
36726
36727
36728
36729
36730
36731
36732
36733
36734
36735
36736
36737
36738
36739
36740
36741
36742
36743
36744
36745
36746
36747
36748
36749
36751
36752
36753
36754
36755
36756
36757
36758
36759
36760
36761
36762
36763
36764
36765
36766
36767
36768
36769
36770
36771
36772
36773
36774
36775
36776
36777
36778
36779
36780
36781
36782
36783
36784
36785
36786
36787
36788
36789
36790
36791
36792
36793
36794
36795
36798
36799
36802
36803
36804
36805
36806
36807
36808
36809
36810
36811
36812
36813
36814
36815
36816
36818
36820
36821
36823
36824
36825
36826
36828
36829
36830
36831
36832
36833
36834
36835
36836
36837
36839
36841
36843
36845
36846
36847
36850
36851
36852
36853
36854
36855
36856
36859
36861
36863
36864
36865
36866
36871
36874
36876
36877
36878
36883
36885
36886
36889
36890
36891
36894
36895
36896
36897
36898
36899
36901
36904
36905
36906
36909
36910
36911
36912
36917
36918
36919
36920
36921
36922
36923
36924
36925
36927
36928
36929
36931
36937
36938
36939
36943
36945
36946
36948
36949
36952
36953
36964
36967
36968
36969
36970
36971
36972
36976
36977
36985
36986
36987
36988
36989
36990
36991
36999
37000
37001
37012
37013
37014
37015
37016
37017
37028
37029
37030
37031
37032
37033
37034
37035
37036
37037
37038
37039
37040
37060
37061
37062
37063
37064
37065
37066
37067
37068
37080
37083
37085
37088
37089
37091
37100
37101
37102
37103
37104
37105
37106
37107
37108
37109
37110
37111
37112
37113
37114
37115
37116
37117
37118
37119
37120
37121
37123
37124
37125
37130
37139
37140
37142
37144
37145
37148
37152
37153
37157
37159
37160
37163
37166
37169
37170
37172
37173
37174
37178
37179
37180
37184
37186
37188
37189
37192
37193
37196
37197
37198
37202
37205
37206
37208
37211
37218
37219
37221
37222
37224
37226
37227
37228
37229
37230
37250
37251
37252
37253
37254
37255
37256
37269
37270
37271
37272
37273
37274
37275
37276
37277
37278
37279
37280
37281
37282
37283
37284
37285
37286
37287
37288
37289
37290
37291
37317
37318
37319
37320
37321
37322
37323
37324
37325
37326
37327
37344
37345
37347
37348
37350
37351
37352
37353
37361
37362
37363
37364
37376
37377
37379
37380
37381
37382
37386
37387
37388
37389
37394
37395
37396
37397
37398
37399
37400
37401
37410
37411
37412
37413
37422
37423
37425
37426
37427
37428
37429
37435
37439
37440
37441
37442
37443
37444
37445
37446
37447
37448
37449
37450
37477
37478
37480
37481
37482
37483
37484
37485
37486
37487
37488
37489
37490
37491
37492
37493
37494
37495
37496
37497
37498
37499
37500
37501
37502
37503
37504
37505
37506
37507
37508
37509
37540
37541
37542
37543
37544
37545
37546
37547
37548
37549
37550
37579
37580
37581
37582
37583
37584
37585
37586
37587
37588
37589
37590
37591
37592
37593
37594
37595
37596
37597
37598
37599
37600
37634
37635
37636
37637
37638
37639
37640
37641
37642
37643
37644
37645
37646
37647
37648
37649
37650
37651
37652
37653
37654
37655
37656
37657
37658
37659
37660
37661
37662
37663
37664
37665
37666
37667
37668
37669
37670
37719
37720
37721
37722
37723
37724
37725
37726
37727
37728
37729
37730
37731
37732
37733
37734
37735
37736
37737
37738
37739
37763
37764
37765
37771
37772
37773
37774
37777
37778
37783
37784
37785
37786
37789
37792
37794
37795
37797
37798
37803
37804
37806
37807
37808
37809
37810
37811
37813
37814
37817
37818
37819
37820
37821
37822
37823
37824
37825
37826
37828
37829
37830
37831
37832
37833
37834
37835
37836
37837
37838
37839
37840
37841
37842
37843
37844
37845
37846
37850
37851
37852
37853
37855
37858
37861
37863
37864
37865
37866
37867
37868
37869
37870
37871
37872
37873
37874
37875
37878
37879
37880
37881
37882
37883
37884
37886
37890
37893
37896
37897
37898
37899
37900
37901
37902
37904
37905
37907
37908
37909
37910
37911
37912
37913
37914
37915
37916
37917
37918
37919
37920
37921
37922
37923
37924
37925
37926
37927
37928
37929
37930
37932
37933
37936
37937
37939
37940
37941
37942
37943
37944
37945
37946
37947
37948
37949
37950
37951
37952
37953
37954
37955
37956
37957
37958
37959
37960
37961
37962
37963
37964
37965
37966
37967
37968
37969
37970
37971
37972
37973
37974
37975
37976
37977
37978
37982
37983
37984
37985
37986
37987
37988
37989
37991
37992
37993
37994
37995
37996
37997
37998
38001
38002
38003
38004
38005
38006
38009
38010
38011
38012
38013
38014
38015
38016
38017
38018
38019
38020
38022
38023
38024
38025
38026
38027
38028
38029
38030
38031
38032
38033
38034
38035
38036
38037
38038
38039
38040
38041
38042
38043
38045
38046
38047
38049
38050
38051
38052
38053
38054
38055
38056
38057
38058
38059
38060
38061
38062
38063
38064
38065
38066
38067
38068
38069
38070
38071
38072
38073
38074
38075
38076
38077
38078
38079
38080
38081
38082
38083
38084
38085
38086
38087
38088
38089
38090
38091
38092
38093
38094
38095
38096
38097
38098
38099
38104
38107
38108
38109
38111
38112
38113
38114
38115
38116
38117
38118
38119
38120
38121
38122
38124
38125
38126
38127
38128
38129
38130
38131
38132
38133
38134
38135
38136
38137
38138
38139
38140
38141
38142
38143
38144
38145
38146
38147
38148
38149
38150
38151
38152
38153
38154
38155
38157
38158
38159
38160
38161
38162
38163
38164
38165
38166
38167
38168
38169
38170
38171
38172
38173
38174
38175
38176
38177
38178
38179
38180
38181
38182
38183
38184
38186
38187
38189
38190
38191
38193
38195
38196
38197
38198
38199
38200
38201
38202
38203
38204
38205
38206
38211
38212
38213
38214
38215
38216
38217
38218
38219
38220
38221
38222
38223
38224
38225
38226
38229
38230
38231
38232
38234
38235
38237
38238
38239
38240
38241
38246
38248
38249
38250
38251
38252
38253
38254
38255
38256
38258
38259
38260
38261
38262
38263
38264
38265
38266
38267
38268
38269
38270
38271
38272
38273
38274
38275
38276
38277
38278
38279
38280
38281
38282
38283
38284
38285
38286
38287
38288
38289
38290
38291
38292
38293
38294
38295
38296
38297
38298
38299
38300
38301
38302
38303
38304
38305
38306
38307
38308
38309
38310
38311
38312
38313
38314
38315
38316
38317
38318
38319
38320
38321
38322
38323
38324
38325
38326
38327
38328
38329
38330
38331
38332
38333
38334
38335
38336
38337
38338
38339
38340
38341
38342
38343
38344
38345
38346
38347
38348
38349
38350
38351
38352
38353
38354
38355
38356
38357
38358
38359
38360
38361
38362
38363
38364
38365
38366
38367
38368
38369
38370
38371
38372
38381
38382
38385
38386
38387
38388
38389
38390
38391
38392
38393
38394
38403
38404
38405
38406
38407
38408
38409
38410
38411
38412
38415
38416
38421
38422
38423
38424
38425
38426
38427
38428
38429
38430
38431
38432
38433
38434
38435
38436
38437
38438
38439
38440
38441
38443
38444
38445
38446
38447
38449
38450
38451
38452
38454
38455
38458
38459
38460
38461
38462
38463
38464
38466
38467
38468
38470
38471
38473
38480
38482
38483
38484
38485
38486
38487
38488
38489
38490
38491
38501
38502
38503
38504
38505
38506
38507
38508
38509
38510
38512
38518
38519
38521
38522
38525
38526
38527
38529
38530
38531
38536
38538
38539
38540
38541
38542
38543
38544
38546
38547
38552
38554
38555
38556
38557
38558
38559
38560
38561
38562
38569
38570
38571
38572
38573
38574
38575
38576
38578
38579
38580
38582
38583
38584
38585
38586
38587
38588
38589
38590
38591
38592
38593
38594
38595
38596
38598
38599
38602
38603
38608
38611
38616
38619
38624
38627
38630
38633
38636
38637
38638
38639
38640
38641
38644
38647
38649
38650
38651
38652
38653
38654
38655
38656
38657
38658
38659
38660
38661
38662
38663
38664
38665
38666
38667
38668
38669
38670
38671
38672
38673
38674
38675
38676
38677
38690
38692
38695
38698
38700
38701
38702
38703
38704
38705
38706
38707
38708
38709
38710
38711
38712
38713
38714
38715
38716
38717
38718
38719
38720
38721
38722
38723
38724
38725
38726
38727
38730
38733
38735
38736
38737
38745
38746
38748
38749
38752
38753
38755
38756
38757
38758
38759
38760
38761
38762
38763
38764
38765
38766
38778
38779
38780
38783
38784
38785
38786
38787
38796
38797
38798
38801
38802
38803
38807
38808
38809
38810
38859
38860
38861
38862
38863
38865
38866
38867
38868
38869
38870
38879
38880
38881
38883
38884
38885
38886
38887
38888
38889
38891
38892
38893
38894
38895
38902
38903
38904
38905
38906
38907
38918
38919
38920
38921
38922
38923
38924
38925
38926
38927
38928
38929
38936
38937
38938
38939
38940
38941
38944
38945
38946
38947
38949
38950
38953
38954
38956
38964
38965
38967
38968
38970
38971
38972
38980
38981
38982
39002
39003
39004
39005
39007
39008
39009
39011
39012
39013
39020
39021
39022
39023
39024
39025
39044
39045
39056
39057
39058
39059
39120
39121
39122
39123
39124
39125
39127
39128
39129
39130
39131
39132
39134
39135
39136
39137
39138
39143
39144
39145
39146
39147
39148
39149
39150
39151
39160
39161
39162
39163
39164
39165
39166
39171
39172
39173
39174
39175
39176
39177
39178
39179
39186
39187
39188
39189
39190
39199
39200
39201
39202
39213
39214
39215
39216
39217
39218
39219
39220
39221
39222
39223
39224
39225
39226
39227
39228
39229
39230
39231
39232
39233
39290
39291
39292
39293
39294
39295
39301
39302
39303
39304
39305
39306
39317
39318
39319
39320
39321
39326
39327
39331
39332
39333
39334
39335
39336
39337
39338
39339
39420
39421
39422
39423
39424
39425
39432
39433
39434
39435
39436
39437
39442
39443
39444
39445
39446
39447
39448
39449
39450
39451
39452
39453
39454
39455
39474
39475
39476
39477
39478
39479
39480
39481
39482
39483
39484
39487
39488
39489
39491
39492
39493
39494
39495
39496
39499
39500
39501
39502
39522
39523
39524
39525
39526
39527
39528
39529
39532
39533
39534
39535
39536
39537
39538
39539
39540
39541
39542
39543
39544
39545
39546
39547
39548
39567
39568
39569
39571
39572
39573
39574
39575
39576
39577
39578
39579
39581
39582
39583
39585
39586
39587
39588
39589
39591
39592
39593
39594
39595
39596
39617
39618
39619
39620
39621
39622
39623
39624
39625
39626
39627
39628
39629
39630
39631
39632
39633
39634
39635
39636
39637
39638
39639
39640
39641
39660
39661
39662
39663
39664
39665
39666
39667
39668
39669
39670
39671
39672
39673
39674
39675
39676
39677
39678
39691
39692
39693
39694
39695
39696
39697
39698
39699
39700
39701
39702
39703
39704
39705
39706
39707
39708
39709
39710
39711
39712
39713
39714
39715
39716
39717
39718
39719
39720
39721
39722
39723
40750
40754
40756
40760
40763
40764
40770
40771
40776
40777
40782
40784
40786
40795
40796
40797
40803
40804
40805
40807
40808
40809
40810
40811
40812
40814
40816
40819
40820
40822
40825
40826
40827
40829
40844
40845
40847
40854
40858
40859
40861
40862
40863
40864
40865
40866
40867
40868
40876
40877
40878
40879
40880
40881
40907
40908
40909
40910
40913
40914
40923
40924
40925
40928
40929
40930
40931
40932
40933
40935
40936
40939
40940
40941
40942
40943
40945
40953
40954
40958
40959
40960
40961
40962
40963
40965
40966
40967
40969
40970
40971
40974
40975
40979
40985
40986
40989
40990
40991
40992
40993
40994
40995
40996
40997
40998
40999
41000
41001
41002
41003
41004
41005
41006
41009
41012
41014
41015
41016
41035
41036
41039
41040
41042
41043
41047
41050
41052
41053
41054
41055
41058
41076
41078
41081
41084
41087
41092
41095
41097
41098
41104
41106
41107
41109
41110
41131
41132
41150
41162
41169
41176
41177
41178
41179
41180
41182
41183
41184
41185
41188
41189
41190
41191
41192
41205
41206
41208
41209
41210
41211
41215
41219
41220
41221
41228
41229
41230
41231
41232
41248
41268
41270
41271
41296
41301
41308
41312
41313
41314
41318
41319
41320
41326
41327
41328
41330
41334
41338
41343
41344
41345
41347
41350
41351
41352
41353
41354
42531
42532
42533
42534
42535
42536
42537
42538
42539
42540
42541
42542
42543
42544
42545
42546
42547
42548
42549
42605
42606
42607
42608
42609
42610
42611
42612
42613
42614
42615
42645
42646
42647
42648
42649
42650
42651
42652
42653
42654
42655
42656
42657
42659
42683
42684
42685
42686
42687
42688
42689
42690
42691
42692
42693
42694
42696
42723
42724
42725
42726
42727
42728
42729
42730
42731
42732
42733
42758
42759
42760
42761
43544
43545
43546
43547
43548
43549
43552
43553
43554
43555
43556
43557
43558
43559
43560
43561
43562
43563
43564
43566
43567
43568
43569
43570
43571
43572
43573
43574
43575
43576
43577
43578
43579
43580
43581
43582
43583
43584
43585
43586
43587
43588
43589
43590
43591
43592
43593
43594
43595
43596
43597
43598
43599
43600
43601
43602
43603
43604
43605
43606
43607
43608
43610
43611
43615
43616
43617
43618
43619
43620
43621
43622
43623
43624
43625
43626
43627
43628
43629
43630
43631
43632
43633
43634
43635
43636
43637
43638
43639
43640
43641
43642
43643
43644
43645
43646
43647
43648
43649
43650
43651
43652
43653
43654
43655
43656
43657
43658
43659
43660
43661
43662
43663
43664
43665
43666
43667
43668
43669
43670
43671
43672
43673
43674
43675
43676
43677
43678
43679
43680
43681
43682
43683
43685
43686
43687
43688
43689
43690
43691
43692
43693
43694
43695
43696
43697
43698
43699
43700
43701
43702
43703
43704
43705
43706
43707
43708
43709
43710
43711
43712
43713
43714
43715
43716
43717
43718
43719
43720
43721
43722
43723
43724
43725
43726
43727
43728
43729
43730
43731
43732
43733
43734
43735
43736
43737
43738
43739
43740
43741
43742
43743
43744
43745
43746
43747
43748
43749
43750
43751
43752
43753
43754
43755
43756
43757
43759
43761
43764
43765
43766
43767
43768
43769
43770
43771
43772
43773
43774
43775
43776
43778
43779
43780
43781
43782
43783
43784
43785
43786
43787
43788
43789
43790
43791
43792
43793
43794
43795
43796
43797
43798
43799
43800
43801
43802
43803
43804
43805
43806
43807
43808
43809
43810
43811
43812
43813
43814
43815
43816
43817
43818
43819
43820
43821
43822
43823
43824
43825
43826
43827
43828
43829
43830
43831
43833
43834
43835
43837
43838
43839
43840
43841
43842
43843
43844
43845
43846
43847
43848
43849
43850
43851
43852
43853
43854
43855
43856
43857
43858
43859
43860
43861
43862
43863
43864
43865
43866
43867
43868
43869
43870
43871
43872
43873
43874
43875
43876
43877
43878
43879
43880
43881
43882
43883
43884
43885
43886
43887
43888
43889
43890
43891
43892
43893
43894
43895
43896
43897
43898
43899
43900
43903
43904
43905
43906
43907
43908
43909
43910
43911
43918
43919
43920
43923
43925
43926
43927
43928
43932
43933
43934
43935
43936
43937
43941
43942
43947
43948
43949
43950
43951
43952
43953
43954
43955
43956
43957
43958
43959
43968
43969
43970
43971
43972
43973
43974
43975
43976
43981
43982
43983
43984
43985
43987
43988
43989
43990
43991
43992
43994
43995
43996
43999
44000
44001
44007
44008
44009
44013
44014
44016
44017
44019
44020
44021
44022
44023
44024
44026
44027
44032
44033
44034
44040
44041
44042
44043
44044
44045
44046
44047
44048
44049
44050
44051
44052
44053
44054
44055
44056
44058
44059
44060
44061
44068
44069
44070
44071
44072
44073
44080
44081
44082
44083
44084
44085
44086
44087
44088
44089
44090
44091
44092
44093
44105
44106
44107
44108
44109
44111
44112
44113
44114
44115
44120
44121
44122
44123
44124
44128
44129
44130
44131
44138
44139
44140
44141
44142
44143
44144
44150
44151
44152
44153
44154
44155
44158
44159
44160
44161
44166
44167
44168
44169
44170
44171
44172
44173
44174
44175
44176
44177
44178
44179
44181
44182
44183
44184
44185
44190
44191
44192
44193
44194
44195
44196
44198
44199
44200
44203
44204
44206
44207
44208
44211
44212
44213
44214
44215
44216
44217
44218
44219
44220
44221
44222
44223
44224
44225
44226
44227
44228
44229
44230
44231
44232
44233
44234
44235
44236
44237
44238
44239
44240
44241
44242
44243
44244
44245
44246
44250
44251
44258
44259
44260
44263
44264
44265
44266
44267
44268
44269
44270
44271
44272
44273
44274
44275
44276
44277
44278
44279
44280
44281
44282
44283
44284
44285
44286
44287
44288
44289
44290
44291
44292
44293
44294
44295
44296
44297
44298
44299
44301
44302
44303
44304
44305
44306
44307
44308
44309
44310
44311
48695
48696
48697
48698
48699
48700
48701
48702
48703
48704
48705
48706
48707
48708
48709
48710
48711
48712
48713
48714
48715
48716
48717
48718
48719
48720
48721
48722
48723
48724
48725
48726
48727
48728
48729
48730
48731
48732
48733
48734
48735
48736
48737
48738
48739
48740
48741
48742
48743
48744
48745
48746
48747
48748
50722
50723
50724
50725
50726
50727
50728
50729
50730
50731
50732
50733
50734
50735
50736
50737
50738
50739
50740
50741
50742
50743
50744
50745
50746
50747
50748
50749
50750
50751
50752
50753
50754
50755
50756
50757
50758
50759
50761
50762
50764
50765
50767
50768
50770
50772
50773
50774
50775
50776
50778
50779
50780
50784
50785
50787
50789
50790
50791
50792
50794
50795
50796
50797
50800
50801
50802
50803
50804
50805
50806
50807
50808
50809
50810
50811
50812
50813
50814
50815
50816
50817
50818
50819
50820
50821
50822
50823
50824
50825
50826
50827
50828
50829
50830
50831
50832
50833
50834
50835
50836
50839
50841
50842
50844
50845
50846
50847
50848
50851
50852
50853
50856
50857
50859
50860
50861
50863
50864
50865
50868
50869
50870
50871
50872
50873
70006
70007
70008
70009
70010
70011
70012
70013
70014
70015
70016
70028
70029
70030
70031
70032
70033
70034
70061
70062
70063
70086
70087
70088
70089
70090
70091
70092
70093
70121
70122
70123
70147
70148
70149
70150
70151
70152
70153
70154
70155
70176
70177
70178
70200
70201
70202
70203
70204
70205
70206
70207
70208
70209
70219
70221
70222
70223
70240
70241
70242
70243
70244
70245
70246
70247
70248
70249
70250
70251
70252
70263
70264
70265
70266
70267
70268
70276
70278
70279
70280
70281
70282
70283
70284
70300
70301
70302
70303
70304
70305
70324
70325
70326
70327
70347
70348
70386
70387
70388
70389
70390
70391
70392
70401
70402
70403
70404
70405
70413
70414
70415
70578
70580
70581
70583
70585
70588
70589
70593
70594
70595
70598
70599
70601
70602
70603
70604
70605
70606
70609
70611
70612
70614
70617
70619
70620
70621
70622
70623
70624
70625
70630
70632
70633
70636
70637
70639
70640
70641
70642
70643
70644
70645
70648
70651
70653
70655
70656
70657
70658
70665
70666
70671
70672
70673
70674
70677
70678
70679
70680
70681
70682
70683
70685
70686
70687
70689
70690
70692
70695
70696
70698
70699
70700
70701
70703
70704
70705
70706
70712
70713
70714
70717
70718
70723
70727
70729
70730
70731
70732
70733
70734
70735
70736
70737
70741
70743
70746
70749
70751
70752
70753
70754
70755
70756
70757
70758
70759
70760
70764
70765
70766
70767
70768
70769
70773
70781
70782
70787
70788
70789
70790
70793
70794
70795
70797
70798
70799
70800
70801
70809
70815
70816
70818
70821
70822
70823
70824
70825
70831
70832
70833
70840
70841
70842
70846
70847
70848
70853
70854
70855
70856
70857
70858
70859
70860
70873
70874
70875
70876
70881
70886
70892
70893
70894
70895
70901
70902
70903
70904
70905
70906
70908
70984
70985
70993
70994
70997
71002
71010
71013
71014
71020
71022
71023
71024
71025
71026
71028
71030
71037
71044
71045
71046
71047
71051
71052
71069
71071
71072
71075
71078
71080
71084
71086
71088
71089
71091
71097
71098
71099
71112
71114
71115
71125
71126
71127
71133
71136
71140
71141
71142
71152
71154
71156
71158
71161
71166
71173
71175
71177
71178
71180
71181
71183
71184
71185
71209
71210
71213
71216
71226
71227
71240
71241
71242
71243
71244
71265
71266
71267
71268
71276
71278
71287
71289
71290
71311
71312
71313
71314
71318
71319
71327
71328
71336
71338
71339
71344
71345
71358
71360
71361
71465
71466
72162
72164
72167
72168
72170
72180
72181
72192
72195
72197
72200
72206
72207
72208
72209
72210
72213
72218
72219
72220
72223
72224
72226
72236
72237
72240
72242
72247
72253
72254
72255
72256
72258
72259
72263
72265
72277
72278
72279
72280
72281
72285
72286
72287
72288
72289
72298
72299
72309
72310
72312
72313
72314
72315
72317
72318
72319
72320
72321
72322
72323
72325
72326
72327
72333
72346
72347
72349
72350
72371
72374
72375
72376
72377
72378
72381
72382
72383
72384
72385
72386
72394
72395
72396
72397
72404
72405
72406
72410
72411
72412
72413
72414
72416
72417
72419
72420
72421
72423
72424
72425
72430
72431
72432
72433
72437
72438
72440
72441
72443
72444
72445
72447
72448
72474
72475
72476
72478
72479
72486
72488
72493
72498
72502
72504
72507
72508
72511
72515
72524
72525
72530
72532
72536
72537
72538
72539
72540
72541
72542
72543
72544
72545
72546
72549
72552
72554
72556
72557
72558
72559
72560
72561
72562
72563
72564
72566
72567
72576
72578
72592
72593
72594
72595
72618
72619
72620
72626
72627
72630
72639
72648
72649
72652
72653
72654
72656
72657
72659
72662
72667
72668
72669
72670
72676
72678
72679
72685
72686
72687
72701
72702
72703
72704
72706
72708
72712
72720
72722
72725
72727
72728
72729
72730
72731
72732
72733
72736
72746
72747
72751
72752
72753
72754
72758
72761
72785
72787
72789
72794
72800
72806
72807
72811
72819
72832
72833
72837
72840
72855
72863
72864
72865
72866
72867
72885
72886
72887
72888
72892
72935
72937
72947
72949
72950
72951
72963
72964
72965
72966
72967
72968
72969
72970
72971
72972
72973
72988
72989
72990
72991
72992
73014
73018
73019
73020
73030
73031
73032
73055
73056
73057
73063
73070
73071
73072
73073
73087
73088
73089
73094
73095
73096
73097
73099
73102
73114
73115
73116
73120
73121
73135
73137
73139
73148
73149
73151
73152
73155
73158
73159
73181
73182
73195
73214
73215
73216
73221
73222
73227
78161
78162
78163
78164
78165
78166
78167
78168
78169
78170
78171
78172
78173
78174
78175
78176
78177
78178
78179
78180
78254
78255
78256
78257
78258
78259
78260
78261
78262
78263
78264
78265
78266
78267
78268
78269
78270
78271
78332
78333
78334
78335
78336
78337
78338
78339
78340
78341
78342
78343
78344
78345
78346
78347
78401
78402
78403
78404
78405
78406
78407
78408
78409
78410
78411
78412
78413
78414
78469
78470
78471
78472
78473
78474
78475
78476
78477
78478
78479
78480
78691
78692
78708
78709
78710
78711
78712
78713
78714
78715
78716
78717
78732
78733
78734
78735
78736
78737
78738
78739
78740
78741
78742
78743
78744
78745
78746
78747
78748
78762
78763
78764
78765
78766
78767
78768
78769
78770
78771
78772
78773
78774
78775
78776
78777
78786
78787
78788
78789
78790
78791
78792
78793
78794
78796
78843
78873
78874
78875
78876
78877
78878
78879
78900
78901
78902
78903
78904
78905
78906
78907
78928
78929
78930
78931
78932
78933
78934
78935
78936
78954
78955
78956
78957
78958
78959
78960
78961
78962
78963
78979
78980
78981
78982
78983
78984
78985
78986
78987
78988
78989
78990
79007
79008
79009
79010
79011
79012
79013
79014
79015
79016
79017
79031
79032
79033
79034
79035
79036
79037
79047
79048
79049
79050
79057
79087
79088
79089
79090
79091
79092
79093
79094
79095
79096
79097
79098
79099
79100
79101
79102
79103
79104
79105
79106
79142
79143
79144
79145
79146
79147
79148
79149
79150
79151
79152
79153
79154
79174
79175
79176
79177
79178
79179
79180
79181
79182
79183
79184
79200
79201
79202
79203
79204
79205
79206
79207
79208
79222
79223
79224
79225
79226
79227
79228
79271
79272
79273
79274
79275
79276
79277
79286
79287
79288
79289
79290
79295
79296
79297
79317
79318
79319
79320
79321
79322
79346
79347
79348
79349
79350
79351
79352
79379
79380
79381
79382
79383
79384
79385
79386
79406
79407
79408
79409
79410
79411
79429
79430
79431
79432
79433
79435
79451
79452
79453
79454
79455
79457
79470
79471
79472
79473
79474
79476
79484
79485
79486
79487
79488
79491
79501
79502
79521
79522
79523
79524
79525
79526
79527
79547
79548
79549
79550
79551
79552
79553
79554
79555
79556
79557
79558
79559
79560
79561
79562
79563
79564
79565
79566
79567
79568
79569
79570
79572
79574
79575
79576
79577
79578
79579
79580
79581
79582
79583
79584
79585
79586
79587
79588
79589
79590
79591
79592
79593
79596
79597
79602
79603
79605
79607
79609
79610
79611
79615
79616
79620
79621
79622
79623
79626
79627
79632
79635
79636
79637
79640
79641
79642
79643
79644
79645
79646
79653
79654
79655
79657
79658
79659
79660
79661
79665
79666
79667
79671
79675
79684
79685
79686
79687
79691
79692
79693
79694
79695
79696
79698
79702
79704
79705
79706
79707
79708
79709
79711
79713
79724
79725
79726
79727
79728
79729
79730
79731
79744
79745
79746
79747
79748
79749
79750
79751
79752
79753
79754
79755
79756
79757
79758
79759
79768
79769
79770
79771
79772
79775
79776
79777
79780
79781
79783
79784
79785
79786
79787
79788
79789
79790
79792
79793
79794
79795
79796
79797
79798
79800
79801
79802
79803
79805
79806
79807
79808
79809
79811
79812
79813
79814
79815
79817
79818
79819
79829
79830
79831
79832
79833
79834
79835
79836
79837
79838
79854
79855
79856
79857
79858
79859
79860
79861
79862
79863
79864
79865
79866
79867
79868
79869
79870
79871
79872
79883
79884
79885
79886
79887
79889
79891
79892
79898
79899
79901
79902
79903
79904
79905
79910
79911
79912
79913
79914
79916
79917
79918
79919
79921
79922
79923
79925
79926
79928
79929
79932
79933
79934
79935
79936
79938
79939
79941
79942
79943
79944
79954
79955
79956
79957
79958
79959
79960
79962
79963
79964
79965
79966
79967
79968
79969
79970
79971
79972
79973
79978
79980
79981
79982
79984
79985
79986
79988
79989
79991
79992
79995
79996
80000
80001
80002
80003
80006
80008
80010
80014
80019
80022
80025
80030
80032
80035
80039
80042
80045
80047
80048
80049
80050
80051
80052
80053
80054
80055
80056
80057
80058
80059
80060
80061
80062
80063
80064
80065
80066
80067
80068
80069
80070
80071
80072
80073
80074
80075
80080
80085
80089
80091
80097
80102
80103
80105
80115
80116
80117
80118
80119
80120
80121
80122
80123
80124
80125
80126
80127
80128
80129
80130
80131
80132
80133
80134
80135
80136
80137
80138
80139
80140
80141
80142
80143
80144
80145
80146
80147
80148
80149
80150
80151
80152
80153
80154
80155
80160
80165
80168
80169
80178
80179
80180
80181
80182
80183
80184
80185
80186
80187
80188
80191
80193
80194
80195
80196
80197
80198
80201
80202
80203
80204
80206
80209
80212
80214
80217
80218
80219
80220
80227
80228
80229
80230
80231
80232
80236
80237
80239
80240
80241
80242
80243
80244
80246
80248
80249
80255
80256
80257
80258
80259
80261
80262
80264
80265
80267
80268
80271
80272
80273
80274
80275
80278
80279
80282
80283
80286
80289
80292
80293
80294
80295
80296
80297
80298
80299
80300
80301
80308
80310
80313
80315
80316
80317
80318
80319
80320
80321
80322
80323
80324
80325
80326
80327
80330
80333
80344
80345
80349
80350
80357
80373
80374
80375
80376
80377
80378
80388
80389
80390
80391
80392
80393
80409
80411
80421
80434
80437
80508
80509
80510
80511
80512
80513
80514
80515
80516
80517
80518
80519
80520
80529
80530
80531
80532
80555
80556
80557
80559
80560
80561
80562
80563
80564
80565
80578
80579
80580
80581
80582
80588
80589
80593
80594
80605
80607
80608
80609
80627
80629
80630
80631
80632
80633
80646
80647
80648
80652
80653
80654
80655
80656
80657
80658
80659
80660
80712
80713
80714
80715
80716
80717
80718
80719
80720
80721
80722
80723
80724
80725
80726
80727
80730
80731
80732
80745
80746
80747
80748
80749
80750
80764
80765
80766
80767
80768
80769
80792
80793
80846
80847
80848
80849
80850
80851
80852
80853
80854
80855
80856
80857
80858
80859
80860
80876
80877
80878
80879
80880
80881
80882
80910
80919
80928
80929
80930
80938
80957
81330
81331
81337
81345
81346
81350
81352
81354
81356
81360
81362
81363
81364
81366
81367
81370
81375
81376
81379
81385
81386
81388
81391
81393
81394
81395
81397
81405
81406
81407
81408
81413
81414
81415
81416
81417
81418
81419
81420
81427
81428
81429
81430
81431
81432
81433
81437
81438
81439
81441
81442
81443
81444
81446
81447
81448
81449
81450
81451
81453
81454
81456
81457
81458
81459
81461
81462
81463
81469
81470
81471
81472
81478
81479
81480
81481
81482
81483
81484
81491
81492
81493
81494
81495
81496
81499
81500
81502
81503
81504
81509
81511
81512
81513
81514
81515
81516
81517
81519
81520
81525
81526
81528
81529
81530
81531
81532
81533
81535
81536
81537
81538
81540
81541
81546
81547
81548
81549
81551
81553
81555
81559
81562
81566
81569
81573
81577
81579
81581
81582
81583
81584
81585
81586
81587
81588
81589
81590
81591
81595
81600
81603
81604
81607
81608
81609
81610
81611
81612
81613
81614
81615
81616
81617
81618
81619
81620
81621
81622
81623
81624
81625
81626
81627
81635
81640
81642
81643
81645
81646
81647
81648
81649
81650
81651
81652
81653
81654
81655
81656
81657
81658
81659
81660
81661
81662
81665
81669
81696
81723
81724
81725
81726
81727
81728
81732
81786
81817
81818
81820
81821
81841
81842
81843
81844
81845
81853
81862
81864
81865
81885
81889
81890
81891
81973
81976
81977
81978
81979
81980
81981
81982
81983
81997
81998
82043
82046
82053
82054
82055
82056
82057
82058
82059
82060
82312
82314
82316
82317
82320
82321
82324
82326
82329
82331
82333
82334
82335
82336
82338
82340
82342
82344
82347
82348
82350
82351
82352
82354
82356
82357
82359
82362
82365
82368
82369
82370
82371
82372
82373
82375
82378
82379
82382
82383
82385
82386
82388
82390
82394
82396
82400
82401
82402
82404
82405
82408
82409
82410
82411
82416
82417
82418
82419
82424
82425
82426
82427
82442
82443
82444
82445
82459
82460
82461
82462
82463
82468
82470
82471
82476
82477
82478
82479
82481
82482
82490
82491
82492
82493
82495
82497
82499
82500
82502
82503
82505
82510
82511
82512
82513
82517
82518
82519
82524
82525
82527
82528
82529
82530
82531
82533
82535
82541
82543
82546
82547
82548
82550
82554
82555
82556
82565
82567
82569
82571
82575
82577
82582
82585
82589
82593
82595
82596
82597
82598
82599
82600
82601
82602
82603
82604
82605
82609
82612
82615
82618
82621
82622
82623
82624
82625
82626
82627
82628
82629
82630
82631
82658
82664
82666
82669
82672
82674
82675
82676
82677
82678
82679
82680
82681
82682
82705
82707
82713
82714
82715
82719
82720
82721
82731
82736
82739
82741
82745
82746
82747
82776
82777
82779
82780
82781
82782
82783
82785
82786
82791
82797
82798
82800
82801
82802
82803
82804
82812
82814
82816
82820
82821
82822
82826
82828
82832
82834
82837
82838
82842
82843
82844
82846
82848
82853
82860
82862
82875
82876
82877
82878
82879
82880
82881
82882
82901
82902
82906
82907
82908
82919
82920
82921
82922
82923
82924
82930
82931
82932
82933
82934
82944
82945
82946
82950
82951
82966
82967
82968
82969
82976
82977
82982
82984
82989
82990
82991
82992
83235
83236
83237
83238
83239
83240
83241
83242
83243
83244
83245
83246
83247
83248
83249
83264
83265
83266
83267
83268
83297
83298
83299
83300
83301
83302
83303
83304
83305
83306
83307
83308
83309
83310
83311
83312
83313
83333
83334
83335
83336
83337
83338
83339
83340
83341
83342
83343
83344
83345
83346
83347
83366
83367
83368
83369
83370
83371
83372
83373
83374
83375
83376
83377
83378
83394
83395
83396
83397
83398
83399
83400
83401
83402
83403
83404
83419
83420
83421
83422
83423
83424
83425
83426
83427
83478
83479
83480
83481
83482
83483
83506
83507
83508
83509
83510
83511
83512
83537
83538
83539
83540
83541
83542
83543
83544
83563
83564
83565
83566
83567
83568
83569
83570
83580
83581
83582
83583
83584
83588
83589
83590
83591
83592
83593
83594
83610
83611
83612
83613
83614
83615
83616
83635
83636
83637
83638
83639
83640
83641
83642
83657
83658
83659
83660
83661
83662
83663
83664
83672
83673
83674
83675
83676
83681
83718
83740
83744
83745
83746
83750
83751
83753
83760
83761
83766
83767
83768
83769
83770
83771
83772
83774
83779
83780
83781
83783
83784
83785
83786
83787
83793
83794
83795
83796
83798
83801
83802
83803
83804
83805
83814
83815
83822
83823
83824
83825
83828
83829
83830
83831
83832
83833
83835
83836
83837
83840
83841
83842
83843
83844
83845
83846
83847
83849
83851
83852
83853
83854
83855
83856
83857
83858
83859
83860
83862
83863
83864
83865
83867
83868
83869
83877
83884
83885
83886
83887
83888
83890
83891
83892
83893
83894
83895
83896
83898
83899
83905
83906
83907
83908
83909
83910
83911
83913
83914
83915
83916
83917
83919
83920
83921
83927
83928
83929
83939
83940
83941
83943
83944
83945
83946
83948
83949
83951
83952
83953
83954
83955
83956
83957
83958
83959
83960
83967
83968
83969
83971
83972
83978
83985
83988
83991
83994
83996
83999
84001
84002
84003
84004
84005
84006
84007
84008
84009
84010
84011
84016
84021
84024
84025
84030
84032
84034
84035
84036
84037
84038
84039
84040
84041
84042
84043
84044
84045
84046
84047
84048
84052
84053
84054
84055
84056
84057
84058
84059
84060
84061
84062
84063
84064
84066
84067
84068
84069
84070
84073
84074
84075
84076
84077
84078
84079
84081
84083
84084
84107
84108
84109
84114
84115
84121
84122
84123
84129
84130
84131
84134
84135
84136
84137
84138
84140
84141
84143
84144
84159
84160
84161
84162
84163
84167
84224
84226
84227
84228
84229
84230
84231
84232
84233
84234
84235
84237
84238
84239
84240
84241
84249
84250
84261
84262
84263
84264
84265
84266
84267
84268
84269
84270
84277
84278
84279
84283
84284
84285
84286
84287
84288
84358
84359
84360
84361
84362
84363
84364
84365
84366
84367
84368
84369
84374
84375
84376
84377
84378
84379
84380
84381
84382
84383
84384
84385
84400
84401
84402
84403
84406
84407
84408
84420
84421
84422
84423
84424
84433
84434
84435
84436
84437
84438
84439
84440
84442
84443
84444
84445
84446
84447
84448
84716
84717
84718
84719
84720
84722
84723
84724
84727
84732
84734
84735
84737
84738
84739
84740
84741
84742
84744
84746
84747
84751
84752
84753
84755
84757
84758
84761
84765
84766
84767
84772
84773
84774
84775
84790
84791
84792
84793
84794
84802
84804
84805
84807
84809
84848
84849
84850
84851
84852
84853
84854
84855
84856
84857
84858
84859
84860
84861
84862
84863
84864
84865
84866
84867
84868
84869
84870
84871
84872
84873
84874
84875
84876
84877
84878
84879
84880
84881
84882
84883
84884
84888
84889
84890
84891
84893
84895
84896
84900
84902
84904
84905
84906
84907
84908
84909
84913
84914
84915
84917
84919
84922
84923
84924
84928
84929
84938
84942
84947
84950
84952
84955
84956
84959
84962
84965
84969
84970
84971
84972
84973
84975
84976
84977
84978
84979
84980
84985
84996
84997
84998
84999
85000
85001
85002
85005
85008
85009
85010
85011
85012
85014
85017
85018
85019
85020
85021
85022
85029
85030
85035
85036
85037
85038
85040
85041
85042
85043
85044
85053
85054
85055
85056
85058
85059
85060
85061
85062
85063
85064
85065
85066
85067
85068
85069
85070
85071
85072
85074
85076
85077
85078
85079
85080
85081
85088
85094
85095
85096
85097
85098
85099
85100
85101
85102
85103
85114
85115
85116
85117
85118
85119
85122
85127
85128
85129
85130
85131
85133
85134
85135
85136
85137
85139
85140
85142
85144
85145
85146
85147
85149
85150
85153
85154
85155
85156
85157
85158
85160
85161
85162
85163
85164
85165
85171
85172
85173
85175
85176
85177
85180
85181
85184
85187
85191
85193
85194
85195
85196
85197
85198
85199
85200
85201
85202
85203
85204
85205
85206
85207
85208
85209
85210
85211
85212
85213
85214
85215
85218
85221
85227
85232
85234
85236
85238
85239
85240
85250
85251
85252
85253
85254
85255
85256
85257
85258
85260
85262
85263
85264
85265
85266
85267
85268
85269
85270
85271
85272
85273
85274
85275
85276
85281
85286
85287
85289
85297
85298
85299
85300
85301
85302
85303
85317
85320
85321
85324
85331
85332
85333
85334
85335
85341
85342
85346
85347
85348
85350
85351
85352
85353
85360
85361
85362
85381
85387
85397
85398
85399
85400
85401
85402
85403
85418
85419
85420
85421
85422
85423
85428
85431
85432
85435
85436
85437
85438
85439
85440
85453
85454
85455
85456
85457
85463
85464
85465
85466
85467
85468
85469
85470
85471
85472
85473
85474
85475
85476
85519
85520
85521
85522
85523
85524
85525
85526
85527
85528
85529
85530
85533
85534
85535
85544
85545
85546
85547
85548
85549
85550
85551
85552
85553
85554
85555
85556
85563
85564
85592
85593
85594
85595
85596
85597
85598
85599
85600
85601
85602
85611
85615
85616
85617
85619
85620
85621
85622
85623
85630
85631
85911
85912
85913
85914
85915
85916
85917
85918
85919
85920
85921
85922
85926
85927
85928
85946
85948
85949
85951
85953
85998
85999
86000
86001
86002
86003
86004
86005
86006
86007
86008
86009
86010
86011
86012
86013
86014
86015
86016
86017
86018
86019
86020
86021
86022
86023
86024
86025
86026
86027
86028
86029
86030
86031
86032
86033
86034
86035
86036
86037
86040
86041
86042
86043
86047
86048
86050
86051
86054
86056
86057
86058
86059
86060
86061
86062
86063
86064
86070
86071
86072
86073
86077
86079
86084
86085
86086
86087
86089
86090
86170
86172
86175
86177
86179
86181
86182
86183
86184
86186
86187
86189
86191
86194
86197
86198
86199
86202
86203
86204
86205
86209
86210
86211
86216
86217
86218
86219
86221
86232
86233
86234
86235
86236
86237
86238
86239
86241
86243
86245
86247
86248
86249
86250
86251
86252
86254
86256
86259
86260
86265
86266
86267
86268
86269
86277
86278
86279
86280
86281
86283
86284
86285
86287
86288
86289
86290
86291
86292
86298
86300
86301
86302
86304
86306
86308
86311
86312
86314
86316
86319
86323
86327
86329
86330
86331
86332
86333
86334
86335
86336
86337
86341
86344
86347
86350
86353
86354
86355
86356
86357
86358
86359
86360
86361
86362
86363
86365
86368
86369
86385
86387
86390
86392
86393
86394
86395
86396
86397
86398
86399
86404
86406
86410
86411
86412
86416
86417
86418
86419
86430
86431
86432
86434
86436
86442
86448
86449
86450
86451
86452
86453
86454
86455
86463
86465
86469
86470
86471
86476
86477
86478
86479
86483
86485
86490
86491
86492
86493
86500
86501
86502
86503
86504
86505
86506
86507
86530
86531
86532
86533
86534
86535
86536
86539
86540
86547
86548
86549
86550
86551
86552
86558
86559
86560
86561
86562
86563
86571
86572
86717
86718
86721
86722
86723
86728
86732
86733
86734
86735
86737
86738
86739
86742
86744
86745
86746
86747
86751
86753
86755
86756
86757
86759
86761
86762
86764
86768
86769
86771
86775
86776
86779
86783
86784
86785
86790
86791
86795
86796
86822
86824
86825
86827
86829
88792
88794
88833
88834
88882
88883
88884
88932
88933
88934
90562
90563
90565
90566
90572
90573
90576
90581
90589
90603
90607
90608
90611
90613
90614
90616
90618
90619
90621
90635
90640
90641
90651
90652
90653
90663
90664
90669
90675
90683
90709
90711
90712
90713
90714
90717
90719
90721
90722
90728
90729
90731
90738
90745
90747
90753
90758
90769
90772
90781
90782
90784
90785
90790
90791
90792
90794
90812
90814
90834
90839
90840
90841
90845
90846
90868
90871
90875
90886
90889
95182
95199
95201
95214
95216
95222
95225
95245
95247
95249
95253
95260
95307
95313
95314
95334
95349
95350
95358
95360
95366
95368
95371
95373
95376
95378
95380
95387
95434
95436
95449
95450
95451
95455
95458
95459
95466
95468
95477
95482
95486
95491
95493
95502
95507
95510
95512
95514
95519
95521
95522
95524
95525
95527
95528
95530
95532
95533
95534
95535
95536
95538
95541
95544
95547
95552
95553
95554
95555
95563
95564
95566
95572
95585
95592
95598
95601
95603
95607
95614
95621
95625
95630
95633
95634
95635
95637
95638
95640
95641
95642
95644
95646
95648
95649
95650
95651
95652
95653
95654
95655
95656
95657
95661
95663
95665
95666
95667
95668
95669
95686
95687
95690
95693
95694
95695
95699
95700
95701
95702
95704
95705
95706
95708
95710
95712
95715
95717
95718
95720
95722
95724
95725
95726
95728
95730
95731
95732
95743
95744
95745
95746
95747
95754
95755
95756
95757
95758
95759
95760
95761
95762
95763
95764
95765
95766
95767
95768
95769
95770
95771
95772
95773
95774
95775
95776
95777
95778
95779
95780
95781
95782
95783
95784
95785
95786
95787
95788
95789
95790
95791
95792
95793
95794
95795
95796
95797
95798
95799
95800
95801
95802
95803
95804
95805
95806
95807
95808
95809
95810
95811
95812
95813
95814
95815
95816
95817
95818
95819
95820
95821
95822
95823
95824
95825
95826
95827
95828
95829
95831
95833
95834
95835
95837
95838
95839
95840
95842
95843
95844
95845
95846
95847
95848
95849
95850
95854
95855
95857
95858
95859
95860
95862
95864
95866
95867
95868
95870
95872
95873
95874
95876
95877
95878
95879
95880
95881
95883
95885
95886
95888
95889
95891
95892
95893
95894
95895
95896
95897
95899
95900
95901
95902
95903
95904
95905
95907
95908
95910
95911
95913
95915
95916
95917
95918
95924
95925
95926
95927
95928
95929
95930
95931
95932
95933
95934
95935
95936
95938
95940
95941
95942
95944
95946
95947
95948
95949
95950
95952
95953
95954
95956
95957
95959
95960
95962
95968
95969
95970
95971
95972
95973
95974
95975
95976
95977
95978
95979
95980
95981
95982
95983
95984
95985
95988
95989
95990
95991
95992
95993
95994
95995
95996
95997
95998
95999
96000
96001
96002
96004
96005
96006
96007
96008
96009
96011
96012
96013
96014
96016
96017
96018
96020
96021
96023
96025
96026
96032
96037
96042
96044
96045
96046
96047
96049
96051
96052
96054
96055
96057
96058
96059
96061
96062
96063
96064
96065
96066
96067
96068
96069
96075
96076
96079
96085
96086
96088
96091
96093
96094
96095
96096
96097
96101
96105
96106
96107
96115
96116
96117
96118
96123
96124
96126
96127
96128
96129
96131
96140
96142
96144
96145
96146
96148
96150
96151
96152
96156
96158
96160
96162
96164
96165
96167
96170
96171
96172
96173
96174
96175
96186
96189
96191
96193
96195
96196
96197
96198
96200
96202
96203
96204
96205
96206
96210
96211
96212
96213
96215
96216
96217
96218
96219
96220
96221
96222
96223
96224
96225
96226
96227
96228
96231
96232
96235
96240
96243
96246
96248
96250
96252
96254
96255
96256
96257
96260
96261
96262
96263
96265
96274
96275
96276
96277
96278
96279
96280
96281
96283
96289
96292
96293
96294
96295
96296
96297
96298
96299
96300
96302
96304
96306
96307
96308
96309
96310
96311
96312
96313
96315
96316
96317
96318
96320
96321
96322
96323
96324
96325
96326
96328
96329
96330
96332
96333
96334
96335
96336
96338
96339
96340
96341
96342
96343
96344
96345
96346
96347
96348
96349
96350
96355
96357
96358
96359
96360
96361
96364
96365
96370
96372
96377
96379
96382
96383
96388
96395
96400
96401
96402
96404
96407
96408
96409
96410
96411
96412
96413
96415
96416
96417
96418
96419
96421
96423
96426
96427
96428
96430
96432
96433
96438
96440
96442
96445
96447
96450
96451
96452
96454
96461
96497
96524
96538
96544
96555
96566
96573
96575
96577
96578
96579
96580
96581
96617
96618
96619
96623
96625
96626
96629
96648
96649
96683
96684
96685
96687
96688
96689
96690
96728
96729
96730
96732
96733
96773
96776
96782
96783
96785
96786
96787
96788
96789
96791
96793
96794
96799
96800
96801
96802
96803
96804
96805
96806
96807
96808
96810
96811
96812
96814
96817
96824
96825
96826
96827
96829
96835
96838
96839
96840
96842
96846
96847
96853
96857
96859
96862
96869
96871
96874
96877
96880
96888
96890
96892
96894
96895
96896
96901
96903
96904
96905
96907
96908
96912
96913
96915
96916
96917
97112
97113
97114
97115
97116
97120
97123
97130
97139
97148
97153
97155
97157
97161
97163
97164
97167
97169
97170
97171
97173
97175
97176
97177
97178
97179
97186
97187
97188
97189
97190
97191
97192
97193
97194
97195
97197
97213
97215
97222
97224
97233
97244
97318
97319
97320
97321
97322
97323
97324
97328
97329
97330
97331
97332
97334
97337
97339
97340
97343
97354
97355
97364
97366
97368
97370
97371
97375
97383
97386
97387
97388
97391
97392
97395
97396
97417
97426
97428
97432
97435
97437
97438
97444
97453
97460
97465
97471
97487
97493
97509
97523
97525
97538
97544
97545
97549
97550
97559
97563
97569
97570
97572
97573
97575
97576
97581
97582
97584
97586
97592
97596
97602
97607
97647
97651
97652
97654
97656
97658
97663
97681
97683
97684
97687
97688
97689
97690
97691
97692
97693
97694
97695
97696
97697
97702
97703
97705
97706
97707
97708
97709
97711
97712
97713
97714
97715
97716
97718
97720
97721
97722
97723
97724
97725
97726
97727
97728
97730
97731
97734
97735
97736
97737
97741
97742
97743
97744
97745
97747
97748
97750
97752
97761
97762
97769
97788
97790
97793
97797
97800
97801
97803
97805
97818
97819
97820
97821
97824
97826
97833
97834
97835
97836
97838
97845
97847
97850
97864
97867
97869
97870
97871
97872
97873
97874
97875
97880
97881
97887
97888
97892
97898
97901
97904
97911
97912
97913
97914
97915
97917
97918
97919
97922
97923
97924
97928
97929
97930
97931
97933
97934
97935
97936
97938
97939
97940
97941
97942
97944
97945
97956
97957
97958
97959
97961
97962
97963
97964
97965
97967
97972
97973
97974
97976
97978
97981
97984
97985
97986
97988
97990
97991
97993
97994
97995
97998
97999
98000
98004
98005
98006
98007
98008
98009
98010
98011
98012
98013
98014
98015
98017
98018
98019
98020
98021
98022
98023
98025
98027
98029
98032
98036
98038
98039
98040
98041
98042
98043
98044
98047
98048
98049
98054
98055
98058
98059
98060
98061
98062
98065
98071
98072
98074
98080
98081
98084
98085
98087
98089
98090
98091
98092
98093
98094
98095
98096
98097
98099
98100
98101
98102
98104
98106
98107
98108
98109
98110
98111
98113
98115
98116
98117
98118
98119
98122
98129
98131
98136
98140
98142
98143
98144
98170
98200
98207
98219
98223
98226
98228
98229
98230
98426
98427
98428
98429
98430
98431
98437
98439
98440
98445
98446
98457
98458
98461
98474
98475
98481
98484
98493
98494
98495
98496
98497
98503
98509
98510
98511
98514
98515
98516
98517
98518
98520
98521
98523
98524
98526
98527
98529
98530
98537
98543
98544
98546
98547
98548
98554
98555
98556
98594
98617
98621
98624
98627
98635
98645
98688
98693
98696
98700
98715
98717
98719
98722
98724
98728
98733
98736
98737
98741
98807
98837
98839
98850
98857
98858
98859
98991
98993
98995
98996
99018
99019
99021
99184
99185
99186
99187
99188
99189
99192
99193
99194
99195
99198
99202
99205
99209
99210
99215
99216
99217
99219
99221
99224
99225
99228
99230
99236
99239
99242
99244
99246
99248
99263
99265
99268
99269
99270
99271
99274
99282
99290
99291
99294
99300
99302
99309
99312
99313
99316
99317
99318
99320
99321
99322
99328
99329
99330
99331
99476
99477
99478
99481
99496
99510
99519
99531
99534
99537
99545
99546
99558
99566
100156
100184
100221
100242
100243
100776
100778
100780
100786
100788
100790
100794
100801
100802
100803
100804
100805
100807
100808
100810
100823
100826
100839
100850
100851
100855
100857
100858
100859
100861
100863
100866
100867
100882
100883
100884
100886
100888
100891
100893
100895
100901
100902
100908
100915
100917
100918
100919
100920
100921
100922
100924
100925
100926
101319
101321
101323
101326
101329
101331
101332
101335
101338
101340
101342
101344
101346
101347
101348
101351
101386
101393
101394
101417
101418
101419
101422
101423
101430
101437
101442
101445
101452
101454
101455
101459
101461
101464
101469
101471
101473
101477
101478
101479
101500
101514
101516
101531
101534
101549
101550
101557
101560
101572
101574
101586
101588
101589
101591
101592
101593
101595
101597
101599
101601
101602
101605
101606
101607
101608
101610
101611
101614
101616
101618
101619
101621
101623
101625
101627
101630
101631
101633
101635
101640
101643
101649
101651
101653
101655
101657
101660
101662
101664
101672
101675
101677
101678
101679
101681
101683
101685
101691
101694
101695
101696
101697
101699
101701
101702
101703
101705
101706
101707
101708
101713
101716
101719
101722
101730
101733
101735
101737
101739
101741
101743
101744
101751
101752
101754
101755
101756
101757
101758
101759
101760
101776
101779
101789
101799
101801
101806
101811
101824
101825
101826
101827
101828
101829
101830
101831
101832
101833
101834
101835
101836
101855
101856
101866
101869
101885
101890
101898
101902
101904
101921
101938
101944
101945
101946
101947
101948
101949
101950
101951
101952
101953
101954
101955
101956
101957
101964
101968
101969
101973
101974
101976
101977
101979
101985
101986
101987
101990
101994
102003
102008
102015
102017
102024
102027
102034
102036
102037
102038
102039
102041
102043
102044
102047
102048
102049
102050
102051
102053
102055
102056
102057
102060
102061
102062
102063
102064
102065
102066
102067
102070
102071
102073
102080
102081
102082
102083
102085
102087
102088
102089
102091
102092
102093
102096
102099
102100
102102
102104
102106
102107
102108
102110
102115
102116
102117
102118
102119
102120
102122
102123
102124
102126
102127
102130
102131
102132
102134
102135
102136
102140
102141
102142
102143
102148
102149
102150
102151
102154
102155
102156
102157
102158
102159
102160
102162
102164
102166
102167
102169
102171
102173
102174
102175
102176
102177
102178
102179
102180
102181
102182
102183
102184
102185
102186
102187
102188
102189
102190
102191
102192
102193
102194
102195
102196
102197
102198
102199
102200
102201
102202
102203
102204
102205
102206
102207
102208
102209
102210
102214
102216
102217
102219
102220
102227
102234
102245
102247
102252
102255
102256
102260
102263
102265
102266
102274
102277
102278
102279
102280
102283
102285
102286
102287
102288
102296
102298
102306
102307
102309
102310
102311
102312
102314
102315
102316
102317
102318
102320
102328
102330
102333
102334
102337
102341
102344
102346
102348
102350
102352
102354
102355
102357
102358
102360
102361
102362
102364
102365
102367
102368
102370
102373
102375
102376
102377
102379
102380
102384
102386
102388
102389
102391
102392
102395
102397
102401
102403
102404
102446
102448
102450
102452
102453
102455
102458
102461
102463
102464
102465
102466
102467
102468
102470
102472
102473
102474
102476
102477
102478
102479
102480
102481
102482
102484
102485
102486
102487
102488
102491
102493
102495
102497
102498
102502
102506
102515
102526
102531
102535
102542
102545
102547
102552
102555
102562
102563
102566
102569
102572
102580
102581
102588
102592
102596
102598
102608
102609
102613
102614
102615
102617
102619
102621
102626
102629
102631
102633
102634
102635
102637
102638
102639
102644
102657
102659
102660
102662
102664
102667
102668
102670
102672
102673
102675
102676
102677
102678
102679
102680
102682
102683
102684
102686
102688
102689
102709
102711
102713
102716
102718
102721
102722
102724
102726
102728
102729
102730
102734
102736
102741
102750
102752
102758
102759
102760
102761
102762
102763
102766
102767
102768
102773
102777
102788
102789
102790
102791
102794
102795
102796
102798
102800
102802
102817
102818
102934
102936
102938
102940
102941
102942
102943
102944
102945
102947
102949
102950
102951
102952
102953
102954
102955
102957
102958
102959
102960
102962
102965
102967
102968
102970
102972
102973
102975
102976
102977
102978
102980
102982
102988
102989
102990
102991
102996
102998
103001
103005
103008
103011
103015
103020
103029
103030
103031
103032
103033
103034
103035
103036
103044
103045
103047
103048
103050
103051
103052
103055
103060
103062
103131
103132
103138
103145
103161
)


// ************************************************************************* //
