/*--------------------------------*- C++ -*----------------------------------*\
  =========                 |
  \\      /  F ield         | OpenFOAM: The Open Source CFD Toolbox
   \\    /   O peration     | Website:  https://openfoam.org
    \\  /    A nd           | Version:  12
     \\/     M anipulation  |
\*---------------------------------------------------------------------------*/
FoamFile
{
    format      ascii;
    class       labelList;
    location    "constant/polyMesh";
    object      cellProcAddressing;
}
// * * * * * * * * * * * * * * * * * * * * * * * * * * * * * * * * * * * * * //


10557
(
13719
13720
13721
13722
13801
13802
13803
13804
14254
14255
14256
14257
14258
14259
14260
14261
14262
14263
14339
14340
14341
14342
14343
14344
14777
14778
14779
14780
14781
14782
14783
14784
14785
14786
14787
14788
14789
14790
14791
14792
14793
14794
14867
14868
14869
14870
14871
14872
14873
14874
15290
15291
15292
15293
15294
15295
15296
15297
15298
15299
15300
15301
15302
15303
15304
15305
15306
15307
15308
15309
15310
15311
15312
15313
15314
15315
15316
15386
15387
15388
15389
15390
15391
15392
15393
15394
15793
15794
15795
15796
15797
15798
15799
15800
15801
15802
15803
15804
15805
15806
15807
15808
15809
15810
15811
15812
15813
15814
15815
15816
15817
15818
15819
15820
15821
15822
15823
15824
15826
15827
15828
15829
15896
15897
15898
15899
15900
15901
15902
15903
15905
15906
15907
15908
16290
16291
16292
16293
16294
16295
16296
16297
16298
16299
16300
16301
16302
16303
16304
16305
16306
16307
16308
16309
16310
16311
16312
16313
16314
16315
16316
16317
16318
16319
16320
16321
16323
16324
16325
16326
16327
16328
16329
16330
16331
16332
16333
16337
16338
16339
16340
16404
16405
16406
16407
16408
16409
16416
16417
16418
16419
16784
16785
16786
16787
16788
16789
16790
16791
16792
16793
16794
16795
16796
16797
16798
16799
16800
16801
16802
16803
16804
16805
16806
16807
16808
16809
16810
16811
16812
16813
16814
16815
16817
16818
16819
16820
16821
16822
16823
16824
16825
16829
16830
16831
16832
16833
16834
16835
16836
16837
16838
16839
16840
16841
16843
16852
16853
16854
16915
16916
16917
16918
16919
16920
16927
16928
16929
16930
17278
17279
17280
17281
17282
17283
17284
17285
17286
17287
17288
17289
17290
17291
17292
17293
17294
17295
17296
17297
17298
17299
17300
17301
17302
17303
17304
17305
17306
17307
17308
17309
17311
17312
17313
17314
17315
17316
17317
17318
17319
17323
17324
17325
17326
17327
17328
17329
17330
17331
17333
17340
17341
17342
17343
17344
17345
17346
17347
17349
17350
17351
17352
17361
17362
17363
17364
17365
17373
17374
17375
17433
17434
17435
17436
17444
17445
17446
17447
17777
17778
17779
17780
17781
17782
17783
17784
17785
17786
17787
17788
17789
17790
17791
17792
17793
17794
17795
17796
17797
17798
17799
17800
17801
17802
17803
17804
17805
17806
17807
17808
17809
17811
17812
17813
17814
17815
17816
17817
17818
17820
17823
17824
17825
17826
17827
17828
17829
17830
17831
17832
17840
17841
17842
17843
17844
17845
17846
17847
17853
17854
17855
17862
17863
17864
17865
17866
17867
17868
17869
17887
17888
17889
17890
17891
17892
17893
17894
17895
17896
17897
17898
17906
17907
17908
17963
17964
17965
17966
17973
17974
17975
18287
18288
18289
18290
18291
18292
18293
18294
18295
18296
18297
18298
18299
18300
18301
18302
18303
18304
18305
18306
18307
18308
18309
18310
18311
18312
18313
18314
18315
18316
18317
18318
18319
18320
18322
18323
18324
18325
18326
18327
18328
18329
18330
18334
18335
18336
18337
18338
18339
18340
18341
18347
18348
18351
18352
18353
18354
18355
18356
18357
18358
18359
18361
18362
18373
18374
18375
18376
18377
18378
18388
18389
18390
18391
18392
18399
18400
18401
18402
18403
18404
18431
18432
18433
18434
18435
18436
18437
18438
18439
18440
18441
18442
18443
18444
18445
18446
18454
18455
18507
18508
18509
18510
18517
18518
18519
18814
18815
18816
18817
18818
18819
18820
18821
18822
18823
18824
18825
18826
18827
18828
18829
18830
18831
18832
18833
18834
18835
18836
18837
18838
18839
18840
18841
18842
18843
18844
18845
18846
18847
18849
18850
18851
18852
18853
18854
18855
18856
18857
18861
18862
18863
18864
18865
18866
18867
18868
18869
18870
18878
18879
18880
18881
18882
18883
18884
18894
18895
18896
18897
18900
18901
18902
18903
18904
18905
18906
18912
18913
18914
18915
18926
18927
18928
18929
18930
18931
18945
18946
18947
18948
18949
18950
18957
18958
18959
18960
18961
18996
18997
18998
18999
19000
19001
19002
19003
19004
19005
19006
19007
19008
19009
19010
19011
19012
19013
19014
19020
19021
19070
19071
19072
19077
19078
19079
19357
19358
19359
19360
19361
19362
19363
19364
19365
19366
19367
19368
19369
19370
19371
19372
19373
19374
19375
19376
19377
19378
19379
19380
19381
19382
19383
19384
19385
19386
19387
19388
19389
19390
19392
19393
19394
19395
19396
19397
19398
19399
19400
19404
19405
19406
19407
19408
19409
19410
19411
19412
19413
19421
19422
19423
19424
19425
19426
19427
19428
19429
19430
19432
19443
19444
19445
19446
19447
19448
19462
19463
19464
19465
19466
19469
19470
19471
19472
19473
19474
19484
19485
19486
19487
19488
19489
19500
19501
19502
19503
19504
19522
19523
19524
19525
19526
19527
19528
19529
19534
19535
19536
19537
19580
19581
19582
19583
19584
19585
19586
19587
19588
19589
19590
19591
19592
19593
19594
19595
19596
19597
19598
19599
19600
19601
19603
19604
19650
19651
19652
19655
19656
19915
19916
19919
19920
19921
19922
19923
19924
19925
19926
19927
19928
19929
19930
19931
19932
19933
19934
19935
19936
19937
19938
19939
19940
19941
19942
19943
19944
19945
19946
19947
19948
19949
19950
19952
19953
19954
19955
19956
19957
19958
19959
19960
19964
19965
19966
19967
19968
19969
19970
19971
19972
19973
19981
19982
19983
19984
19985
19986
19987
19988
19989
19990
19991
20003
20004
20005
20006
20007
20008
20009
20010
20011
20012
20014
20029
20030
20031
20032
20033
20034
20052
20053
20054
20055
20056
20057
20060
20061
20062
20063
20064
20078
20079
20080
20081
20082
20083
20084
20085
20094
20095
20096
20097
20119
20120
20121
20122
20123
20124
20125
20126
20127
20128
20129
20130
20131
20178
20179
20180
20181
20182
20183
20184
20185
20186
20187
20188
20189
20190
20191
20192
20193
20194
20195
20196
20197
20198
20199
20200
20201
20202
20245
20246
20247
20249
20250
20494
20495
20496
20497
20498
20499
20500
20501
20502
20503
20504
20505
20506
20507
20508
20509
20510
20511
20512
20513
20514
20515
20516
20517
20518
20519
20520
20521
20522
20523
20524
20525
20526
20527
20529
20530
20531
20532
20533
20534
20535
20536
20537
20541
20542
20543
20544
20545
20546
20547
20548
20549
20550
20558
20559
20560
20561
20562
20563
20564
20565
20566
20567
20568
20580
20581
20582
20583
20584
20585
20586
20587
20588
20589
20590
20606
20607
20608
20609
20610
20611
20612
20613
20614
20615
20616
20622
20637
20638
20639
20640
20641
20663
20664
20665
20666
20667
20668
20669
20670
20671
20672
20673
20674
20692
20693
20694
20695
20696
20697
20698
20699
20700
20705
20706
20707
20708
20730
20731
20732
20733
20734
20735
20736
20737
20738
20739
20740
20741
20742
20791
20792
20793
20794
20795
20796
20797
20798
20799
20800
20801
20802
20803
20804
20805
20806
20807
20808
20809
20810
20811
20812
20813
20814
20815
20816
20817
20818
20858
20859
20860
20861
21088
21089
21090
21091
21092
21093
21094
21095
21096
21097
21098
21099
21100
21101
21102
21103
21104
21105
21106
21107
21108
21109
21110
21111
21112
21113
21114
21115
21116
21117
21118
21119
21120
21121
21123
21124
21125
21126
21127
21128
21129
21130
21131
21135
21136
21137
21138
21139
21140
21141
21142
21143
21144
21152
21153
21154
21155
21156
21157
21158
21159
21160
21161
21162
21174
21175
21176
21177
21178
21179
21180
21181
21182
21183
21184
21200
21201
21202
21203
21204
21205
21206
21207
21208
21209
21210
21212
21231
21232
21233
21234
21235
21236
21237
21238
21239
21240
21241
21242
21243
21265
21266
21267
21268
21290
21291
21292
21293
21294
21295
21296
21297
21298
21299
21300
21301
21302
21324
21325
21326
21327
21328
21329
21330
21331
21332
21333
21334
21335
21336
21358
21359
21360
21361
21362
21363
21364
21365
21366
21367
21368
21369
21370
21371
21421
21422
21423
21424
21425
21426
21427
21428
21429
21430
21431
21432
21433
21434
21435
21436
21437
21438
21439
21440
21441
21442
21443
21444
21445
21446
21447
21448
21449
21450
21451
21488
21489
21490
21700
21701
21702
21703
21704
21705
21706
21707
21708
21709
21710
21711
21712
21713
21714
21715
21716
21717
21718
21719
21720
21721
21722
21723
21724
21725
21726
21727
21728
21729
21730
21731
21732
21733
21735
21736
21737
21738
21739
21740
21741
21742
21743
21747
21748
21749
21750
21751
21752
21753
21754
21755
21756
21764
21765
21766
21767
21768
21769
21770
21771
21772
21773
21774
21786
21787
21788
21789
21790
21791
21792
21793
21794
21795
21796
21812
21813
21814
21815
21816
21817
21818
21819
21820
21821
21822
21824
21843
21844
21845
21846
21847
21848
21849
21850
21851
21852
21853
21855
21856
21877
21878
21879
21880
21881
21882
21883
21884
21885
21886
21887
21888
21889
21911
21912
21913
21914
21936
21937
21938
21939
21940
21941
21942
21943
21944
21945
21946
21947
21948
21970
21971
21972
21973
21974
21975
21976
21977
21978
21979
21980
21981
21982
21983
22005
22006
22007
22008
22009
22010
22011
22012
22013
22014
22015
22016
22017
22018
22019
22069
22070
22071
22072
22073
22074
22075
22076
22077
22078
22079
22080
22081
22082
22083
22084
22085
22086
22087
22088
22089
22090
22091
22092
22093
22094
22095
22096
22097
22098
22099
22100
22134
22135
22136
22231
22232
22331
22332
22333
22334
22335
22336
22337
22338
22339
22340
22341
22342
22343
22344
22345
22346
22347
22348
22349
22350
22351
22352
22353
22354
22355
22356
22357
22358
22359
22360
22361
22362
22364
22365
22366
22367
22368
22369
22370
22371
22372
22376
22377
22378
22379
22380
22381
22382
22383
22384
22385
22393
22394
22395
22396
22397
22398
22399
22400
22401
22402
22403
22415
22416
22417
22418
22419
22420
22421
22422
22423
22424
22425
22441
22442
22443
22444
22445
22446
22447
22448
22449
22450
22451
22453
22472
22473
22474
22475
22476
22477
22478
22479
22480
22481
22482
22483
22484
22506
22507
22508
22509
22510
22511
22512
22513
22514
22515
22517
22518
22519
22540
22541
22542
22543
22544
22545
22546
22547
22548
22549
22550
22551
22553
22554
22575
22576
22577
22599
22600
22601
22602
22603
22604
22605
22606
22607
22608
22609
22610
22611
22612
22634
22635
22636
22637
22638
22639
22640
22641
22642
22643
22644
22645
22646
22647
22648
22670
22671
22672
22673
22674
22675
22676
22677
22678
22679
22680
22681
22682
22683
22684
22734
22735
22736
22737
22738
22739
22740
22741
22742
22743
22744
22745
22746
22747
22748
22749
22750
22751
22752
22753
22754
22755
22756
22757
22758
22759
22760
22761
22762
22763
22764
22765
22766
22767
22768
22799
22800
22895
22896
22897
22898
22899
22900
22982
22983
22984
22985
22986
22987
22988
22989
22990
22991
22992
22993
22994
22995
22996
22997
22998
22999
23000
23001
23002
23003
23004
23005
23006
23007
23008
23009
23011
23012
23013
23014
23015
23016
23017
23018
23019
23023
23024
23025
23026
23027
23028
23029
23030
23031
23032
23040
23041
23042
23043
23044
23045
23046
23047
23048
23049
23050
23062
23063
23064
23065
23066
23067
23068
23069
23070
23071
23072
23088
23089
23090
23091
23092
23093
23094
23095
23096
23097
23098
23100
23119
23120
23121
23122
23123
23124
23125
23126
23127
23128
23129
23130
23131
23153
23154
23155
23156
23157
23158
23159
23160
23161
23162
23163
23164
23166
23187
23188
23189
23190
23191
23192
23193
23194
23195
23196
23197
23199
23200
23201
23222
23223
23224
23225
23226
23227
23228
23229
23230
23231
23233
23234
23235
23240
23241
23258
23259
23281
23282
23283
23284
23285
23286
23287
23288
23289
23290
23291
23292
23293
23294
23295
23317
23318
23319
23320
23321
23322
23323
23324
23325
23326
23327
23328
23329
23330
23331
23353
23354
23355
23356
23357
23358
23359
23360
23361
23362
23363
23364
23365
23366
23367
23368
23418
23419
23420
23421
23422
23423
23424
23425
23426
23427
23428
23429
23430
23431
23432
23433
23434
23435
23436
23437
23438
23439
23440
23441
23442
23443
23444
23445
23446
23447
23448
23449
23450
23451
23452
23453
23454
23455
23483
23578
23579
23580
23581
23582
23583
23584
23585
23586
23587
23588
23589
23654
23655
23656
23657
23658
23659
23660
23661
23662
23663
23664
23665
23666
23667
23668
23669
23670
23671
23672
23673
23674
23675
23677
23678
23679
23680
23681
23682
23683
23684
23685
23689
23690
23691
23692
23693
23694
23695
23696
23697
23698
23706
23707
23708
23709
23710
23711
23712
23713
23714
23715
23716
23728
23729
23730
23731
23732
23733
23734
23735
23736
23737
23738
23754
23755
23756
23757
23758
23759
23760
23761
23762
23763
23764
23766
23785
23786
23787
23788
23789
23790
23791
23792
23793
23794
23795
23796
23797
23819
23820
23821
23822
23823
23824
23825
23826
23827
23828
23829
23830
23832
23853
23854
23855
23856
23857
23858
23859
23860
23861
23862
23864
23865
23866
23871
23888
23889
23890
23891
23892
23893
23894
23895
23896
23897
23899
23900
23901
23906
23907
23924
23925
23926
23927
23928
23929
23930
23931
23932
23934
23935
23936
23941
23942
23943
23960
23961
23983
23984
23985
23986
23987
23988
23989
23990
23991
23992
23993
23994
23995
23996
23997
24019
24020
24021
24022
24023
24024
24025
24026
24027
24028
24029
24030
24031
24032
24033
24034
24056
24057
24058
24059
24060
24061
24062
24063
24064
24065
24066
24067
24068
24069
24070
24071
24072
24122
24123
24124
24125
24126
24127
24128
24129
24130
24131
24132
24133
24134
24135
24136
24137
24138
24139
24140
24141
24142
24143
24144
24145
24146
24147
24148
24149
24150
24151
24152
24153
24154
24155
24156
24157
24158
24159
24160
24185
24283
24284
24285
24286
24287
24288
24289
24290
24291
24292
24293
24294
24295
24296
24297
24298
24299
24300
24301
24302
24347
24348
24349
24350
24351
24352
24353
24354
24355
24356
24357
24358
24359
24360
24362
24363
24364
24365
24366
24367
24368
24369
24371
24374
24375
24376
24377
24378
24379
24380
24381
24382
24383
24391
24392
24393
24394
24395
24396
24397
24398
24399
24400
24401
24413
24414
24415
24416
24417
24418
24419
24420
24421
24422
24423
24439
24440
24441
24442
24443
24444
24445
24446
24447
24448
24449
24451
24470
24471
24472
24473
24474
24475
24476
24477
24478
24479
24480
24481
24482
24504
24505
24506
24507
24508
24509
24510
24511
24512
24513
24514
24516
24517
24538
24539
24540
24541
24542
24543
24544
24545
24546
24547
24549
24550
24551
24556
24573
24574
24575
24576
24577
24578
24579
24580
24581
24583
24584
24585
24590
24591
24592
24609
24610
24611
24612
24613
24614
24615
24616
24617
24619
24620
24621
24626
24627
24628
24645
24646
24647
24648
24649
24650
24651
24652
24653
24654
24655
24656
24662
24663
24664
24669
24682
24704
24705
24706
24707
24708
24709
24710
24711
24712
24713
24714
24715
24716
24717
24718
24719
24741
24742
24743
24744
24745
24746
24747
24748
24749
24750
24751
24752
24753
24754
24755
24756
24757
24779
24780
24781
24782
24783
24784
24785
24786
24787
24788
24789
24790
24791
24792
24793
24794
24795
24845
24846
24847
24848
24849
24850
24851
24852
24853
24854
24855
24856
24857
24858
24859
24860
24861
24862
24863
24864
24865
24866
24867
24868
24869
24870
24871
24872
24873
24874
24875
24876
24877
24878
24879
24880
24881
24882
24883
24884
25004
25005
25006
25007
25008
25009
25010
25011
25012
25013
25014
25015
25016
25017
25018
25019
25020
25021
25022
25023
25024
25025
25026
25027
25028
25029
25030
25031
25032
25059
25060
25061
25062
25063
25065
25066
25067
25068
25069
25070
25071
25072
25073
25077
25078
25079
25080
25081
25082
25083
25084
25090
25091
25094
25095
25096
25097
25098
25099
25100
25101
25102
25103
25104
25116
25117
25118
25119
25120
25121
25122
25123
25124
25125
25126
25142
25143
25144
25145
25146
25147
25148
25149
25150
25151
25152
25154
25173
25174
25175
25176
25177
25178
25179
25180
25181
25182
25183
25184
25185
25207
25208
25209
25210
25211
25212
25213
25214
25215
25216
25217
25219
25220
25241
25242
25243
25244
25245
25246
25247
25248
25249
25251
25252
25253
25254
25259
25276
25277
25278
25279
25280
25281
25282
25283
25284
25286
25287
25288
25293
25294
25295
25312
25313
25314
25315
25316
25317
25318
25319
25320
25322
25323
25324
25329
25330
25331
25348
25349
25350
25351
25352
25353
25354
25355
25356
25357
25358
25359
25360
25366
25367
25368
25385
25386
25387
25388
25389
25390
25391
25392
25393
25394
25395
25396
25397
25398
25408
25409
25410
25444
25445
25446
25447
25448
25449
25450
25451
25452
25453
25454
25455
25456
25457
25458
25459
25460
25482
25483
25484
25485
25486
25487
25488
25489
25490
25491
25492
25493
25494
25495
25496
25497
25498
25520
25521
25522
25523
25524
25525
25526
25527
25528
25529
25530
25531
25532
25533
25534
25535
25536
25586
25587
25588
25589
25590
25591
25592
25593
25594
25595
25596
25597
25598
25599
25600
25601
25602
25603
25604
25605
25606
25607
25608
25609
25610
25611
25612
25613
25614
25615
25616
25617
25618
25619
25620
25621
25622
25623
25624
25625
25626
25738
25739
25740
25741
25742
25743
25744
25745
25746
25747
25748
25749
25750
25751
25752
25753
25754
25755
25756
25757
25758
25759
25760
25761
25762
25763
25764
25765
25766
25767
25768
25769
25770
25771
25773
25774
25775
25776
25791
25792
25793
25794
25795
25799
25800
25801
25802
25803
25804
25805
25806
25807
25808
25816
25817
25818
25819
25820
25821
25822
25832
25833
25834
25835
25838
25839
25840
25841
25842
25843
25844
25845
25846
25847
25848
25864
25865
25866
25867
25868
25869
25870
25871
25872
25873
25874
25876
25895
25896
25897
25898
25899
25900
25901
25902
25903
25904
25905
25906
25907
25929
25930
25931
25932
25933
25934
25935
25936
25937
25938
25939
25940
25942
25963
25964
25965
25966
25967
25968
25969
25970
25971
25973
25974
25975
25976
25981
25998
25999
26000
26001
26002
26003
26004
26005
26007
26008
26009
26010
26015
26016
26017
26034
26035
26036
26037
26038
26039
26040
26041
26042
26044
26045
26046
26051
26052
26053
26070
26071
26072
26073
26074
26075
26076
26077
26078
26079
26080
26081
26087
26088
26089
26094
26107
26108
26109
26110
26111
26112
26113
26114
26115
26116
26117
26118
26119
26120
26121
26131
26132
26145
26146
26147
26148
26149
26150
26151
26152
26153
26154
26155
26156
26157
26158
26159
26160
26162
26204
26205
26206
26207
26208
26209
26210
26211
26212
26213
26214
26215
26216
26217
26218
26219
26220
26242
26243
26244
26245
26246
26247
26248
26249
26250
26251
26252
26253
26254
26255
26256
26257
26258
26280
26281
26282
26283
26284
26285
26286
26287
26288
26289
26290
26291
26292
26293
26294
26295
26296
26346
26347
26348
26349
26350
26351
26352
26353
26354
26355
26356
26357
26358
26359
26360
26361
26362
26363
26364
26365
26366
26367
26368
26369
26370
26371
26372
26373
26374
26375
26376
26377
26378
26379
26380
26381
26382
26383
26384
26385
26386
26486
26487
26488
26489
26490
26491
26492
26493
26494
26495
26496
26497
26498
26499
26500
26501
26502
26503
26504
26505
26506
26507
26508
26509
26510
26511
26512
26513
26514
26515
26516
26517
26518
26519
26521
26522
26523
26524
26525
26526
26527
26528
26529
26533
26534
26535
26536
26543
26544
26545
26546
26547
26548
26556
26557
26558
26559
26560
26561
26562
26563
26564
26565
26566
26578
26579
26580
26581
26582
26583
26597
26598
26599
26600
26601
26604
26605
26606
26607
26608
26609
26610
26611
26612
26613
26614
26616
26635
26636
26637
26638
26639
26640
26641
26642
26643
26644
26645
26646
26647
26669
26670
26671
26672
26673
26674
26675
26676
26677
26678
26679
26680
26682
26703
26704
26705
26706
26707
26708
26709
26710
26711
26712
26714
26715
26716
26721
26738
26739
26740
26741
26742
26743
26744
26745
26747
26748
26749
26750
26755
26756
26757
26774
26775
26776
26777
26778
26779
26780
26782
26783
26784
26785
26790
26791
26792
26793
26810
26811
26812
26813
26814
26815
26816
26817
26818
26819
26820
26821
26827
26828
26829
26834
26847
26848
26849
26850
26851
26852
26853
26854
26855
26856
26857
26858
26859
26860
26870
26871
26872
26885
26886
26887
26888
26889
26890
26891
26892
26893
26894
26895
26896
26897
26898
26899
26900
26902
26923
26924
26925
26926
26927
26928
26929
26930
26931
26932
26933
26934
26935
26937
26938
26939
26944
26982
26983
26984
26985
26986
26987
26988
26989
26990
26991
26992
26993
26994
26995
26996
26997
26998
27020
27021
27022
27023
27024
27025
27026
27027
27028
27029
27030
27031
27032
27033
27034
27035
27036
27058
27059
27060
27061
27062
27063
27064
27065
27066
27067
27068
27069
27070
27071
27072
27073
27074
27124
27125
27126
27127
27128
27129
27130
27131
27132
27133
27134
27135
27136
27138
27139
27140
27141
27142
27143
27144
27145
27146
27147
27148
27149
27150
27151
27152
27153
27154
27155
27156
27157
27158
27159
27160
27161
27162
27163
27164
27248
27249
27250
27251
27252
27253
27254
27255
27256
27257
27258
27259
27260
27261
27262
27263
27264
27265
27266
27267
27268
27269
27270
27271
27272
27273
27274
27275
27276
27277
27278
27279
27280
27281
27283
27284
27285
27286
27287
27288
27289
27290
27291
27295
27296
27297
27298
27299
27300
27301
27302
27303
27304
27312
27313
27314
27317
27318
27319
27320
27321
27322
27323
27324
27336
27337
27338
27339
27340
27341
27342
27343
27344
27345
27346
27362
27363
27364
27365
27366
27367
27385
27386
27387
27388
27389
27390
27393
27394
27395
27396
27397
27398
27399
27400
27401
27402
27403
27404
27405
27427
27428
27429
27430
27431
27432
27433
27434
27435
27436
27437
27438
27440
27461
27462
27463
27464
27465
27466
27467
27468
27469
27470
27472
27473
27474
27479
27496
27497
27498
27499
27500
27501
27502
27503
27504
27506
27507
27508
27513
27514
27515
27532
27533
27534
27535
27536
27537
27538
27539
27541
27542
27543
27548
27549
27550
27551
27568
27569
27570
27571
27572
27573
27574
27575
27576
27577
27578
27584
27585
27586
27587
27592
27605
27606
27607
27608
27609
27610
27611
27612
27613
27614
27615
27616
27618
27619
27628
27629
27630
27643
27644
27645
27646
27647
27648
27649
27650
27651
27652
27653
27654
27655
27656
27657
27658
27660
27681
27682
27683
27684
27685
27686
27687
27688
27689
27690
27691
27692
27693
27695
27696
27697
27702
27719
27720
27721
27722
27723
27724
27725
27726
27727
27728
27730
27731
27732
27737
27738
27739
27744
27778
27779
27780
27781
27782
27783
27784
27785
27786
27787
27788
27789
27790
27791
27792
27793
27794
27816
27817
27818
27819
27820
27821
27822
27823
27824
27825
27826
27827
27828
27829
27830
27831
27832
27854
27855
27856
27858
27859
27860
27861
27862
27863
27864
27865
27866
27867
27868
27869
27870
27920
27921
27922
27923
27924
27925
27927
27936
27937
27938
27939
27940
27941
27942
27943
27944
27945
27946
27947
27948
27949
27950
27951
27952
27953
27954
27955
27956
27957
27958
27959
27960
28023
28024
28025
28026
28027
28028
28029
28030
28031
28032
28033
28034
28035
28036
28037
28038
28039
28040
28041
28042
28043
28044
28045
28046
28047
28048
28049
28050
28051
28052
28053
28054
28055
28056
28058
28059
28060
28061
28062
28063
28064
28065
28066
28070
28071
28072
28073
28074
28075
28076
28077
28078
28079
28087
28088
28089
28090
28091
28092
28093
28094
28095
28096
28097
28109
28110
28111
28112
28113
28114
28115
28116
28117
28118
28119
28135
28136
28137
28138
28139
28140
28141
28142
28143
28144
28145
28147
28166
28167
28168
28169
28170
28192
28193
28194
28195
28196
28197
28198
28199
28200
28201
28202
28203
28204
28205
28206
28207
28208
28209
28210
28211
28213
28234
28235
28236
28237
28238
28239
28240
28241
28242
28243
28245
28246
28247
28252
28269
28270
28271
28272
28273
28274
28275
28276
28277
28279
28280
28281
28286
28287
28288
28305
28306
28307
28308
28309
28310
28311
28312
28313
28315
28316
28317
28322
28323
28324
28341
28342
28343
28344
28345
28346
28347
28348
28349
28350
28351
28352
28358
28359
28360
28365
28378
28379
28380
28381
28382
28383
28384
28385
28386
28387
28388
28389
28391
28392
28401
28402
28403
28416
28417
28418
28419
28420
28421
28422
28423
28424
28425
28426
28427
28429
28430
28431
28436
28437
28454
28455
28456
28457
28458
28459
28460
28461
28462
28463
28464
28465
28466
28468
28469
28470
28475
28492
28493
28494
28495
28496
28497
28498
28499
28500
28501
28503
28504
28505
28510
28511
28512
28517
28530
28531
28532
28533
28534
28535
28536
28537
28539
28540
28541
28546
28547
28548
28553
28554
28555
28589
28590
28591
28592
28593
28594
28595
28596
28597
28598
28599
28600
28601
28602
28603
28604
28605
28627
28628
28629
28630
28632
28633
28634
28635
28636
28637
28638
28639
28640
28641
28642
28643
28665
28666
28668
28673
28674
28675
28676
28677
28678
28679
28680
28681
28731
28732
28734
28753
28754
28755
28756
28757
28758
28759
28760
28761
28762
28763
28764
28765
28766
28767
28768
28769
28770
28771
28812
28813
28814
28815
28816
28817
28818
28819
28820
28821
28822
28823
28824
28825
28826
28827
28828
28829
28830
28831
28832
28833
28834
28835
28836
28837
28838
28839
28840
28841
28842
28843
28844
28845
28847
28848
28849
28850
28851
28852
28853
28854
28855
28859
28860
28861
28862
28863
28864
28865
28866
28867
28868
28876
28877
28878
28879
28880
28881
28882
28883
28884
28885
28886
28898
28899
28900
28901
28902
28903
28904
28905
28906
28907
28908
28924
28925
28926
28927
28928
28929
28930
28931
28932
28933
28934
28936
28955
28956
28957
28958
28959
28960
28961
28962
28963
28964
28965
28966
28967
28989
28990
28991
28992
29014
29015
29016
29017
29018
29019
29020
29021
29022
29023
29024
29025
29026
29027
29028
29029
29030
29031
29032
29034
29035
29036
29041
29058
29059
29060
29061
29062
29063
29064
29065
29066
29068
29069
29070
29075
29076
29077
29094
29095
29096
29097
29098
29099
29100
29101
29102
29104
29105
29106
29111
29112
29113
29130
29131
29132
29133
29134
29135
29136
29137
29138
29139
29140
29141
29147
29148
29149
29154
29167
29168
29169
29170
29171
29172
29173
29174
29175
29176
29177
29178
29180
29181
29190
29191
29192
29205
29206
29207
29208
29209
29210
29211
29212
29213
29214
29215
29216
29218
29219
29220
29225
29226
29243
29244
29245
29246
29247
29248
29249
29250
29251
29253
29254
29255
29260
29261
29262
29267
29268
29281
29282
29283
29284
29285
29286
29287
29288
29289
29290
29292
29293
29294
29299
29300
29301
29306
29319
29320
29321
29322
29323
29324
29325
29326
29328
29329
29330
29335
29336
29337
29342
29343
29344
29357
29358
29359
29360
29361
29362
29363
29364
29366
29367
29368
29373
29374
29375
29380
29381
29382
29416
29417
29418
29419
29421
29422
29423
29424
29425
29426
29427
29428
29429
29430
29431
29432
29454
29455
29457
29462
29463
29464
29465
29466
29467
29468
29469
29470
29492
29494
29503
29504
29505
29506
29507
29508
29559
29586
29587
29588
29589
29590
29591
29592
29593
29594
29595
29596
29597
29598
29622
29623
29624
29625
29626
29627
29628
29629
29630
29631
29632
29633
29634
29635
29636
29637
29638
29639
29640
29641
29642
29643
29644
29645
29646
29647
29648
29649
29650
29651
29652
29653
29654
29655
29657
29658
29659
29660
29661
29662
29663
29664
29665
29669
29670
29671
29672
29673
29674
29675
29676
29677
29678
29686
29687
29688
29689
29690
29691
29692
29693
29694
29695
29696
29708
29709
29710
29711
29712
29713
29714
29715
29716
29717
29718
29734
29735
29736
29737
29738
29739
29740
29741
29742
29743
29744
29746
29765
29766
29767
29768
29769
29770
29771
29772
29773
29774
29775
29776
29777
29799
29800
29801
29802
29803
29804
29805
29806
29807
29808
29809
29810
29812
29833
29834
29835
29836
29858
29859
29860
29861
29862
29863
29864
29865
29866
29867
29868
29869
29870
29871
29872
29873
29874
29875
29876
29878
29879
29880
29885
29886
29887
29904
29905
29906
29907
29908
29909
29910
29911
29912
29914
29915
29916
29921
29922
29923
29940
29941
29942
29943
29944
29945
29946
29947
29948
29949
29950
29951
29957
29958
29959
29964
29977
29978
29979
29980
29981
29982
29983
29984
29985
29986
29987
29988
29990
29991
30000
30001
30002
30015
30016
30017
30018
30019
30020
30021
30022
30023
30024
30025
30026
30027
30028
30029
30035
30036
30053
30054
30055
30056
30057
30058
30059
30060
30061
30063
30064
30065
30070
30071
30072
30077
30078
30091
30092
30093
30094
30095
30096
30097
30098
30100
30101
30102
30107
30108
30109
30114
30115
30116
30129
30130
30131
30132
30133
30134
30135
30136
30138
30139
30140
30145
30146
30147
30152
30153
30154
30167
30168
30169
30170
30171
30172
30173
30174
30176
30177
30178
30183
30184
30185
30190
30191
30192
30205
30206
30207
30208
30210
30211
30212
30214
30215
30216
30221
30222
30223
30228
30229
30230
30264
30265
30267
30272
30273
30274
30275
30276
30277
30278
30279
30280
30302
30304
30313
30314
30315
30316
30317
30318
30341
30354
30355
30356
30441
30442
30443
30444
30445
30446
30458
30459
30460
30461
30462
30463
30464
30465
30466
30467
30468
30469
30470
30471
30472
30473
30474
30475
30476
30477
30478
30479
30480
30481
30482
30483
30484
30485
30486
30487
30488
30489
30490
30491
30493
30494
30495
30496
30497
30498
30499
30500
30501
30505
30506
30507
30508
30509
30510
30511
30512
30513
30514
30522
30523
30524
30525
30526
30527
30528
30529
30530
30531
30532
30544
30545
30546
30547
30548
30549
30550
30551
30552
30553
30554
30570
30571
30572
30573
30574
30575
30576
30577
30578
30579
30580
30582
30601
30602
30603
30604
30605
30606
30607
30608
30609
30610
30611
30612
30613
30635
30636
30637
30638
30639
30640
30641
30642
30643
30644
30645
30646
30648
30669
30670
30671
30672
30673
30674
30675
30676
30677
30678
30680
30681
30682
30687
30704
30705
30706
30728
30729
30730
30731
30732
30733
30734
30735
30736
30737
30738
30739
30740
30741
30742
30743
30744
30745
30746
30747
30748
30750
30751
30752
30757
30758
30759
30776
30777
30778
30779
30780
30781
30782
30783
30784
30785
30786
30787
30793
30794
30795
30800
30813
30814
30815
30816
30817
30818
30819
30820
30821
30822
30823
30824
30826
30827
30836
30837
30838
30851
30852
30853
30854
30855
30856
30857
30858
30859
30860
30861
30862
30863
30864
30865
30871
30872
30889
30890
30891
30892
30893
30894
30895
30896
30897
30898
30899
30900
30901
30903
30904
30913
30914
30927
30928
30929
30930
30931
30932
30933
30934
30936
30937
30938
30943
30944
30945
30950
30951
30952
30965
30966
30967
30968
30969
30970
30971
30972
30974
30975
30976
30981
30982
30983
30988
30989
30990
31003
31004
31005
31006
31007
31008
31009
31010
31012
31013
31014
31019
31020
31021
31026
31027
31028
31041
31042
31043
31044
31046
31047
31048
31050
31051
31052
31057
31058
31059
31064
31065
31066
31079
31080
31082
31088
31089
31090
31095
31096
31097
31102
31103
31104
31138
31140
31149
31150
31151
31152
31153
31154
31177
31190
31191
31192
31319
31320
31321
31324
31327
31328
31329
31330
31331
31332
31333
31334
31335
31336
31337
31338
31339
31340
31341
31342
31343
31344
31345
31346
31347
31348
31349
31350
31351
31352
31353
31354
31355
31356
31357
31358
31360
31361
31362
31363
31364
31365
31366
31367
31368
31372
31373
31374
31375
31376
31377
31378
31379
31380
31381
31389
31390
31391
31392
31393
31394
31395
31396
31397
31398
31399
31411
31412
31413
31414
31415
31416
31417
31418
31419
31420
31421
31437
31438
31439
31440
31441
31442
31443
31444
31445
31446
31447
31449
31468
31469
31470
31471
31472
31473
31474
31475
31476
31477
31478
31479
31480
31502
31503
31504
31505
31506
31507
31508
31509
31510
31511
31512
31513
31515
31536
31537
31538
31539
31540
31541
31542
31543
31544
31545
31547
31548
31549
31554
31571
31572
31573
31574
31575
31576
31577
31578
31579
31581
31582
31583
31588
31589
31590
31607
31608
31630
31631
31632
31633
31634
31635
31636
31637
31638
31639
31640
31641
31642
31643
31644
31645
31646
31647
31648
31649
31650
31651
31652
31653
31654
31660
31661
31662
31667
31680
31681
31682
31683
31684
31685
31686
31687
31688
31689
31690
31691
31693
31694
31703
31704
31705
31718
31719
31720
31721
31722
31723
31724
31725
31726
31727
31728
31729
31731
31732
31733
31738
31739
31756
31757
31758
31759
31760
31761
31762
31763
31764
31765
31766
31767
31768
31770
31771
31780
31781
31794
31795
31796
31797
31798
31799
31800
31801
31802
31803
31804
31805
31807
31808
31809
31814
31815
31832
31833
31834
31835
31836
31837
31838
31839
31841
31842
31843
31848
31849
31850
31855
31856
31857
31870
31871
31872
31873
31874
31875
31876
31877
31879
31880
31881
31886
31887
31888
31893
31894
31895
31908
31909
31910
31911
31913
31914
31915
31917
31918
31919
31924
31925
31926
31931
31932
31933
31946
31947
31949
31955
31956
31957
31962
31963
31964
31969
31970
31971
31984
31986
32000
32001
32002
32007
32008
32009
32044
32057
32058
32059
32223
32224
32225
32226
32227
32228
32229
32230
32231
32232
32233
32234
32235
32236
32237
32238
32239
32240
32241
32242
32243
32244
32245
32246
32247
32248
32249
32250
32251
32252
32253
32254
32255
32256
32258
32259
32260
32261
32262
32263
32264
32265
32266
32270
32271
32272
32273
32274
32275
32276
32277
32278
32279
32287
32288
32289
32290
32291
32292
32293
32294
32295
32296
32297
32309
32310
32311
32312
32313
32314
32315
32316
32317
32318
32319
32335
32336
32337
32338
32339
32340
32341
32342
32343
32344
32345
32347
32366
32367
32368
32369
32370
32371
32372
32373
32374
32375
32376
32377
32378
32400
32401
32402
32403
32404
32405
32406
32407
32408
32409
32410
32411
32413
32434
32435
32436
32437
32438
32439
32440
32441
32442
32443
32445
32446
32447
32452
32469
32470
32471
32472
32473
32474
32475
32476
32477
32479
32480
32481
32486
32487
32488
32505
32506
32507
32508
32509
32510
32511
32512
32513
32515
32516
32517
32522
32523
32524
32541
32542
32564
32565
32566
32567
32568
32569
32570
32571
32572
32573
32574
32575
32576
32577
32578
32579
32580
32581
32582
32583
32584
32585
32586
32587
32588
32589
32591
32592
32601
32602
32603
32616
32617
32618
32619
32620
32621
32622
32623
32624
32625
32626
32627
32629
32630
32631
32636
32637
32654
32655
32656
32657
32658
32659
32660
32661
32662
32664
32665
32666
32671
32672
32673
32678
32679
32692
32693
32694
32695
32696
32697
32698
32699
32700
32701
32702
32704
32705
32706
32707
32712
32713
32730
32731
32732
32733
32734
32735
32736
32737
32738
32740
32741
32742
32747
32748
32749
32754
32755
32768
32769
32770
32771
32772
32773
32774
32775
32777
32778
32779
32784
32785
32786
32791
32792
32793
32806
32807
32808
32809
32811
32812
32813
32815
32816
32817
32822
32823
32824
32829
32830
32831
32844
32845
32847
32853
32854
32855
32860
32861
32862
32867
32868
32869
32882
32884
32898
32899
32900
32905
32906
32907
32921
32943
32944
32945
33157
33158
33159
33160
33161
33162
33163
33164
33165
33166
33167
33168
33169
33170
33171
33172
33173
33174
33175
33176
33177
33178
33179
33180
33181
33182
33183
33184
33185
33186
33187
33188
33190
33191
33192
33193
33194
33195
33196
33197
33198
33202
33203
33204
33205
33206
33207
33208
33209
33210
33211
33219
33220
33221
33222
33223
33224
33225
33226
33227
33228
33229
33241
33242
33243
33244
33245
33246
33247
33248
33249
33250
33251
33267
33268
33269
33270
33271
33272
33273
33274
33275
33276
33277
33279
33298
33299
33300
33301
33302
33303
33304
33305
33306
33307
33308
33309
33310
33332
33333
33334
33335
33336
33337
33338
33339
33340
33341
33342
33343
33345
33366
33367
33368
33369
33370
33371
33372
33373
33374
33375
33377
33378
33379
33384
33401
33402
33403
33404
33405
33406
33407
33408
33409
33411
33412
33413
33418
33419
33420
33437
33438
33439
33440
33441
33442
33443
33444
33445
33447
33448
33449
33454
33455
33456
33473
33474
33475
33476
33477
33478
33479
33480
33481
33482
33483
33484
33490
33491
33492
33497
33510
33532
33533
33534
33535
33536
33537
33538
33539
33540
33541
33542
33543
33544
33545
33546
33547
33548
33549
33550
33551
33552
33553
33554
33555
33556
33557
33558
33559
33561
33562
33563
33568
33569
33586
33587
33588
33589
33590
33591
33592
33593
33594
33596
33597
33598
33603
33604
33605
33610
33611
33624
33625
33626
33627
33628
33629
33630
33631
33632
33633
33634
33640
33641
33642
33647
33648
33649
33662
33663
33664
33665
33666
33667
33668
33670
33671
33672
33673
33678
33679
33680
33681
33686
33687
33700
33701
33702
33703
33704
33705
33706
33707
33709
33710
33711
33716
33717
33718
33723
33724
33725
33738
33739
33740
33742
33743
33744
33745
33747
33748
33749
33754
33755
33756
33761
33762
33763
33776
33777
33779
33785
33786
33787
33792
33793
33794
33799
33800
33801
33814
33816
33830
33831
33832
33837
33838
33839
33853
33875
33876
33877
34127
34128
34129
34130
34131
34132
34133
34134
34135
34136
34137
34138
34139
34140
34141
34142
34143
34144
34145
34146
34147
34148
34149
34150
34151
34152
34153
34154
34156
34157
34158
34159
34160
34161
34162
34163
34164
34168
34169
34170
34171
34172
34173
34174
34175
34176
34177
34185
34186
34187
34188
34189
34190
34191
34192
34193
34194
34195
34207
34208
34209
34210
34211
34212
34213
34214
34215
34216
34217
34233
34234
34235
34236
34237
34238
34239
34240
34241
34242
34243
34245
34264
34265
34266
34267
34268
34269
34270
34271
34272
34273
34274
34275
34276
34298
34299
34300
34301
34302
34303
34304
34305
34306
34307
34308
34309
34311
34332
34333
34334
34335
34336
34337
34338
34339
34340
34341
34343
34344
34345
34350
34367
34368
34369
34370
34371
34372
34373
34374
34375
34377
34378
34379
34384
34385
34386
34403
34404
34405
34406
34407
34408
34409
34410
34411
34413
34414
34415
34420
34421
34422
34439
34440
34441
34442
34443
34444
34445
34446
34447
34448
34449
34450
34456
34457
34458
34463
34476
34477
34478
34479
34480
34481
34482
34483
34484
34485
34486
34487
34489
34490
34499
34500
34501
34535
34536
34537
34538
34539
34540
34541
34542
34543
34544
34545
34546
34547
34548
34549
34550
34551
34552
34553
34554
34555
34556
34557
34558
34559
34560
34562
34563
34564
34569
34570
34571
34576
34577
34590
34591
34592
34593
34594
34595
34596
34597
34598
34599
34600
34606
34607
34608
34613
34614
34615
34628
34629
34630
34631
34632
34633
34634
34635
34636
34637
34638
34639
34641
34642
34651
34652
34653
34666
34667
34668
34669
34670
34672
34673
34674
34675
34680
34681
34682
34683
34688
34689
34690
34691
34704
34705
34706
34707
34708
34709
34710
34711
34713
34714
34720
34721
34722
34727
34728
34729
34742
34743
34750
34751
34752
34753
34758
34759
34760
34765
34766
34767
34780
34782
34796
34797
34798
34803
34804
34805
34819
34841
34842
34843
35131
35132
35133
35134
35135
35136
35137
35138
35139
35140
35141
35142
35143
35144
35145
35146
35147
35148
35149
35150
35151
35152
35153
35154
35155
35156
35157
35158
35159
35160
35161
35162
35166
35167
35168
35169
35170
35171
35172
35173
35174
35175
35183
35184
35185
35186
35187
35188
35189
35190
35191
35192
35193
35205
35206
35207
35208
35209
35210
35211
35212
35213
35214
35215
35231
35232
35233
35234
35235
35236
35237
35238
35239
35240
35241
35243
35262
35263
35264
35265
35266
35267
35268
35269
35270
35271
35272
35273
35274
35296
35297
35298
35299
35300
35301
35302
35303
35304
35305
35306
35307
35309
35330
35331
35332
35333
35334
35335
35336
35337
35338
35339
35341
35342
35343
35348
35365
35366
35367
35368
35369
35370
35371
35372
35373
35375
35376
35377
35382
35383
35384
35401
35402
35403
35404
35405
35406
35407
35408
35409
35411
35412
35413
35418
35419
35420
35437
35438
35439
35440
35441
35442
35443
35444
35445
35447
35448
35449
35454
35455
35456
35461
35474
35475
35476
35477
35478
35479
35480
35481
35482
35483
35484
35485
35487
35488
35497
35498
35499
35512
35513
35514
35515
35516
35517
35518
35519
35520
35521
35522
35523
35525
35526
35527
35532
35533
35571
35572
35573
35574
35575
35576
35577
35578
35579
35580
35581
35582
35583
35584
35585
35586
35587
35588
35589
35590
35591
35592
35593
35594
35595
35596
35597
35598
35604
35605
35606
35611
35612
35613
35626
35627
35628
35629
35630
35631
35632
35633
35634
35635
35636
35637
35639
35640
35649
35650
35651
35664
35665
35666
35667
35668
35669
35670
35671
35672
35673
35674
35676
35677
35678
35679
35684
35685
35702
35703
35704
35705
35706
35707
35709
35710
35716
35717
35718
35719
35724
35725
35726
35727
35740
35741
35742
35743
35744
35745
35746
35753
35754
35763
35764
35765
35778
35793
35794
35795
35796
35801
35802
35803
35817
35839
35840
35841
36167
36168
36169
36170
36171
36172
36173
36174
36175
36176
36177
36178
36179
36180
36181
36182
36183
36184
36185
36186
36187
36188
36189
36190
36191
36192
36193
36194
36195
36196
36197
36198
36199
36200
36201
36202
36203
36211
36212
36213
36214
36215
36216
36217
36218
36219
36220
36221
36233
36234
36235
36236
36237
36238
36239
36240
36241
36242
36243
36259
36260
36261
36262
36263
36264
36265
36266
36267
36268
36269
36271
36290
36291
36292
36293
36294
36295
36296
36297
36298
36299
36301
36302
36303
36324
36325
36326
36327
36328
36329
36330
36331
36332
36333
36334
36335
36337
36358
36359
36360
36361
36362
36363
36364
36365
36366
36367
36369
36370
36371
36376
36393
36394
36395
36396
36397
36398
36399
36400
36401
36403
36404
36405
36410
36411
36412
36429
36430
36431
36432
36433
36434
36435
36436
36437
36439
36440
36441
36446
36447
36448
36465
36466
36467
36468
36469
36470
36471
36472
36473
36475
36476
36477
36482
36483
36484
36489
36502
36503
36504
36505
36506
36507
36508
36509
36511
36512
36513
36518
36519
36520
36525
36526
36527
36540
36541
36542
36543
36544
36545
36546
36547
36548
36549
36550
36551
36553
36554
36555
36560
36561
36578
36579
36580
36581
36582
36583
36584
36585
36586
36588
36589
36590
36595
36596
36597
36602
36603
36637
36638
36639
36640
36641
36642
36643
36644
36645
36646
36647
36648
36649
36650
36651
36652
36653
36654
36655
36656
36657
36658
36659
36660
36661
36662
36663
36664
36665
36667
36668
36677
36678
36679
36692
36693
36694
36695
36696
36697
36698
36699
36700
36701
36702
36703
36705
36706
36707
36712
36713
36730
36731
36733
36734
36735
36736
36738
36739
36740
36741
36746
36747
36748
36749
36754
36755
36768
36769
36770
36771
36772
36773
36780
36781
36790
36791
36792
36793
36806
36807
36808
36809
36810
36811
36826
36827
36866
36867
36868
36869
37233
37234
37235
37236
37237
37238
37239
37240
37241
37242
37243
37244
37245
37246
37247
37248
37249
37250
37251
37252
37253
37254
37255
37256
37257
37258
37259
37260
37261
37262
37263
37264
37265
37266
37267
37268
37269
37270
37271
37272
37273
37274
37275
37276
37277
37278
37279
37280
37281
37282
37283
37295
37296
37297
37298
37299
37300
37301
37302
37303
37304
37305
37321
37322
37323
37324
37325
37326
37327
37328
37329
37330
37331
37333
37352
37353
37354
37355
37356
37357
37358
37359
37360
37361
37363
37364
37365
37386
37387
37388
37389
37390
37391
37392
37393
37394
37395
37396
37397
37398
37420
37421
37422
37423
37424
37425
37426
37427
37428
37429
37431
37432
37433
37438
37455
37456
37457
37458
37459
37460
37461
37462
37463
37465
37466
37467
37472
37473
37474
37491
37492
37493
37494
37495
37496
37497
37498
37499
37501
37502
37503
37508
37509
37510
37527
37528
37529
37530
37531
37532
37533
37534
37535
37537
37538
37539
37544
37545
37546
37551
37564
37565
37566
37567
37568
37569
37570
37571
37573
37574
37575
37580
37581
37582
37587
37588
37589
37602
37603
37604
37605
37606
37607
37608
37609
37611
37612
37613
37618
37619
37620
37625
37626
37627
37640
37641
37642
37643
37644
37645
37646
37647
37648
37650
37651
37652
37657
37658
37659
37664
37665
37678
37679
37680
37681
37682
37683
37684
37685
37686
37687
37688
37694
37695
37696
37701
37702
37703
37737
37738
37739
37740
37741
37742
37743
37744
37745
37746
37747
37748
37749
37750
37751
37752
37753
37754
37755
37756
37757
37758
37759
37760
37761
37762
37763
37764
37765
37767
37768
37769
37774
37775
37792
37793
37794
37795
37797
37798
37799
37800
37802
37803
37804
37809
37810
37811
37816
37817
37836
37837
37838
37839
37844
37845
37846
37847
37852
37853
37854
37855
37868
37869
37870
37871
37872
37873
37888
37889
37906
37907
37930
37931
38334
38335
38336
38337
38338
38339
38340
38341
38342
38343
38344
38345
38346
38347
38348
38349
38350
38351
38352
38353
38354
38355
38356
38357
38358
38359
38360
38361
38362
38363
38364
38365
38366
38367
38368
38369
38370
38371
38372
38373
38374
38375
38376
38377
38378
38379
38380
38381
38382
38383
38386
38387
38388
38389
38390
38391
38392
38393
38394
38395
38396
38412
38413
38414
38415
38416
38417
38418
38419
38420
38421
38422
38424
38443
38444
38445
38446
38447
38448
38449
38450
38451
38452
38454
38455
38456
38477
38478
38479
38480
38481
38482
38483
38484
38485
38486
38488
38489
38490
38511
38512
38513
38514
38515
38516
38517
38518
38519
38520
38521
38522
38524
38525
38546
38547
38548
38549
38550
38551
38552
38553
38554
38556
38557
38558
38563
38564
38565
38582
38583
38584
38585
38586
38587
38588
38589
38590
38592
38593
38594
38599
38600
38601
38618
38619
38620
38621
38622
38623
38624
38625
38626
38628
38629
38630
38635
38636
38637
38642
38655
38656
38657
38658
38659
38660
38661
38662
38664
38665
38666
38671
38672
38673
38678
38679
38680
38693
38694
38695
38696
38697
38698
38699
38700
38702
38703
38704
38709
38710
38711
38716
38717
38718
38731
38732
38733
38734
38735
38736
38737
38738
38740
38741
38742
38747
38748
38749
38754
38755
38756
38769
38770
38771
38772
38773
38774
38775
38776
38777
38778
38779
38785
38786
38787
38792
38793
38794
38807
38808
38809
38810
38811
38812
38813
38814
38815
38816
38817
38818
38820
38821
38830
38831
38832
38866
38867
38868
38869
38870
38871
38872
38873
38874
38875
38876
38877
38878
38879
38880
38881
38882
38883
38884
38885
38886
38888
38889
38890
38891
38893
38894
38895
38900
38901
38902
38907
38908
38921
38922
38929
38930
38931
38932
38937
38938
38939
38944
38945
38946
38973
38974
38975
38976
38981
38982
38983
38984
38997
38998
39021
39022
39462
39463
39464
39465
39466
39467
39468
39469
39470
39471
39472
39473
39474
39475
39476
39477
39478
39479
39480
39481
39482
39483
39484
39485
39486
39487
39488
39489
39490
39491
39492
39493
39494
39497
39498
39499
39500
39501
39502
39503
39504
39505
39506
39507
39508
39509
39510
39511
39512
39513
39514
39515
39516
39517
39518
39519
39520
39521
39522
39527
39530
39531
39532
39533
39534
39535
39536
39537
39538
39539
39540
39542
39561
39562
39563
39564
39565
39566
39567
39568
39569
39570
39572
39573
39574
39595
39596
39597
39598
39599
39600
39601
39602
39603
39604
39606
39607
39608
39629
39630
39631
39632
39633
39634
39635
39636
39637
39638
39639
39640
39641
39647
39664
39665
39666
39667
39668
39669
39670
39671
39672
39673
39675
39676
39677
39682
39683
39700
39701
39702
39703
39704
39705
39706
39707
39708
39710
39711
39712
39717
39718
39719
39736
39737
39738
39739
39740
39741
39742
39743
39744
39745
39746
39747
39753
39754
39755
39760
39773
39774
39775
39776
39777
39778
39779
39780
39782
39783
39784
39789
39790
39791
39796
39797
39798
39811
39812
39813
39814
39815
39816
39817
39818
39820
39821
39822
39827
39828
39829
39834
39835
39836
39849
39850
39851
39852
39853
39854
39855
39856
39858
39859
39860
39865
39866
39867
39872
39873
39874
39887
39888
39889
39890
39891
39892
39893
39894
39895
39896
39897
39903
39904
39905
39910
39911
39912
39925
39926
39927
39928
39929
39930
39931
39932
39933
39934
39935
39936
39937
39938
39948
39949
39950
39963
39964
39965
39966
39967
39968
39969
39970
39971
39972
39973
39974
39976
39977
39978
39983
39984
40022
40023
40024
40025
40027
40028
40029
40030
40031
40032
40033
40034
40035
40036
40037
40038
40039
40040
40047
40048
40049
40050
40055
40056
40057
40062
40063
40064
40077
40092
40093
40094
40095
40100
40101
40102
40137
40138
40139
40140
40609
40610
40611
40612
40613
40614
40615
40616
40617
40618
40619
40620
40621
40622
40623
40624
40625
40626
40627
40628
40629
40630
40631
40632
40633
40634
40635
40636
40637
40638
40639
40640
40641
40642
40643
40648
40653
40654
40655
40656
40657
40658
40659
40660
40661
40662
40663
40664
40665
40666
40667
40668
40669
40670
40671
40672
40673
40674
40675
40676
40677
40678
40679
40688
40691
40692
40693
40694
40695
40696
40697
40698
40699
40700
40702
40703
40704
40725
40726
40727
40728
40729
40730
40731
40732
40733
40734
40736
40737
40738
40759
40760
40761
40762
40763
40764
40765
40766
40767
40768
40769
40770
40771
40777
40794
40795
40796
40797
40798
40799
40800
40801
40802
40803
40804
40805
40806
40807
40809
40830
40831
40832
40833
40834
40835
40836
40837
40838
40840
40841
40842
40847
40848
40849
40866
40867
40868
40869
40870
40871
40872
40873
40874
40875
40876
40877
40883
40884
40885
40890
40903
40904
40905
40906
40907
40908
40909
40910
40911
40912
40913
40914
40916
40917
40926
40927
40928
40941
40942
40943
40944
40945
40946
40947
40948
40950
40951
40952
40957
40958
40959
40964
40965
40966
40979
40980
40981
40982
40983
40984
40985
40986
40988
40989
40990
40995
40996
40997
41002
41003
41004
41017
41018
41019
41020
41021
41022
41023
41024
41025
41026
41027
41033
41034
41035
41040
41041
41042
41055
41056
41057
41058
41059
41060
41061
41062
41063
41064
41065
41066
41067
41068
41078
41079
41080
41093
41094
41095
41096
41097
41098
41099
41100
41101
41102
41103
41104
41105
41106
41107
41108
41110
41131
41132
41133
41134
41136
41137
41138
41139
41141
41142
41143
41148
41149
41150
41155
41156
41190
41191
41197
41198
41199
41200
41201
41202
41203
41204
41205
41206
41207
41222
41223
41224
41225
41230
41231
41232
41267
41268
41269
41270
41758
41759
41760
41761
41762
41763
41764
41765
41766
41767
41768
41769
41770
41771
41772
41773
41774
41775
41776
41777
41778
41779
41780
41781
41782
41783
41784
41785
41786
41787
41788
41789
41790
41791
41792
41793
41794
41807
41812
41813
41814
41815
41816
41817
41818
41819
41820
41821
41822
41823
41824
41825
41826
41827
41828
41829
41830
41831
41832
41833
41834
41835
41836
41837
41838
41851
41852
41853
41854
41855
41856
41857
41858
41859
41860
41861
41863
41864
41865
41886
41887
41888
41889
41890
41891
41892
41893
41894
41895
41896
41897
41898
41904
41921
41922
41923
41924
41925
41926
41927
41928
41929
41930
41931
41932
41933
41934
41936
41957
41958
41959
41960
41961
41962
41963
41964
41965
41966
41967
41969
41970
41971
41976
41993
41994
41995
41996
41997
41998
41999
42000
42001
42003
42004
42005
42010
42011
42012
42017
42030
42031
42032
42033
42034
42035
42036
42037
42038
42039
42040
42041
42043
42044
42053
42054
42055
42068
42069
42070
42071
42072
42073
42074
42075
42076
42077
42078
42079
42081
42082
42083
42088
42089
42106
42107
42108
42109
42110
42111
42112
42113
42115
42116
42117
42122
42123
42124
42129
42130
42131
42144
42145
42146
42147
42148
42149
42150
42151
42153
42154
42155
42160
42161
42162
42167
42168
42169
42182
42183
42184
42185
42186
42187
42188
42189
42190
42191
42192
42193
42195
42196
42205
42206
42207
42220
42221
42222
42223
42224
42225
42226
42227
42228
42229
42230
42231
42232
42233
42234
42235
42237
42258
42259
42260
42261
42262
42263
42264
42265
42267
42268
42269
42270
42272
42273
42274
42279
42296
42297
42304
42305
42306
42307
42312
42313
42314
42319
42320
42321
42355
42365
42366
42367
42368
42369
42370
42371
42394
42395
42396
42397
42892
42893
42894
42895
42896
42897
42898
42899
42900
42901
42902
42903
42904
42905
42906
42907
42908
42909
42910
42911
42912
42913
42914
42915
42916
42917
42918
42919
42920
42921
42922
42923
42924
42925
42926
42927
42928
42929
42930
42931
42932
42953
42956
42957
42958
42959
42960
42961
42962
42963
42964
42965
42966
42967
42968
42969
42970
42971
42972
42973
42974
42975
42976
42977
42978
42979
42980
42981
42994
42995
42996
42997
42998
42999
43000
43001
43002
43003
43004
43005
43006
43007
43013
43030
43031
43032
43033
43034
43035
43036
43037
43038
43039
43040
43041
43042
43043
43045
43066
43067
43068
43069
43070
43071
43072
43073
43074
43075
43076
43078
43079
43080
43085
43102
43103
43104
43105
43106
43107
43108
43109
43110
43112
43113
43114
43119
43120
43121
43126
43139
43140
43141
43142
43143
43144
43145
43146
43148
43149
43150
43155
43156
43157
43162
43163
43164
43177
43178
43179
43180
43181
43182
43183
43184
43185
43186
43187
43188
43190
43191
43192
43197
43198
43215
43216
43217
43218
43219
43220
43221
43222
43223
43225
43226
43227
43232
43233
43234
43239
43240
43253
43254
43255
43256
43257
43258
43259
43260
43262
43263
43264
43269
43270
43271
43276
43277
43278
43291
43292
43293
43294
43295
43296
43297
43298
43300
43301
43302
43307
43308
43309
43314
43315
43316
43329
43330
43331
43332
43333
43334
43335
43336
43337
43338
43339
43342
43343
43344
43349
43350
43367
43368
43369
43370
43371
43372
43373
43374
43376
43377
43378
43379
43381
43382
43383
43388
43405
43406
43407
43408
43415
43416
43417
43418
43423
43424
43425
43430
43443
43458
43459
43460
43461
43466
43467
43468
43515
43516
43517
43518
44003
44004
44005
44006
44007
44008
44009
44010
44011
44012
44013
44014
44015
44016
44017
44018
44019
44020
44021
44022
44023
44024
44025
44026
44027
44028
44029
44030
44031
44032
44033
44034
44035
44036
44037
44038
44039
44040
44041
44042
44043
44044
44069
44070
44071
44072
44073
44074
44075
44076
44077
44078
44079
44080
44081
44082
44083
44084
44085
44086
44087
44088
44089
44090
44091
44092
44093
44094
44095
44096
44109
44110
44111
44112
44113
44114
44115
44116
44117
44118
44119
44120
44121
44122
44123
44125
44146
44147
44148
44149
44150
44151
44152
44153
44154
44155
44156
44158
44159
44160
44165
44182
44183
44184
44185
44186
44187
44188
44189
44190
44192
44193
44194
44199
44200
44201
44206
44219
44220
44221
44222
44223
44224
44225
44226
44228
44229
44230
44235
44236
44237
44242
44243
44244
44257
44258
44259
44260
44261
44262
44263
44264
44266
44267
44268
44273
44274
44275
44280
44281
44282
44295
44296
44297
44298
44299
44300
44301
44302
44303
44305
44306
44307
44312
44313
44314
44319
44320
44333
44334
44335
44336
44337
44338
44339
44340
44342
44343
44344
44349
44350
44351
44356
44357
44358
44371
44372
44373
44374
44375
44376
44377
44378
44380
44381
44382
44387
44388
44389
44394
44395
44396
44409
44410
44411
44412
44413
44414
44417
44418
44419
44420
44425
44426
44427
44432
44433
44434
44447
44448
44449
44450
44451
44453
44454
44464
44465
44466
44471
44472
44485
44486
44487
44488
44495
44496
44497
44498
44503
44504
44505
44510
44523
44538
44539
44540
44541
44546
44547
44548
44583
44584
44585
44586
45080
45081
45082
45083
45084
45085
45086
45087
45088
45089
45090
45091
45092
45093
45094
45095
45096
45097
45098
45099
45100
45101
45102
45103
45104
45105
45106
45107
45108
45109
45110
45111
45112
45113
45114
45115
45116
45117
45118
45119
45120
45121
45122
45123
45148
45149
45150
45151
45152
45153
45154
45155
45156
45157
45158
45159
45160
45161
45162
45163
45164
45165
45166
45167
45168
45169
45170
45171
45172
45173
45174
45175
45188
45189
45190
45191
45192
45193
45194
45195
45196
45197
45198
45199
45201
45202
45203
45208
45225
45226
45227
45228
45229
45230
45231
45232
45233
45235
45236
45237
45242
45243
45244
45249
45262
45263
45264
45265
45266
45267
45268
45269
45271
45272
45273
45278
45279
45280
45285
45286
45287
45300
45301
45302
45303
45304
45305
45306
45307
45309
45310
45311
45316
45317
45318
45323
45324
45325
45338
45339
45340
45341
45342
45343
45344
45345
45347
45348
45349
45354
45355
45356
45361
45362
45363
45376
45377
45378
45379
45380
45381
45382
45383
45385
45386
45387
45392
45393
45394
45399
45400
45401
45414
45415
45416
45417
45418
45419
45420
45421
45423
45424
45425
45430
45431
45432
45437
45438
45439
45452
45453
45454
45456
45457
45458
45460
45461
45462
45463
45468
45469
45470
45475
45476
45477
45490
45491
45492
45494
45495
45505
45506
45507
45508
45513
45514
45515
45528
45529
45530
45532
45533
45551
45552
45553
45566
45581
45582
45583
45584
45589
45590
45591
45626
45627
45628
45629
46121
46122
46123
46124
46125
46126
46127
46128
46129
46130
46131
46132
46133
46134
46135
46136
46137
46138
46139
46140
46141
46142
46143
46144
46145
46146
46147
46148
46149
46150
46151
46152
46153
46154
46155
46156
46157
46158
46159
46160
46161
46162
46163
46164
46165
46166
46167
46168
46193
46194
46195
46196
46197
46198
46199
46200
46201
46202
46203
46204
46205
46206
46207
46208
46209
46210
46211
46212
46213
46214
46215
46216
46217
46218
46219
46232
46233
46234
46235
46236
46237
46238
46239
46240
46241
46243
46244
46245
46250
46251
46252
46257
46270
46271
46272
46273
46274
46275
46276
46277
46279
46280
46281
46286
46287
46288
46293
46294
46295
46308
46309
46310
46311
46312
46313
46314
46315
46317
46318
46319
46324
46325
46326
46331
46332
46333
46346
46347
46348
46349
46350
46351
46352
46353
46355
46356
46357
46362
46363
46364
46369
46370
46371
46384
46385
46386
46387
46388
46389
46390
46391
46393
46394
46395
46400
46401
46402
46407
46408
46409
46422
46423
46424
46425
46426
46427
46428
46429
46431
46432
46433
46438
46439
46440
46445
46446
46447
46460
46461
46463
46464
46465
46466
46468
46469
46470
46471
46476
46477
46478
46483
46484
46485
46498
46499
46506
46507
46508
46513
46514
46515
46516
46521
46522
46523
46536
46537
46539
46540
46558
46559
46560
46561
46574
46575
46577
46578
46634
46635
46636
46637
47134
47135
47136
47137
47138
47139
47140
47141
47142
47143
47144
47145
47146
47147
47148
47149
47150
47151
47152
47153
47154
47155
47156
47157
47158
47159
47160
47161
47162
47163
47164
47165
47166
47167
47168
47169
47170
47171
47172
47173
47174
47175
47176
47177
47178
47179
47180
47181
47182
47207
47208
47209
47210
47211
47212
47213
47214
47215
47216
47217
47218
47219
47220
47221
47222
47223
47224
47225
47226
47227
47228
47229
47230
47231
47232
47233
47234
47235
47248
47249
47250
47251
47252
47253
47254
47255
47257
47258
47259
47264
47265
47266
47271
47272
47273
47286
47287
47288
47289
47290
47291
47292
47293
47295
47296
47297
47302
47303
47304
47309
47310
47311
47324
47325
47326
47327
47328
47329
47330
47331
47333
47334
47335
47340
47341
47342
47347
47348
47349
47362
47363
47364
47365
47366
47367
47368
47369
47371
47372
47373
47378
47379
47380
47385
47386
47387
47400
47401
47402
47403
47404
47405
47406
47407
47409
47410
47411
47416
47417
47418
47423
47424
47425
47438
47439
47441
47442
47443
47444
47446
47447
47448
47449
47454
47455
47456
47461
47462
47463
47476
47483
47484
47485
47486
47491
47492
47493
47494
47499
47500
47501
47514
47529
47530
47531
47536
47537
47538
47539
47552
47553
47555
47556
48122
48123
48124
48125
48126
48127
48128
48129
48130
48131
48132
48133
48138
48139
48140
48141
48142
48143
48144
48145
48146
48147
48148
48149
48150
48151
48152
48153
48154
48155
48156
48157
48158
48159
48160
48161
48162
48163
48164
48165
48166
48167
48168
48169
48170
48171
48172
48173
48174
48175
48176
48177
48198
48199
48200
48201
48202
48203
48204
48205
48206
48207
48208
48209
48210
48211
48212
48213
48214
48215
48216
48217
48218
48219
48220
48221
48222
48223
48224
48225
48238
48239
48240
48241
48242
48243
48244
48245
48247
48248
48249
48254
48255
48256
48261
48262
48263
48276
48277
48278
48279
48280
48281
48282
48283
48285
48286
48287
48292
48293
48294
48299
48300
48301
48314
48315
48316
48317
48318
48319
48320
48321
48323
48324
48325
48330
48331
48332
48337
48338
48339
48352
48353
48354
48355
48356
48357
48358
48359
48361
48362
48363
48368
48369
48370
48375
48376
48377
48390
48391
48393
48394
48395
48396
48398
48399
48400
48401
48406
48407
48408
48413
48414
48415
48428
48435
48436
48437
48438
48443
48444
48445
48446
48451
48452
48453
48480
48481
48482
48483
48488
48489
48490
48491
48504
48527
48528
48529
49086
49087
49089
49090
49091
49092
49093
49094
49095
49096
49104
49105
49106
49107
49108
49109
49110
49111
49112
49113
49114
49115
49116
49117
49118
49119
49120
49121
49122
49123
49124
49125
49126
49127
49128
49129
49130
49131
49132
49133
49134
49135
49136
49137
49138
49139
49140
49141
49142
49143
49144
49145
49146
49147
49152
49153
49166
49167
49168
49169
49170
49171
49172
49173
49174
49175
49176
49177
49178
49179
49180
49181
49182
49183
49184
49185
49186
49187
49188
49189
49190
49191
49192
49205
49206
49207
49208
49209
49210
49211
49212
49214
49215
49216
49221
49222
49223
49228
49229
49230
49243
49244
49245
49246
49247
49248
49249
49250
49252
49253
49254
49259
49260
49261
49266
49267
49268
49281
49282
49283
49284
49285
49286
49287
49288
49290
49291
49292
49297
49298
49299
49304
49305
49306
49319
49320
49321
49322
49324
49325
49326
49328
49329
49330
49335
49336
49337
49342
49343
49344
49357
49364
49365
49366
49367
49372
49373
49374
49375
49380
49381
49382
49409
49410
49411
49412
49417
49418
49419
49420
49455
49456
49457
49458
50031
50032
50033
50034
50035
50036
50037
50038
50039
50050
50052
50053
50054
50055
50056
50057
50058
50059
50063
50064
50065
50066
50067
50068
50069
50070
50071
50072
50073
50074
50075
50076
50077
50078
50079
50080
50081
50082
50083
50084
50085
50086
50087
50088
50089
50090
50091
50092
50093
50094
50095
50096
50097
50098
50099
50100
50101
50110
50111
50112
50113
50114
50115
50116
50117
50118
50119
50120
50121
50122
50123
50124
50125
50126
50127
50128
50129
50130
50131
50132
50133
50134
50135
50136
50149
50150
50151
50152
50153
50154
50155
50156
50158
50159
50160
50165
50166
50167
50172
50173
50174
50187
50188
50189
50190
50191
50192
50193
50194
50196
50197
50198
50203
50204
50205
50210
50211
50212
50225
50226
50227
50228
50230
50231
50232
50234
50235
50236
50241
50242
50243
50248
50249
50250
50263
50264
50265
50272
50273
50274
50279
50280
50281
50286
50287
50288
50315
50316
50317
50318
50323
50324
50325
50326
50361
50362
50363
50364
50950
50952
50953
50954
50955
50956
50957
50958
50959
50971
50972
50973
50974
50975
50976
50977
50978
50979
50986
50987
50988
50989
50990
50991
50992
50993
50994
50995
50996
50997
50998
50999
51000
51001
51002
51003
51004
51005
51006
51007
51008
51009
51010
51011
51012
51013
51014
51015
51016
51017
51018
51019
51020
51021
51022
51023
51024
51025
51030
51031
51032
51033
51034
51035
51036
51037
51038
51039
51040
51041
51042
51043
51044
51045
51046
51047
51048
51049
51050
51051
51052
51053
51054
51055
51068
51069
51070
51071
51072
51073
51074
51075
51077
51078
51079
51084
51085
51086
51091
51092
51093
51106
51107
51108
51109
51111
51112
51113
51115
51116
51117
51122
51123
51124
51129
51130
51131
51144
51145
51146
51153
51154
51155
51160
51161
51162
51167
51168
51169
51182
51183
51198
51199
51200
51205
51206
51207
51242
51243
51244
51245
51845
51847
51848
51849
51850
51851
51852
51853
51854
51863
51865
51866
51867
51868
51869
51870
51871
51872
51882
51883
51884
51885
51886
51887
51888
51889
51890
51891
51892
51893
51894
51895
51896
51897
51898
51899
51900
51901
51902
51903
51904
51905
51906
51907
51908
51909
51910
51911
51912
51913
51914
51915
51916
51917
51918
51919
51920
51921
51922
51923
51924
51925
51926
51927
51928
51929
51930
51931
51932
51933
51934
51935
51936
51937
51938
51939
51940
51941
51942
51943
51944
51945
51946
51947
51948
51961
51962
51963
51964
51966
51967
51968
51970
51971
51972
51977
51978
51979
51984
51985
51986
51999
52000
52001
52008
52009
52010
52015
52016
52017
52022
52023
52024
52037
52038
52053
52054
52055
52060
52061
52062
52075
52098
52099
52100
52716
52718
52719
52720
52721
52722
52723
52724
52725
52734
52737
52738
52739
52740
52741
52742
52743
52744
52751
52752
52753
52754
52755
52756
52757
52758
52759
52760
52761
52762
52763
52764
52765
52766
52767
52768
52769
52770
52771
52772
52773
52774
52775
52776
52777
52778
52779
52780
52781
52782
52783
52784
52785
52786
52787
52788
52789
52790
52791
52792
52793
52794
52795
52797
52798
52799
52800
52801
52802
52803
52804
52805
52806
52807
52808
52809
52810
52811
52812
52813
52814
52815
52816
52817
52830
52831
52832
52839
52840
52841
52846
52847
52848
52853
52854
52855
52868
52869
52884
52885
52886
52891
52892
52893
52906
52929
52930
52931
53563
53566
53567
53568
53569
53570
53571
53572
53573
53582
53584
53585
53586
53587
53588
53589
53590
53591
53596
53597
53598
53599
53601
53602
53603
53604
53605
53606
53607
53608
53609
53610
53611
53612
53613
53614
53615
53616
53617
53618
53619
53620
53621
53622
53623
53624
53625
53626
53627
53628
53629
53630
53631
53632
53633
53634
53635
53636
53637
53638
53639
53646
53647
53648
53649
53650
53651
53652
53653
53654
53655
53656
53657
53658
53659
53660
53661
53662
53675
53676
53691
53692
53693
53698
53699
53700
53713
53736
53737
53738
54386
54388
54389
54390
54391
54392
54393
54394
54395
54406
54407
54409
54410
54411
54412
54413
54414
54419
54420
54421
54431
54432
54433
54434
54435
54436
54437
54438
54439
54440
54441
54442
54443
54444
54445
54446
54447
54448
54449
54450
54451
54452
54453
54454
54455
54456
54457
54458
54459
54460
54461
54476
54477
54478
54479
54480
54481
54482
54483
54484
54485
54498
54521
54522
54523
55190
55192
55194
55195
55197
55198
55199
55200
55206
55213
55214
55215
55223
55224
55244
55245
55246
55247
55248
55249
55250
55251
55252
55253
55254
55255
55256
55257
55258
55259
55260
55261
55262
55263
55264
55287
55288
55289
55975
55982
55983
55984
56008
56036
56037
56038
56039
56040
56041
56042
56043
56044
56045
56046
56047
56048
56814
56815
56816
56817
56818
56819
57580
57581
)


// ************************************************************************* //
