/*--------------------------------*- C++ -*----------------------------------*\
  =========                 |
  \\      /  F ield         | OpenFOAM: The Open Source CFD Toolbox
   \\    /   O peration     | Website:  https://openfoam.org
    \\  /    A nd           | Version:  12
     \\/     M anipulation  |
\*---------------------------------------------------------------------------*/
FoamFile
{
    format      ascii;
    class       labelList;
    location    "constant/polyMesh";
    object      pointProcAddressing;
}
// * * * * * * * * * * * * * * * * * * * * * * * * * * * * * * * * * * * * * //


13830
(
6
7
8
9
10
11
12
13
14
15
16
17
18
19
20
21
22
23
24
25
26
27
28
29
45
46
47
48
49
50
51
52
53
54
55
56
57
58
59
60
61
62
63
64
65
66
67
68
69
70
71
72
73
74
75
76
77
78
79
80
81
82
83
84
85
86
87
88
89
90
91
92
93
94
95
96
97
98
99
100
101
102
103
104
105
106
107
108
109
110
111
112
113
114
115
116
117
118
119
120
121
122
123
124
125
126
127
128
129
130
131
132
133
134
135
136
137
138
139
140
141
142
143
144
145
146
147
148
149
150
151
152
153
154
155
156
157
158
159
160
161
162
163
164
165
166
167
168
169
170
171
172
173
174
175
176
177
178
179
180
181
182
183
184
185
186
187
188
189
190
191
192
193
194
195
196
197
198
199
200
201
202
203
204
205
206
207
208
209
210
211
212
213
214
215
216
217
218
219
230
231
232
233
234
235
236
237
238
239
240
241
242
243
244
245
246
247
248
249
250
251
252
253
254
255
256
259
306
308
309
310
311
312
313
314
331
332
333
334
343
344
345
346
347
348
349
350
351
352
353
354
355
356
357
358
359
3034
3035
3036
3037
3038
3039
3040
3041
3042
3043
3044
3045
3046
3047
3048
3049
3050
3051
3052
3053
3054
3055
3056
3057
3058
3059
3060
3061
3062
3063
3064
3065
3066
3067
3141
3142
3143
3144
3145
3146
3147
3148
3149
3150
3151
3152
3153
3154
3155
3156
3157
3158
3210
3211
3212
3213
3214
3215
3216
3217
3218
3219
3220
3221
3222
3223
3224
3225
3271
3272
3273
3274
3275
3276
3277
3278
3279
3280
3281
3282
3283
3284
3313
3314
3315
3316
3317
3318
3319
3320
3321
3322
3323
3324
3414
3415
3416
3417
3418
3419
3420
3421
3422
3423
3424
3425
3426
3427
3428
3429
3430
3431
3432
3433
3434
3435
3436
3437
3438
3439
3440
3441
3442
3443
3444
3445
3446
3447
3448
3449
3450
3451
3452
3453
3454
3455
3456
3457
3458
3459
3481
3482
3483
3484
3485
3486
3487
3488
3489
3490
3491
3492
3494
3495
3496
3497
3498
3499
3500
3501
3502
3503
3504
3505
3506
3507
3508
3509
3510
3511
3512
3513
3514
3515
3516
3517
3518
3528
3529
3530
3531
3532
3533
3534
3535
3536
3537
3538
3539
3540
3541
3542
3543
3544
3545
3546
3547
3548
3549
3550
3551
3552
3553
3554
3555
3556
3557
3558
3559
3560
3561
3565
3566
3567
3568
3569
3662
3663
3664
3665
3666
3667
3668
3669
3670
3671
3673
3701
3702
3703
3704
3705
3706
3707
3708
3709
3710
3711
3712
3713
3714
3715
3716
3718
3811
3812
3813
3814
3815
3816
3817
3818
3819
3820
3821
3822
3823
3824
3825
3826
3827
3828
3829
3830
3831
3832
3833
3834
3835
3836
3837
3838
3839
3840
3841
3842
3843
3844
3845
3846
3847
3848
3849
3850
3851
3852
3853
3854
3855
3856
3857
3861
3862
3863
3864
3865
3866
3867
3868
3869
3870
3871
3872
3873
3874
3875
3876
3877
3878
3879
3880
3881
3882
3883
3884
3886
3952
3953
3954
3955
3956
3957
3958
3959
3960
3961
3962
3963
3964
3965
3966
3967
3968
3969
3970
3971
3972
3973
3974
3975
3976
3977
3978
3979
3980
3981
3982
3983
3984
3985
3986
3987
3988
3989
3990
3991
3992
3993
3994
3995
3996
3997
3998
3999
4000
4001
4002
4003
4004
4005
4006
4007
4008
4009
4010
4012
4069
4070
4071
4072
4073
4074
4075
4076
4077
4078
4079
4080
4081
4082
4083
4084
4085
4086
4087
4088
4090
4119
4120
4121
4122
4123
4124
4125
4126
4127
4128
4129
4130
4131
4133
4145
4146
4147
4148
4149
4150
4151
4164
4165
4166
4167
4168
4169
4170
4171
4172
4173
4174
4175
4176
4177
4178
4595
4596
4597
4598
4599
4600
4601
4602
4603
4604
4605
4606
4607
4608
4609
4610
4611
4612
4613
4614
4615
4616
4617
4618
4619
4620
4621
4622
4623
4624
4625
4626
4627
4628
4629
4630
4631
4632
4633
4634
4635
4636
4637
4638
4639
4640
4641
4642
4667
4668
4669
4670
4671
4672
4673
4674
4675
4676
4678
4689
4690
4691
4692
4693
4694
4695
4696
4697
4698
4699
4700
4701
4702
4703
4704
4705
4706
4707
4708
4709
4710
4711
4712
4713
4714
4715
4722
4723
4724
4725
4726
4727
4728
4729
4730
4731
4732
4733
4734
4735
4736
4737
4738
4739
4741
4744
4745
4746
4747
4748
4749
4750
4751
4752
4753
4754
4755
4756
4757
4758
4759
4760
4761
4762
4763
4764
4765
4766
4767
4768
4769
4770
4961
4962
4963
4964
4965
4966
4967
4968
4969
4970
4971
4972
4973
4974
4975
4976
4977
4978
4979
4980
4981
4982
4983
4984
4985
4986
4987
4988
5033
5034
5035
5036
5037
5038
5039
5040
5041
5042
5043
5044
5045
5046
5047
5048
5049
5050
5051
5052
5053
5054
5055
5056
5057
5058
5059
5060
5067
5068
5069
5070
5071
5081
5082
5083
5084
5085
5086
5087
5088
5089
5090
5091
5092
5093
5094
5095
5096
5097
5098
5099
5100
5101
5102
5103
5104
5105
5106
5107
5108
5109
5110
5111
5115
5116
5117
5118
5119
5120
5121
5122
5732
5734
5735
5736
5737
5738
5739
5740
5741
5742
5743
5744
5745
5746
5747
5748
5749
5750
5751
5752
5753
5754
5755
5756
5757
5758
5759
5760
5761
5762
5763
5764
5765
5766
5767
5768
5769
5770
5771
5772
5773
5774
5775
5776
5777
5778
5779
5780
5781
5782
5783
6180
6181
6182
6183
6184
6185
6186
6187
6188
6189
6190
6191
6192
6222
6223
6224
6225
6226
6227
6228
6229
6252
6253
6254
6255
6256
6257
6289
6290
6291
6292
6293
6294
6295
6296
6297
6298
6303
6304
6305
6306
6307
6308
6309
6310
6633
6635
6636
6637
6638
6639
6640
6641
6642
6643
6644
6645
6646
6647
6648
6649
6650
6651
6652
6653
6654
6655
6656
6657
6658
6659
6660
6661
6662
6663
6664
6665
6666
6667
6668
6669
6670
6671
6672
6673
6674
6675
6676
6755
6756
6757
6758
6759
6760
6761
6762
6763
6764
6765
6766
6767
6768
6769
6770
6771
6772
6773
6774
6775
6776
6777
6778
6779
6780
6781
6782
6783
6784
6785
6786
6787
6788
6789
6790
6791
6792
6793
6794
6795
6868
6869
6870
6871
6872
6873
6874
6875
6876
6877
6878
6879
6880
6881
6882
6883
6884
6885
6886
6887
6888
6889
6890
6891
6892
6893
6894
6895
6896
6897
6898
6899
6900
6901
6902
6903
6904
6905
6906
6973
6974
6975
6976
6977
6978
6979
6980
6981
6982
6983
6984
6985
6986
6987
6988
6989
6990
6991
6992
6993
6994
6995
6996
6997
6998
6999
7000
7001
7002
7003
7004
7005
7006
7007
7008
7009
7101
7102
7103
7104
7105
7106
7119
7120
7121
7122
7123
7124
7125
7126
7127
7128
7129
7130
7131
7132
7147
7149
7150
7151
7152
7153
7154
7155
7156
7157
7158
7159
7160
7161
7162
7175
7177
7178
7179
7180
7181
7182
7183
7189
7190
7191
7192
7196
7197
7198
7199
7200
7201
7225
7226
7227
7228
7229
7230
7231
7232
7233
7234
7235
7236
7269
7270
7271
7272
7273
7274
7275
7276
7277
7278
7279
7280
7281
7282
7283
7314
7315
7316
7317
7318
7319
7320
7321
7322
7323
7324
7325
7326
7327
7328
7329
7330
7331
7354
7355
7356
7357
7358
7359
7360
7361
7362
7363
7364
7365
7366
7367
7368
7369
7370
7371
7372
7373
7389
7390
7391
7392
7393
7394
7395
7396
7397
7398
7399
7400
7401
7402
7403
7404
7405
7406
7407
7408
7409
7410
7411
7412
7413
7414
7435
7436
7437
7438
7439
7440
7449
7450
7469
7470
7471
7472
7473
7474
7475
7476
7477
7478
7479
7480
7481
7482
7483
7484
7485
7486
7487
7488
7663
7744
7794
7810
7890
7892
7901
7909
7919
7921
8206
8207
8208
8209
8210
8211
8212
8213
8214
8215
8227
8228
8233
8234
8239
8240
8244
8245
8253
8254
8255
8256
8266
8267
8268
8269
8272
8273
8278
8279
8282
8283
8285
8287
8290
8291
8296
8297
8300
8301
8304
8305
8312
8313
8314
8315
8316
8317
8318
8319
8320
8321
8322
8323
8324
8325
8326
8327
8328
8329
8330
8331
8332
8333
8334
8335
8336
8337
8345
8346
8347
8348
8349
8350
8351
8352
8353
8354
8355
8356
8357
8358
8359
8360
8361
8362
8363
8364
8365
8366
8367
8368
8394
8395
8396
8397
8398
8399
8400
8401
8402
8403
8404
8405
8406
8407
8408
8409
8410
8411
8412
8413
8414
8415
8439
8440
8441
8442
8443
8444
8445
8446
8447
8448
8449
8450
8451
8452
8453
8454
8455
8456
8457
8458
8549
8559
8560
8561
8562
8563
8564
8565
8566
8567
8568
8569
8570
8571
8572
8573
8574
8575
8576
8577
8578
8579
8580
8581
8582
8583
8584
8585
8586
8587
8588
8589
8590
8591
8592
8593
8594
8595
8596
8597
8611
8612
8613
8614
8615
8616
8617
8618
8619
8620
8621
8622
8623
8637
8638
8639
8640
8641
8642
8643
8644
8645
8646
8647
8648
8649
8663
8664
8665
8666
8667
8668
8669
8670
8671
8672
8673
8674
8675
8702
8703
8704
8705
8711
8712
8713
8719
8720
8723
8725
8728
8731
8734
8735
8736
8738
8739
8741
8742
8743
8745
8758
8759
8760
8761
8767
8768
8769
8770
8776
8777
8778
8781
8783
8784
8787
8788
8791
8793
8794
8795
8796
8802
8803
8804
8807
8808
8809
8810
8811
8817
8838
8839
8840
8850
8851
8852
8853
8854
8855
8856
8857
8859
8865
8866
8867
8868
8869
8870
8871
8872
8873
8875
8876
8877
8878
8879
8880
8881
8886
8889
8892
8895
8898
8901
8902
8904
8906
8909
8912
8913
8914
8915
8916
8917
8925
8930
8935
8939
8943
8944
8945
8946
8947
8948
8956
8958
8959
8961
8965
8966
8967
8971
8974
8975
8981
8982
8983
8984
8989
8990
8991
8992
8993
9004
9005
9006
9007
9008
9009
9012
9013
9014
9016
9017
9018
9019
9021
9023
9024
9025
9026
9041
9044
9046
9047
9048
9052
9053
9054
9055
9056
9057
9058
9066
9067
9068
9069
9074
9081
9082
9083
9084
9085
9086
9087
9088
9091
9092
9093
9094
9095
9096
9097
9098
9099
9100
9101
9102
9103
9104
9105
9106
9124
9127
9134
9140
9145
9152
9155
9159
9168
9172
9175
9182
9183
9190
9191
9192
9193
9194
9201
9207
9208
9209
9210
9211
9212
9213
9216
9217
9218
9219
9220
9221
9222
9223
9224
9225
9226
9227
9228
9229
9230
9231
9232
9233
9234
9235
9236
9237
9238
9239
9240
9241
9269
9272
9274
9277
9278
9279
9281
9287
9291
9294
9295
9296
9297
9303
9306
9311
9312
9313
9314
9321
9322
9326
9327
9328
9329
9335
9338
9344
9345
9346
9347
9348
9349
9350
9358
9361
9362
9363
9364
9372
9373
9374
9376
9380
9382
9385
9386
9387
9388
9393
9397
9398
9399
9400
9401
9405
9414
9415
9416
9417
9418
9428
9429
9430
9437
9438
9439
9440
9441
9443
9444
9445
9446
9448
9449
9450
9451
9463
9464
9466
9467
9468
9469
9470
9472
9473
9474
9475
9476
9478
9479
9480
9481
9483
9484
9486
9487
9488
9489
9491
9492
9493
9520
9521
9522
9523
9524
9526
9527
9528
9529
9531
9533
9534
9548
9549
9570
9571
9572
9573
9574
9575
9576
9577
9578
9579
9580
9581
9582
9583
9584
9585
9587
9588
9590
9596
9597
9598
9600
9601
9602
9603
9605
9607
9608
9609
9611
9612
9613
9614
9616
9618
9619
9620
9622
9623
9624
9627
9628
9630
9631
9632
9634
9635
9636
9638
9640
9641
9642
9644
9645
9686
9688
9690
9697
9698
9699
9700
9701
9702
9706
9707
9708
9710
9729
9730
9731
9732
9733
9734
9735
9736
9737
9738
9739
9740
9741
9742
9743
9744
9745
9746
9748
9758
9760
9767
9773
9776
9777
9781
9788
9789
9794
9795
9796
9797
9799
9828
9829
9830
9831
9832
9833
9834
9835
9836
9837
9838
9839
9840
9841
9842
9843
9844
9845
9846
9847
9848
9849
9850
9851
9852
9853
9854
9855
9858
9863
9868
9874
9878
9882
9883
9890
9891
9892
9893
9894
9897
9903
9904
9905
9906
9910
9918
9922
9923
9924
9925
9926
9929
9933
9939
9940
9941
9942
9946
9947
9975
9976
9977
9978
9979
9980
9981
9982
9983
9984
9985
9986
9987
9988
9989
9990
9991
9992
9993
9994
9995
10009
10010
10011
10012
10013
10014
10015
10016
10017
10018
10022
10023
10082
10083
10084
10085
10086
10087
10088
10089
10090
10091
10092
10093
10094
10095
10096
10097
10098
10099
10100
10101
10102
10103
10104
10105
10106
10107
10108
10109
10110
10111
10112
10113
10114
10115
10116
10117
10118
10119
10120
10121
10124
10125
10126
10127
10128
10135
10136
10137
10138
10139
10140
10146
10147
10148
10149
10150
10151
10152
10153
10154
10155
10156
10157
10158
10159
10160
10161
10162
10163
10164
10165
10166
10167
10168
10193
10194
10199
10200
10201
10202
10205
10206
10231
10232
10233
10234
10235
10236
10237
10238
10239
10240
10241
10242
10243
10244
10245
10246
10247
10248
10249
10250
10251
10252
10253
10254
10256
10257
10258
10259
10260
10261
10262
10269
10270
10271
10272
10273
10279
10280
10281
10282
10283
10289
10290
10291
10292
10293
10304
10305
10306
10307
10308
10315
10316
10317
10318
10319
10320
10321
10322
10323
10324
10325
10331
10332
10333
10334
10335
10336
10337
10338
10339
10340
10341
10353
10361
10362
10363
10364
10365
10366
10367
10368
10369
10370
10371
10379
10380
10381
10382
10383
10384
10385
10386
10387
10388
10389
10390
10391
10392
10393
10394
10395
10396
10397
10415
10416
10417
10418
10419
10420
10427
10428
10429
10430
10431
10432
10433
10434
10435
10445
10446
10447
10448
10449
10450
10466
10467
10468
10469
10470
10471
10472
10473
10474
10476
10488
10489
10490
10491
10492
10493
10494
10495
10496
10497
10498
10500
10507
10508
10509
10510
10511
10512
10513
10514
10515
10522
10523
10524
10529
10530
10531
10532
10548
10549
10550
10551
10552
10553
10554
10555
10556
10557
10558
10559
10560
10561
10562
10571
10572
10573
10574
10575
10576
10577
10578
10581
10582
10583
10584
10585
10586
10592
10593
10594
10595
10596
10597
10598
10599
10600
10601
10602
10603
10604
10605
10606
10607
10608
10609
10610
10611
10612
10613
10614
10615
10616
10617
10618
10649
10650
10651
10652
10653
10654
10655
10656
10657
10658
10659
10660
10661
10662
10663
10664
10680
10681
10682
10711
10712
10713
10714
10715
10716
10717
10718
10719
10720
10721
10722
10723
10724
10725
10726
10727
10728
10729
10730
10731
10732
10733
10734
10735
10736
10737
10738
10739
10740
10741
10742
10743
10744
10745
10746
10747
10761
10762
10763
10764
10765
10766
10767
10768
10769
10770
10771
10772
10773
10774
10775
10776
10777
10778
10779
10780
10781
10782
10783
10784
10785
10786
10787
10788
10789
10790
10791
10792
10793
10794
10795
10796
10797
10798
10799
10800
10801
10802
10803
10844
10855
10856
10857
10858
10859
10860
10861
10862
10863
10864
10867
10868
10906
10907
10908
10909
10910
10911
10912
10913
10914
10915
10916
10917
10918
10919
10920
10921
10922
10923
10924
10925
10926
10927
10928
10929
10930
10931
10932
10933
10934
10935
10936
10937
10938
10939
10940
10941
10942
10944
10947
10948
10951
10954
10958
10959
10965
10966
10967
10971
10972
10973
10975
10977
10981
10982
10983
10986
10987
10990
10991
10996
11003
11004
11006
11007
11015
11018
11042
11043
11044
11045
11046
11047
11048
11049
11050
11051
11052
11053
11054
11074
11075
11076
11077
11078
11079
11080
11081
11082
11083
11084
11085
11086
11087
11088
11089
11090
11091
11092
11093
11094
11095
11115
11116
11117
11118
11119
11120
11121
11122
11123
11124
11125
11126
11127
11128
11129
11130
11131
11132
11133
11134
11135
11136
11156
11157
11158
11159
11160
11161
11162
11163
11164
11165
11166
11196
11197
11198
11199
11200
11201
11202
11203
11215
11217
11222
11225
11226
11227
11228
11234
11235
11238
11239
11240
11241
11248
11249
11250
11251
11257
11261
11265
11272
11273
11274
11275
11276
11277
11278
11287
11288
11291
11292
11293
11294
11297
11308
11309
11310
11311
11312
11313
11314
11315
11316
11317
11318
11320
11322
11339
11340
11341
11342
11343
11344
11345
11346
11347
11348
11352
11353
11354
11355
11356
11357
11358
11359
11368
11369
11376
11382
11384
11386
11387
11388
11389
11390
11391
11392
11393
11394
11395
11406
11410
11415
11418
11421
11422
11423
11424
11425
11434
11435
11436
11437
11439
11440
11441
11443
11444
11454
11455
11456
11458
11459
11460
11461
11462
11464
11466
11467
11469
11470
11471
11472
11475
11476
11478
11498
11499
11500
11512
11513
11514
11515
11516
11517
11518
11519
11520
11521
11522
11523
11524
11525
11526
11527
11528
11540
11541
11551
11552
11553
11554
11555
11557
11558
11559
11562
11570
11571
11572
11573
11574
11575
11576
11577
11578
11579
11580
11581
11582
11583
11590
11591
11598
11599
11600
11601
11602
11603
11604
11605
11610
11612
11613
11622
11623
11624
11625
11626
11627
11628
11629
11630
11631
11632
11633
11634
11635
11636
11637
11638
11650
11651
11664
11665
11666
11667
11668
11669
11670
11671
11672
11673
11674
11675
11676
11677
11678
11679
11680
11681
11682
11683
11684
11685
11686
11687
11688
11689
11706
11718
11719
11720
11721
11722
11723
11724
11725
11732
11733
11734
11735
11736
11742
11748
11753
11761
11764
11768
11769
11770
11771
11772
11773
11774
11775
11776
11778
11779
11780
11781
11783
11784
11786
11787
11807
11808
11809
11810
11811
11812
11813
11814
11815
11816
11819
11825
11826
11827
11828
11829
11830
11831
11832
11833
11834
11841
11857
11858
11859
11860
11861
11862
11863
11864
11865
11866
11867
11868
11869
11870
11871
11880
11887
11895
11904
11910
11917
11918
11923
11924
11931
11934
11935
11936
11937
11938
11939
11940
11941
11950
11969
11970
11971
11972
11973
11974
11975
11976
11977
11978
11979
11980
11981
11982
11983
11984
11985
11986
11987
11988
11989
11990
11991
11992
11993
11999
12001
12006
12012
12013
12014
12015
12022
12023
12026
12032
12033
12034
12035
12036
12042
12048
12049
12052
12053
12054
12055
12058
12059
12063
12067
12068
12069
12073
12077
12078
12079
12080
12081
12082
12084
12085
12086
12087
12089
12090
12091
12092
12103
12104
12105
12131
12132
12133
12134
12135
12136
12137
12138
12139
12140
12141
12142
12143
12144
12145
12146
12147
12148
12151
12152
12153
12154
12155
12156
12158
12160
12161
12162
12163
12165
12166
12167
12169
12171
12172
12173
12175
12176
12177
12197
12198
12245
12246
12247
12248
12249
12250
12251
12252
12253
12254
12255
12256
12257
12258
12259
12260
12261
12262
12263
12264
12265
12266
12267
12268
12269
12270
12271
12272
12273
12274
12275
12278
12281
12282
12283
12284
12285
12286
12287
12288
12296
12297
12300
12301
12302
12303
12304
12305
12312
12313
12314
12320
12321
12322
12323
12324
12325
12326
12327
12328
12329
12330
12331
12332
12333
12334
12335
12336
12337
12338
12339
12340
12341
12342
12343
12366
12367
12368
12369
12374
12383
12396
12401
12408
12413
12416
12423
12428
12430
12432
12434
12436
12438
12443
12444
12446
12451
12457
12458
12459
12460
12461
12462
12463
12464
12465
12466
12477
12478
12479
12480
12481
12487
12488
12489
12490
12491
12492
12493
12494
12495
12496
12497
12498
12499
12500
12501
12502
12503
12504
12505
12506
12507
12508
12509
12510
12511
12512
12513
12514
12515
12545
12546
12547
12548
12549
12550
12557
12558
12559
12560
12566
12568
12573
12577
12580
12583
12588
12589
12590
12591
12595
12600
12603
12604
12607
12611
12616
12620
12624
12625
12626
12627
12628
12629
12630
12631
12632
12642
12645
12650
12651
12652
12654
12657
12658
12659
12660
12662
12666
12674
12677
12678
12679
12680
12686
12690
12692
12693
12694
12695
12696
12700
12708
12711
12713
12714
12715
12716
12718
12719
12720
12721
12732
12733
12734
12735
12745
12746
12747
12748
12749
12751
12752
12753
12754
12755
12757
12758
12759
12761
12762
12763
12764
12765
12767
12768
12769
12771
12772
12773
12775
12776
12777
12779
12780
12781
12808
12810
12811
12813
12814
12815
12822
12823
12824
12826
12827
12828
12829
12831
12833
12834
12835
12836
12837
12839
12840
12841
12843
12844
12846
12847
12868
12869
12870
12872
12873
12874
12877
12892
12893
12894
12895
12896
12897
12898
12899
12901
12902
12903
12904
12906
12908
12909
12911
12912
12913
12914
12917
12918
12919
12921
12922
12923
12925
12927
12928
12929
12931
12932
12933
12934
12936
12938
12939
12941
12942
12943
12946
12947
12948
12950
12951
12952
12954
12956
12957
12958
12960
12961
12963
12964
12966
13017
13018
13020
13021
13022
13024
13025
13036
13039
13040
13044
13045
13046
13053
13054
13055
13056
13057
13058
13066
13069
13070
13072
13077
13078
13082
13083
13084
13093
13094
13095
13096
13097
13098
13099
13100
13104
13108
13112
13116
13121
13122
13123
13133
13134
13135
13136
13137
13138
13139
13150
13151
13152
13153
13154
13155
13156
13174
13175
13176
13177
13178
13179
13180
13181
13182
13183
13184
13203
13204
13205
13206
13207
13208
13209
13210
13211
13212
13213
13214
13215
13216
13217
13218
13219
13220
13221
13222
13223
13224
13225
13226
13227
13228
13229
13230
13231
13240
13241
13242
13243
13248
13249
13250
13251
13252
13253
13254
13255
13256
13257
13258
13259
13260
13261
13262
13263
13264
13265
13266
13267
13268
13269
13270
13271
13272
13273
13274
13275
13276
13277
13278
13308
13309
13310
13311
13312
13313
13324
13325
13326
13327
13336
13337
13338
13339
13340
13341
13342
13343
13369
13370
13371
13372
13373
13374
13375
13376
13377
13378
13379
13380
13383
13384
13385
13386
13387
13388
13389
13390
13391
13392
13393
13394
13395
13398
13399
13400
13401
13402
13403
13404
13405
13406
13407
13408
13409
13410
13411
13412
13413
13414
13415
13416
13417
13429
13435
13436
13437
13438
13439
13440
13441
13442
13443
13454
13455
13456
13457
13458
13459
13460
13488
13489
13490
13491
13492
13493
13494
13495
13496
13497
13498
13499
13500
13501
13502
13503
13504
13505
13506
13507
13508
13509
13510
13511
13512
13513
13514
13515
13516
13517
13518
13526
13527
13528
13529
13530
13531
13532
13533
13534
13535
13536
13537
13538
13539
13540
13541
13542
13543
13544
13545
13546
13547
13563
13565
13566
13569
13572
13573
13574
13575
13576
13577
13578
13585
13600
13601
13602
13603
13604
13605
13606
13607
13608
13609
13610
13611
13612
13613
13614
13615
13616
13617
13618
13619
13620
13621
13622
13623
13624
13625
13626
13627
13628
13629
13630
13631
13632
13633
13653
13654
13655
13656
13657
13663
13664
13665
13666
13667
13668
13669
13670
13671
13672
13673
13674
13696
13697
13698
13699
13700
13701
13702
13703
13704
13705
13706
13707
13708
13709
13710
13718
13720
13723
13724
13728
13729
13730
13736
13737
13738
13739
13740
13743
13744
13763
13764
13765
13766
13767
13768
13769
13770
13771
13772
13773
13774
13775
13776
13777
13778
13779
13780
13781
13782
13783
13784
13785
13786
13787
13788
13789
13790
13791
13792
13793
13794
13795
13796
13797
13798
13799
13800
13801
13802
13803
13804
13805
13806
13807
13808
13809
13810
13811
13812
13813
13814
13815
13816
13817
13818
13819
13820
13821
13822
13860
13861
13862
13863
13864
13865
13866
13867
13868
13869
13914
13915
13916
13917
13918
13919
13920
13921
13922
13923
13924
13925
13926
13927
13928
13929
13930
13931
13932
13933
13934
13935
13936
13937
13938
13939
13940
13941
13942
13943
13944
13945
13946
13947
13948
13949
13950
13951
13952
13953
13954
13955
13956
13957
13958
13959
13960
13961
13962
13963
13964
13965
13966
13967
13968
13969
13970
13971
13972
13973
13974
13975
13998
13999
14000
14001
14002
14003
14004
14005
14026
14027
14028
14029
14030
14031
14032
14033
14034
14035
14036
14037
14038
14039
14040
14041
14042
14043
14044
14045
14046
14047
14048
14049
14050
14051
14052
14053
14054
14055
14056
14057
14058
14059
14060
14061
14062
14063
14064
14065
14066
14067
14068
14069
14070
14071
14072
14073
14074
14075
14076
14077
14078
14079
14080
14081
14082
14083
14084
14085
14086
14087
14088
14137
14138
14139
14140
14141
14142
14143
14157
14158
14159
14160
14161
14162
14173
14174
14175
14176
14177
14178
14179
14180
14181
14182
14183
14184
14185
14186
14187
14188
14189
14190
14191
14192
14193
14205
14206
14207
14208
14209
14210
14211
14212
14213
14214
14215
14227
14228
14229
14230
14231
14232
14233
14234
14235
14236
14237
14249
14250
14251
14252
14253
14254
14255
14256
14257
14258
14259
14287
14288
14289
14290
14294
14295
14298
14299
14301
14308
14309
14310
14312
14315
14318
14319
14321
14323
14325
14328
14329
14332
14333
14335
14339
14340
14341
14344
14346
14356
14357
14358
14359
14360
14364
14365
14366
14368
14370
14374
14375
14376
14379
14380
14381
14382
14383
14384
14385
14389
14390
14391
14392
14393
14394
14411
14412
14413
14414
14415
14416
14417
14437
14438
14439
14440
14441
14442
14443
14444
14445
14446
14461
14462
14463
14464
14465
14466
14467
14468
14469
14480
14481
14482
14483
14484
14485
14486
14487
14495
14496
14497
14498
14499
14500
14501
14502
14503
14504
14505
14507
14511
14516
14517
14518
14525
14526
14527
14528
14531
14533
14538
14539
14541
14543
14553
14554
14555
14556
14557
14558
14560
14564
14565
14566
14569
14570
14573
14574
14587
14588
14589
14590
14591
14592
14593
14594
14595
14596
14597
14598
14606
14613
14615
14621
14623
14640
14641
14642
14643
14644
14645
14646
14647
14648
14649
14650
14651
14652
14653
14654
14655
14662
14663
14665
14668
14675
14676
14677
14678
14680
14683
14690
14691
14692
14693
14697
14705
14707
14708
14709
14710
14715
14716
14717
14731
14732
14733
14734
14735
14736
14737
14738
14739
14740
14749
14750
14751
14752
14753
14754
14762
14763
14764
14765
14766
14805
14806
14807
14808
14809
14810
14811
14812
14813
14814
14815
14816
14817
14818
14819
14820
14821
14822
14823
14824
14825
14826
14827
14828
14829
14830
14833
14834
14838
14839
14840
14856
14857
14858
14859
14860
14861
14862
14863
14864
14865
14866
14867
14868
14869
14870
14876
14877
14878
14879
14880
14882
14884
14891
14892
14893
14894
14895
14896
14900
14901
14902
14906
14907
14908
14920
14921
14922
14923
14924
14925
14926
14927
14928
14929
14930
14935
14936
14937
14938
14944
14945
14946
14947
14948
14952
14953
14954
14971
14972
14973
14974
14975
14976
14977
14978
14979
14980
14981
14982
14983
14984
14985
14986
14991
14992
14993
14994
15000
15001
15002
15003
15004
15026
15027
15028
15029
15030
15031
15032
15033
15034
15035
15036
15037
15038
15039
15040
15041
15042
15043
15044
15045
15046
15061
15062
15064
15067
15068
15069
15070
15071
15072
15073
15074
15075
15078
15080
15083
15084
15088
15089
15090
15096
15097
15098
15102
15104
15107
15115
15116
15117
15118
15119
15128
15129
15130
15131
15132
15135
15136
15140
15141
15142
15146
15148
15150
15154
15161
15162
15163
15164
15173
15174
15175
15176
15177
15183
15184
15185
15186
15187
15190
15191
15195
15196
15197
15208
15209
15210
15211
15212
15213
15214
15215
15216
15217
15219
15223
15224
15225
15227
15233
15234
15235
15236
15237
15246
15247
15248
15249
15250
15251
15252
15253
15259
15260
15261
15262
15263
15266
15267
15270
15271
15272
15273
15274
15275
15276
15277
15278
15279
15280
15281
15282
15283
15284
15296
15297
15298
15299
15300
15301
15302
15303
15304
15305
15313
15314
15315
15316
15317
15318
15319
15320
15321
15322
15323
15335
15336
15337
15338
15339
15340
15341
15342
15343
15344
15345
15346
15375
15376
15377
15378
15379
15380
15381
15382
15383
15384
15385
15417
15418
15419
15420
15421
15422
15423
15424
15425
15426
15427
15428
15429
15430
15431
15456
15457
15458
15459
15460
15461
15462
15463
15464
15465
15466
15467
15468
15469
15470
15471
15485
15486
15487
15488
15489
15490
15491
15492
15493
15494
15495
15496
15502
15503
15504
15505
15512
15513
15514
15515
15516
15523
15524
15525
15526
15527
15531
15532
15540
15541
15542
15543
15544
15545
15551
15552
15553
15554
15558
15559
15566
15567
15568
15569
15570
15578
15579
15580
15581
15582
15583
15592
15593
15594
15595
15596
15597
15598
15608
15609
15610
15611
15612
15633
15815
15816
15817
15818
15819
15820
15830
15831
15832
15833
15834
15835
15836
15837
15847
15848
15849
15850
15851
15852
15859
15860
15861
15862
15877
15878
15879
15880
15881
15882
15883
15884
15885
15886
15887
15888
15896
15897
15898
15899
15900
15901
15909
15910
15911
15912
15917
15918
15933
15935
15936
15937
15938
15939
15940
15941
15942
15966
15967
15968
15969
15970
15971
15972
15992
15993
15994
15995
15996
16009
16010
16011
17954
17955
17956
17957
17958
17959
17960
17961
17962
17972
17973
17974
17975
17976
17977
17978
17979
17980
17990
17991
17992
17993
17994
17995
17996
17997
17998
18008
18009
18010
18011
18012
18013
18014
18015
18016
18038
18039
18041
18044
18046
18050
18051
18054
18058
18059
18061
18064
18066
18069
18070
18077
18078
18079
18080
18081
18082
18087
18088
18089
18090
18099
18103
18104
18105
18106
18107
18110
18114
18119
18121
18126
18127
18128
18129
18132
18138
18139
18140
18141
18145
18149
18150
18152
18156
18161
18162
18163
18172
18173
18174
18175
18176
18177
18198
18199
18200
18201
18202
18203
18204
18205
18206
18207
18208
18209
18210
18211
18224
18225
18226
18227
18228
18229
18230
18231
18234
18235
18243
18244
18245
18246
18247
18248
18249
18254
18255
18256
18257
18264
18265
18266
18267
18268
18269
18270
18277
18278
18279
18280
18281
18282
18285
18286
18287
18288
18295
18296
18297
18299
18303
18304
18305
18315
18316
18317
18318
18319
18320
18321
18322
18323
18328
18329
18330
18331
18342
18343
18344
18345
18346
18347
18348
18349
18350
18351
18356
18357
18358
18359
18364
18365
18366
18367
18369
18373
18374
18377
18380
18382
18386
18390
18392
18394
18397
18404
18408
18410
18411
18413
18414
18421
18425
18426
18427
18434
18439
18440
18441
18443
18451
18452
18453
18457
18458
18460
18463
18465
18467
18471
18472
18473
18477
18478
18479
18486
18488
18490
18491
18495
18499
18500
18501
18503
18506
18510
18515
18516
18517
18521
18522
18534
18535
18536
18537
18538
18539
18540
18541
18549
18550
18551
18552
18557
18558
18562
18567
18568
18569
18570
18575
18576
18577
18578
18579
18580
18581
18582
18595
18596
18597
18598
18599
18600
18602
18603
18604
18605
18606
18611
18614
18619
18620
18621
18622
18628
18629
18630
18638
18641
18642
18643
18644
18645
18655
18656
18657
18658
18659
18660
18661
18662
18664
18672
18673
18674
18675
18676
18677
18678
18681
18682
18683
18685
18686
18687
18688
18689
18691
18692
18693
18694
18695
18696
18706
18707
18708
18709
18710
18711
18712
18724
18725
18726
18727
18728
18750
18751
18753
18757
18759
18762
18772
18774
18775
18776
18777
18780
18785
18786
18788
18790
18792
18794
18800
18801
18802
18806
18807
18808
18811
18817
18822
18826
18827
18835
18843
18848
18856
18858
18859
18863
18871
18874
18879
18887
18901
18908
18909
18913
18914
18923
18937
18938
18940
18944
18945
18946
18947
18948
18949
18957
18958
18959
18960
18961
18963
18966
18968
18969
18971
18973
18974
18977
18978
18979
18980
18988
18989
18990
18991
18992
18993
18997
18998
18999
19000
19001
19005
19006
19008
19011
19012
19013
19014
19015
19022
19027
19028
19029
19030
19031
19032
19033
19034
19035
19036
19037
19038
19039
19040
19041
19060
19062
19063
19064
19065
19066
19067
19068
19069
19070
19071
19082
19083
19084
19085
19086
19087
19098
19099
19100
19101
19102
19103
19105
19106
19108
19109
19121
19122
19125
19130
19132
19139
19140
19141
19142
19143
19145
19146
19148
19149
19150
19151
19153
19154
19161
19162
19163
19164
19166
19167
19168
19169
19180
19181
19182
19183
19184
19185
19209
19211
19212
19213
19214
19215
19216
19217
19220
19221
19222
19223
19224
19225
19226
19227
19228
19229
19240
19241
19243
19244
19245
19246
19247
19248
19249
19250
19251
19252
19253
19254
19255
19256
19257
19261
19262
19263
19264
19265
19266
19267
19268
19275
19276
19277
19278
19279
19280
19281
19282
19298
19299
19300
19301
19302
19303
19304
19305
21015
21019
21021
21023
21027
21030
21031
21034
21040
21041
21042
21043
21045
21047
21055
21056
21057
21059
21065
21066
21067
21068
21069
21071
21079
21081
21088
21092
21097
21098
21103
21104
21105
21106
21108
21111
21112
21115
21119
21125
21126
21127
21128
21131
21137
21138
21139
21140
21146
21147
21148
21149
21153
21154
21160
21178
21179
21180
21181
21182
21183
21184
21185
21186
21187
21191
21192
21208
21209
21210
21211
21212
21213
21214
21215
21216
21217
21220
21225
21226
21227
21228
21231
21232
21240
21241
21242
21243
21244
21246
21249
21254
21260
21261
21262
21263
21264
21265
21268
21274
21275
21276
21277
21278
21280
21281
21282
21283
21290
21291
21292
21296
21297
21298
21309
21310
21311
21312
21314
21315
21316
21317
21318
21322
21323
21324
21337
21338
21339
21340
21341
21342
21343
21344
21345
21346
21349
21350
21358
21360
21361
21362
21363
21364
21367
21368
21370
21371
21375
21378
21380
21382
21384
21386
21389
21393
21394
21397
21399
21401
21403
21405
21407
21409
21410
21411
21412
21413
21414
21415
21416
21417
21418
21419
21420
21421
21422
21423
21424
21425
21426
21427
21428
21429
21430
21431
21432
21433
21434
21435
21436
21437
21438
21439
21440
21441
21442
21446
21447
21448
21449
21450
21451
21452
21453
21454
21455
21456
21509
21510
21511
21512
21513
21514
21515
21516
21517
21518
21519
21520
21521
21522
21523
21524
21525
21526
21527
21528
21529
21530
21531
21532
21533
21534
21535
21536
21537
21538
21539
21540
21541
21542
21543
21544
21545
21546
21547
21548
21549
21550
21551
21552
21553
21554
21566
21567
21568
21583
21584
21585
21586
21587
21588
21589
21590
21602
21603
21604
21605
21606
21607
21608
21609
21610
21611
21612
21623
21624
21625
21626
21627
21628
21629
21630
21631
21632
21633
21634
21636
21637
21638
21646
21647
21650
21651
21653
21657
21659
21662
21663
21667
21668
21669
21670
21677
21678
21679
21680
21683
21687
21688
21691
21692
21693
21695
21697
21699
21704
21705
21706
21707
21711
21712
21714
21715
21732
21739
21740
21745
21756
21761
21762
21767
21771
21805
21807
21809
21810
21811
21815
21819
21820
21821
21822
21823
21825
21826
21837
21838
21839
21840
21841
21842
21843
21844
21845
21846
21847
21848
21850
21852
21858
21860
21863
21867
21873
21884
21885
21886
21887
21888
21889
21890
21891
21892
21893
21894
21895
21896
21898
21902
21903
21904
21905
21909
21910
21911
21912
21917
21918
21919
21920
21929
21930
21931
21932
21933
21934
21935
21936
21937
21950
21951
21952
21953
21954
21955
21956
21957
21958
21959
21960
21961
21962
21963
21968
21969
21970
21971
22004
22005
22006
22007
22008
22009
22010
22011
22012
22013
22014
22015
22016
22017
22018
22019
22020
22021
22022
22023
22024
22025
22026
22027
22028
22029
22037
22038
22039
22053
22054
22055
22056
22057
22058
22059
22060
22061
22062
22063
22064
22081
22082
22083
22084
22085
22086
22087
22100
22101
22102
22103
22104
22107
22108
22120
22121
22122
22123
22124
22125
22126
22127
22128
22129
22130
22137
22138
22156
22157
22158
22159
22160
22161
22162
22163
22164
22165
22166
22167
22177
22178
22179
22180
22199
22200
22201
22202
22203
22204
22205
22206
22207
22208
22209
22210
22211
22212
22213
22214
22215
22216
22217
22218
22219
22220
22221
22222
22223
22224
22225
22226
22227
22228
22229
22242
22243
22244
22245
22246
22247
22248
22256
22257
22258
22259
22260
22261
22262
22271
22272
22273
22274
22275
22276
22277
22278
22279
22280
22292
22293
22294
22295
22296
22297
22298
22299
22300
22301
22302
22315
22316
22317
22318
22319
22320
22321
22322
22323
22324
22338
22339
22340
22341
22342
22343
22344
22345
22346
22357
22358
22359
22374
22375
22376
22386
22387
22388
22389
22390
22391
22401
22402
22403
22404
22405
22406
22407
22408
22409
22410
22417
22418
22419
22420
22421
22422
22426
22427
22428
22429
22435
22440
22441
22442
22446
22448
22452
22453
22454
22458
22468
22469
22470
22471
22472
22473
22477
22478
22479
22482
22483
22495
22496
22497
22498
22499
22500
22501
22502
22503
22504
22505
22511
22516
22519
22525
22526
22528
22543
22544
22545
22546
22547
22548
22549
22550
22551
22552
22553
22554
22555
22556
22560
22563
22572
22573
22574
22575
22581
22583
22584
22586
22590
22604
22605
22606
22607
22608
22609
22610
22611
22612
22613
22622
22623
22624
22625
22626
22627
22662
22663
22664
22665
22666
22667
22668
22669
22670
22671
22672
22673
22674
22675
22676
22677
22678
22679
22680
22681
22682
22683
22684
22687
22688
22703
22704
22705
22706
22707
22708
22709
22710
22711
22712
22713
22714
22715
22716
22718
22720
22726
22727
22728
22729
22730
22733
22734
22736
22739
22740
22744
22745
22746
22750
22751
22752
22757
22758
22759
22760
22768
22769
22770
22771
22772
22773
22774
22777
22778
22795
22796
22797
22798
22799
22800
22801
22802
22803
22804
22805
22806
22807
22808
22809
22810
22815
22816
22817
22818
22838
22839
22840
22841
22842
22843
22844
22845
22846
22847
22848
22849
22850
22851
22852
22853
22854
22855
22856
22862
22863
22864
22870
22875
22876
22887
22888
22889
22890
22891
22892
22893
22895
22897
22903
22909
22910
22911
22916
22919
22920
22925
22926
22931
22933
22936
22939
22941
22944
22945
22948
22949
22951
22954
22955
22957
22962
22967
22971
22974
22976
22978
22980
22985
22986
22987
22990
22992
22996
22997
22998
23001
23002
23003
23012
23013
23014
23015
23016
23017
23021
23022
23031
23032
23033
23034
23035
23036
23039
23041
23044
23045
23050
23051
23052
23053
23056
23057
23066
23067
23068
23069
23070
23071
23072
23073
23078
23079
23082
23085
23090
23096
23098
23102
23104
23116
23117
23118
23119
23120
23121
23122
23123
23124
23125
23126
23130
23133
23138
23142
23143
23151
23152
23153
23154
23155
23161
23162
23163
23169
23170
23171
23188
23189
23190
23191
23192
23193
23194
23195
23196
23197
23198
23199
23207
23208
23209
23210
23211
23237
23238
23239
23240
23241
23242
23243
23244
23245
23246
23247
23248
23249
23250
23251
23252
23253
23257
23258
23259
23261
23265
23266
23267
23270
23271
23272
23273
23286
23287
23288
23289
23290
23291
23292
23293
23294
23295
23296
23297
23300
23301
23303
23305
23311
23312
23313
23314
23315
23321
23322
23323
23324
23325
23328
23329
23330
23331
23335
23336
23337
23343
23344
23345
23346
23347
23348
23351
23352
23356
23357
23358
23362
23363
23364
23365
23370
23371
23372
23373
23378
23379
23380
23381
23385
23386
23387
23391
23392
23393
23398
23399
23400
23401
23404
23405
23420
23421
23422
23423
23424
23425
23426
23427
23428
23429
23430
23431
23432
23433
23434
23435
23441
23442
23443
23444
23445
23449
23450
23451
23452
23453
23454
23472
23473
23474
23475
23476
23477
23478
23479
23480
23481
23482
23483
23484
23485
23486
23487
23488
32705
32706
32707
32708
32709
32710
32711
32722
32723
32724
32725
32726
32738
32739
32740
32741
32742
32743
32759
32761
32762
39762
39764
39765
39766
39767
39768
39769
39773
39774
39775
39776
39777
39778
39779
39781
39793
39794
39795
39796
39797
39798
39892
39901
39902
39905
39928
39929
39931
39944
39945
39946
39950
39952
39962
39968
39969
39970
39971
40015
40022
40023
40024
40029
40030
40032
40033
40041
40104
40111
40113
40114
40120
40121
40123
40134
40135
40136
40156
40157
40158
40174
40202
40208
40224
40228
40278
40281
40296
40302
40303
40304
40310
40311
40313
40314
40320
40323
40324
40342
40343
40344
40345
40374
40375
40376
40377
40378
40379
40380
40381
40382
40388
40389
40390
40391
40392
40412
40413
40414
40415
40416
40417
40418
40420
40421
40431
40432
40433
40434
40435
40436
40437
40438
40445
40446
40447
40448
40449
40450
40451
40452
40457
40458
40459
40460
40461
40462
40463
40464
40465
40466
40467
40488
40489
40490
40491
40492
40493
40498
40503
40504
40505
40506
40510
40522
40524
40543
40544
40545
40546
40548
40549
40550
40551
40552
40554
40555
40572
40575
40576
40583
40590
40591
40592
40593
40594
40595
40596
40597
40598
40603
40605
40606
40607
40609
40610
40615
40616
40617
40619
40753
40757
40758
40762
40784
40786
40797
40801
40802
40803
40804
40810
40813
40814
40815
40816
40861
40863
40864
40865
40866
40876
40877
40882
40940
40942
40943
40945
40950
40958
40959
40960
40974
40975
40976
40989
41000
41014
41028
41061
41065
41079
41080
41082
41083
41088
41093
41094
41096
41099
41101
41122
41123
41124
41125
41133
41134
41135
41136
41137
41138
41139
41140
41141
41157
41158
41159
41160
41161
41179
41180
41182
41183
41184
41185
41186
41187
41191
41192
41193
41200
41201
41202
41203
41204
41205
41206
41207
41208
41209
41210
41211
41212
41213
41214
41215
41216
41217
41218
41219
41220
41221
41232
41243
41244
41245
41246
41247
41248
41251
41258
41259
41260
41261
41267
41269
41297
41298
41299
41300
41302
41303
41304
41305
41306
41307
41318
41321
41322
41323
41324
41325
41326
41329
41330
41331
41332
41333
41338
41343
41346
41347
41348
41349
41350
41355
41356
41569
41570
41571
41572
41573
41574
41575
41576
41577
41578
41579
41580
41581
41582
41583
41584
41585
41586
41587
41625
41626
41627
41628
41653
41654
41655
41656
41657
41658
41659
41660
41661
41662
41663
41664
41665
41666
41706
41708
41709
41710
41711
41712
41713
41714
41794
41795
41796
41797
41798
41799
41800
41801
41828
41830
41831
41832
41833
41834
41835
41836
41837
41846
41847
41848
41849
41850
41851
41884
41885
41886
41887
41888
41889
41890
41891
41892
41893
41922
41923
41924
41925
41926
41927
41928
41929
41930
41931
41932
41933
41934
41935
41936
41937
41938
41939
41940
41941
41942
41943
42030
42031
42032
42033
42034
42035
42036
42037
42038
42039
42040
42041
42042
42043
42044
42045
42046
42047
42048
42049
42050
42051
42052
42053
42054
42055
42056
42057
42079
42080
42081
42082
42083
42084
42085
42086
42087
42088
42089
42090
42091
42092
42093
42094
42095
42102
42105
42106
42107
42108
42109
42110
42111
42112
42164
42165
42166
42167
42168
42169
42179
42180
42181
42182
42183
42184
42185
42195
42197
42198
42199
42200
42201
42202
42267
42269
42270
42271
42272
42337
42339
42340
42487
42488
42489
42490
42491
42492
42493
42494
42495
42496
42497
42498
42511
42512
42513
42514
42515
42516
42517
42524
42525
42526
42527
50880
50881
50882
50883
50893
50894
50895
50896
50901
50902
50903
50904
50907
50908
50909
50910
50915
50918
50919
50920
50925
50926
50927
50928
50966
50967
50968
50972
50973
50975
50976
50977
50983
50985
50990
50992
50994
50995
51001
51003
51006
51011
51012
51023
51024
51025
51027
51028
51029
51030
51032
51033
51034
51035
51037
51038
51039
51040
51041
51042
51043
51045
51049
51050
51051
51053
51055
51063
51065
51076
51077
51080
51081
51083
51084
51086
51092
51093
51095
51098
51099
51100
51101
51102
51103
51104
51105
51106
51107
51117
51122
51126
51128
51131
51132
51133
51134
51135
51136
51137
51138
51139
51160
51161
51162
51163
51164
51165
51166
51167
51168
51169
51170
51171
51172
51173
51174
51175
51176
51177
51178
51179
51180
51181
51182
51183
51184
51185
51186
51187
51188
51189
51190
51191
51192
51193
51194
51195
51196
51197
51198
51199
51200
51201
51202
51203
51204
51205
51206
51207
51208
51209
51210
51211
51212
51213
51214
51215
51216
51217
51218
51219
51220
51221
51222
51223
51224
51225
51226
51227
51228
51229
51230
51231
51232
51233
51234
51235
51236
51237
51238
51239
51240
51241
51242
51243
51244
51245
51246
51247
51248
51249
51250
51251
51266
51267
51268
51269
51270
51271
51272
51273
51274
51275
51276
51277
51278
51279
51280
51281
51298
51299
51300
51301
51302
51303
51304
51305
51312
51313
51314
51315
51316
51317
51318
51319
51320
51321
51333
51334
51340
51341
51342
51343
51344
51345
51346
51347
51348
51349
51350
51351
51352
51353
51354
51355
51356
51357
51358
51359
51360
51361
51362
51363
51385
51386
51387
51388
51389
51390
51391
51392
51393
51394
51395
51396
51397
51398
51411
51412
51420
51421
51422
51423
51424
51425
51426
51427
51428
51429
51430
51431
51432
51433
51434
51435
51436
51437
51438
51439
51440
51441
51442
51443
51444
51445
51446
51447
51448
51449
51457
51458
51459
51460
51461
51462
51463
51464
51468
51469
51473
51474
51481
51482
51483
51484
51485
51486
51487
51488
51489
51490
51511
51512
51513
51514
51515
51516
51517
51518
51519
51520
51521
51522
51523
51524
51525
51526
51527
51528
51529
51530
51531
51532
51533
51732
51733
51734
51735
51736
51737
51738
51739
51740
51741
51742
51743
51744
51748
51749
51846
51847
51848
51849
51850
51851
51852
51853
51854
51855
51856
51857
51858
51859
51860
51861
51862
51863
51864
51865
51866
51867
51868
51869
51870
51873
51874
51875
51876
51877
51878
51879
51880
51881
51882
51883
51884
51885
51886
51887
51888
51889
51890
51891
51892
51893
51894
51895
51906
51907
51908
51909
51910
51911
51912
51913
51914
51915
51916
51917
51918
51919
51920
51921
51922
51923
51924
51925
51926
51927
51928
51929
51930
51953
51954
51955
51956
51957
51958
51959
51960
51961
51962
51963
51964
51965
51966
51967
51968
51969
51970
51971
51972
51973
51974
51975
51976
51998
51999
52000
52001
52002
52003
52004
52005
52006
52007
52008
52009
52010
52011
52012
52013
52014
52015
52016
52017
52018
52019
52038
52039
52040
52041
52042
52043
52044
52045
52046
52047
52048
52049
52050
52051
52052
52053
52054
52055
52056
52057
52138
52139
52140
52141
52142
52143
52144
52145
52162
52163
52164
52165
52166
52167
52168
52169
52170
52171
52172
52173
52174
52175
52176
52177
52178
52179
52180
52181
52182
52183
52184
52186
52193
52194
52195
52196
52197
52198
52199
52200
52201
52202
52203
52204
52205
52206
52207
52208
52209
52210
52211
52212
52213
52214
52215
52216
52217
52218
52219
52220
52221
52222
52223
52224
52225
52226
52227
52228
52229
52230
52231
52235
52236
52237
52238
52239
52240
52241
52242
52243
52244
52245
52246
52247
52248
52249
52250
52251
52252
52253
52254
52255
52256
52257
52258
52259
52260
52261
52262
52263
52264
52265
52266
52267
52268
52269
52270
52271
52272
52273
52274
52275
52276
52277
52278
52279
52280
52281
52282
52283
52284
52285
52286
52287
52288
52289
52290
52291
52292
52293
52294
52295
52296
52297
52298
52299
52300
52301
52302
52303
52304
52305
52306
52307
52308
52309
52310
52311
52312
52313
52314
52315
52316
52317
52318
52319
52320
52321
52322
52323
52324
52325
52326
52327
52328
52329
52330
52331
52332
52333
52334
52335
52336
52337
52338
52339
52340
52341
52342
52343
52344
52345
52346
52347
52348
52349
52350
52351
52352
52353
52354
52355
52356
52357
52358
52359
52360
52361
52362
52363
52364
52365
52366
52367
52368
52369
52370
52371
52372
52373
52374
52375
52376
52377
52378
52379
52380
52381
52382
52383
52384
52385
52386
52387
52388
52389
52390
52391
52392
52393
52394
52395
52396
52397
52398
52399
52400
52401
52402
52403
52404
52405
52406
52407
52408
52409
52410
52411
52412
52413
52414
52415
52416
52427
52428
52429
52430
52431
52432
52433
52434
52435
52436
52437
52438
52439
52440
52441
52442
52443
52444
52445
52459
52460
52461
52462
52463
52464
52465
52466
52467
52468
52469
52470
52471
52472
52486
52487
52488
52489
52490
52491
52492
52493
52494
52495
52497
52506
52507
52508
52509
52510
52511
52512
52517
52518
52519
52520
52521
52522
52523
52533
52534
52535
52536
52537
52538
52540
52542
52543
52544
52545
52547
52549
52550
52553
52554
52556
52557
52559
52560
52561
52563
52564
52565
52570
52571
52576
52578
52579
52580
52581
52582
52583
52584
52585
52587
52591
52592
52593
52594
52595
52596
52597
52598
52602
52603
52607
52609
52610
52611
52612
52616
52617
52618
52620
52622
52624
52626
52627
52628
52630
52631
52633
52635
52637
52638
52645
52646
52647
52648
52653
52654
52655
52656
52657
52658
52660
52676
52677
52678
52679
52680
52681
52682
52683
52684
52687
52688
52689
52690
52691
52692
52693
52697
52698
52699
52700
52701
52702
52718
52719
52720
52721
52722
52723
52724
52725
52729
52733
52734
52735
52736
52737
52738
52739
52741
52742
52744
52801
52802
52803
52804
52805
52813
52814
52815
52816
52817
52818
52819
52820
52821
52822
52823
52824
52825
52826
52829
52830
52831
52832
52833
52834
52835
52836
52837
52838
52839
52840
52841
52842
52843
52844
52845
52846
52847
52848
52849
52850
52851
52852
52853
52854
52855
52856
52857
52858
52860
52861
52863
52869
52870
52871
52873
52874
52875
52880
52889
52894
52897
52906
52908
52910
52911
52916
52917
52918
52919
52921
52922
52931
52933
52938
52940
52943
52945
52950
52954
52960
52969
52970
52971
52980
52983
52984
52985
52986
52989
52990
52991
52993
52994
52995
53002
53004
53006
53007
53008
53026
53027
53029
53030
53031
53033
53034
53036
53037
53051
53068
53070
53072
53077
53078
53082
53086
53088
53089
53092
53094
53097
53101
53102
53103
53104
53105
53106
53107
53108
53109
53110
53118
53124
53134
53140
53144
53151
53152
53153
53155
53174
53175
53176
53181
53184
53185
53189
53194
53197
53204
53205
53206
53207
53208
53209
53223
53224
53228
53229
53230
53231
53244
53245
53246
53256
53257
53258
53259
53261
53262
53263
53264
53265
53266
53268
53269
53270
53271
53273
53274
53275
53277
53278
53279
53280
53281
53283
53284
53285
53287
53288
53290
53291
53292
53293
53294
53296
53297
53298
53299
53300
53302
53303
53304
53306
53307
53308
53309
53310
53311
53313
53314
53315
53316
53318
53319
53320
53327
53328
53329
53330
53333
53334
53335
53336
53341
53346
53347
53349
53356
53357
53358
53359
53360
53362
53363
53365
53367
53371
53372
53373
53375
53376
53377
53379
53380
53381
53392
53393
53396
53397
53402
53403
53408
53409
53412
53414
53415
53416
53418
53419
53423
53427
53428
53429
53431
53432
53434
53444
53445
53446
53447
53448
53462
53467
53468
53469
53470
53471
53490
53491
53492
53493
53494
53506
53507
53508
53509
53510
53511
53512
53514
53515
53516
53518
53519
53520
53521
53523
53524
53526
53528
53529
53535
53536
53537
53538
53540
53541
53542
53544
53545
53546
53547
53551
53552
53554
53557
53558
53560
53565
53567
53568
53569
53571
53572
53573
53574
53575
53577
53580
53582
53586
53588
53589
53590
53591
53592
53593
53594
53595
53596
53597
53598
53599
53600
53601
53610
53611
53617
53618
53620
53621
53629
53630
53633
53638
53640
53644
53645
53646
53647
53648
53649
53650
53651
53652
53653
53654
53655
53658
53661
53663
53673
53678
53679
53680
53681
53682
53683
53684
53685
53686
53687
53693
53696
53700
53707
53713
53714
53715
53716
53717
53718
53719
53721
53723
53729
53734
53735
53736
53737
53738
53739
53740
53754
53758
53759
53770
53771
53772
53773
53774
53775
53776
53777
53778
53779
53780
53781
53782
53783
53784
53785
53786
53787
53788
53789
53790
53791
53792
53798
53800
53814
53819
53830
53836
53837
53838
53839
53840
53845
53849
53850
53851
53852
53853
53854
53855
53856
53857
53858
53859
53860
53861
53862
53863
53864
53865
53866
53867
53868
53872
53875
53876
53898
53899
53900
53901
53902
53903
53923
53924
53925
53926
53927
53928
53929
53930
53931
53932
53933
53937
53938
53939
53940
53941
53942
53943
53944
53948
53949
53950
53951
53952
53953
53954
53955
53956
53957
53958
53959
53960
53961
53962
53963
53979
53980
53981
53982
53983
53984
53985
53986
53987
53988
53989
53990
53991
53992
53993
53994
53995
53996
53997
53998
53999
54000
54001
54002
54003
54004
54005
54006
54007
54008
54009
54010
54011
54012
54013
54014
54015
54016
54017
54018
54019
54020
54021
54022
54023
54024
54025
54026
54027
54028
54029
54031
54032
54033
54035
54036
54037
54038
54039
54040
54041
54042
54043
54044
54046
54047
54048
54049
54052
54053
54054
54055
54056
54057
54058
54059
54060
54061
54063
54064
54065
54069
54071
54072
54073
54074
54076
54077
54078
54079
54080
54081
54083
54084
54085
54086
54087
54088
54089
54090
54091
54092
54093
54094
54095
54110
54111
54112
54113
54114
54115
54116
54117
54118
54119
54120
54121
54122
54123
54124
54125
54126
54127
54128
54129
54130
54131
54132
54133
54134
54135
54136
54137
54138
54140
54141
54142
54143
54144
54145
54146
54147
54148
54149
54150
54151
54152
54153
54154
54155
54157
54158
54159
54160
54161
54162
54164
54165
54166
54168
54169
54170
54171
54172
54173
54174
54175
54176
54177
54178
54179
54180
54181
54182
54191
54192
54193
54194
54195
54196
54197
54203
54204
54205
54207
54208
54209
54210
54211
54212
54213
54214
54215
54216
54217
54218
54219
54220
54221
54222
54223
54224
54225
54226
54227
54228
54229
54230
54231
54232
54233
54234
54235
54236
54237
54238
54239
54240
54241
54242
54243
54244
54245
54250
54254
54258
54259
54260
54261
54262
54263
54264
54265
54266
54267
54268
54269
54270
54271
54272
54273
54274
54275
54276
54277
54278
54279
54280
54281
54282
54283
54286
54289
54293
54296
54297
54298
54299
54300
54301
54302
54303
54304
54305
54306
54307
54308
54309
54310
54311
54312
54313
54314
54315
54316
54317
54318
54319
54320
54321
54322
54323
54324
54325
54326
54327
54328
54329
54330
54331
54332
54333
54334
54335
54336
54339
54343
54346
54352
54354
54357
54362
54363
54367
54370
54375
54377
54380
54384
54385
54386
54387
54388
54389
54390
54391
54392
54393
54394
54395
54396
54397
54398
54399
54400
54401
54402
54403
54404
54405
54406
54407
54408
54409
54410
54411
54412
54413
54414
54415
54416
54417
54418
54419
54420
54421
54422
54423
54424
54425
54426
54427
54428
54429
54430
54431
54432
54433
54434
54435
54436
54437
54475
54476
54477
54478
54494
54495
54516
54517
54518
54519
54520
54521
54522
54523
54535
54536
54537
54538
54539
54540
54541
54542
54546
54547
54548
54549
54550
54551
54552
54553
54554
54555
54556
54557
54558
54559
54560
54561
54562
54563
54564
54565
54566
54567
54568
54569
54570
54589
54590
54591
54592
54593
54594
54595
54596
54597
54598
54599
54600
54601
54602
54603
54604
54605
54606
54607
54608
54609
54610
54611
54612
54619
54620
54621
54622
54623
54624
54625
54626
54627
54628
54629
54630
54631
54655
54656
54657
54658
54704
54705
54706
54707
54724
54725
54726
54727
54728
54738
54753
54754
54755
54756
54757
54758
54776
54786
54787
54788
54789
54800
54801
54802
54803
54804
54805
54806
54807
54808
54816
54817
54818
54835
54836
54837
54838
54839
54840
54841
54842
54843
54844
54845
54846
54847
54848
54853
54854
54857
54867
54868
54869
54870
54871
54877
54878
54879
54880
54901
54905
54909
54910
54911
54915
54925
54926
54927
54928
54929
54930
54937
54938
54939
54949
54950
54951
54952
54953
54954
54955
54956
54957
54963
54964
54965
54966
54967
54968
54969
54970
54971
54972
54973
54974
54978
54979
54980
54981
54982
54983
54986
54987
54991
54992
54993
54994
54995
54996
54997
54998
54999
55000
55004
55005
55006
55007
55011
55012
55013
55014
55021
55022
55023
55024
55025
55026
55027
55028
55029
55030
55031
55032
55033
55034
55035
55036
55037
55038
55039
55040
55041
55042
55043
55113
55114
55141
55142
55143
55144
55145
55170
55171
55207
55208
55209
55210
55211
55212
55213
55214
55215
55216
55217
55218
55219
55220
55221
55222
55223
55224
55225
55226
55227
55228
55229
55230
55292
55293
55294
55295
55296
55305
55306
55307
55308
55309
55310
55311
55312
55313
55314
55315
55316
55317
55318
55319
55320
55321
55322
55323
55324
55325
55326
55327
55328
55329
55330
55331
55362
55363
55364
55365
55366
55367
55368
55369
55370
55371
55372
55373
55374
55375
55376
55377
55378
55379
55380
55381
55382
55383
55401
55402
55403
55404
55405
55406
55407
55408
55409
55410
55411
55412
55413
55414
55415
55416
55423
55424
55425
55426
55427
55428
55429
55430
55431
55432
55433
55434
55435
55436
55437
55438
55439
55440
55441
55442
55443
55444
55445
55446
55447
55448
55449
55450
55451
55452
55453
55454
55455
55456
55457
55458
55459
55460
55461
55462
55463
55464
55465
55466
55467
55468
55469
55470
55497
55498
55499
55500
55501
55502
55503
55504
55505
55506
55507
55508
55509
55510
55511
55512
55513
55514
55515
55516
55517
55518
55519
55520
55521
55522
55523
55524
55525
55526
55527
55528
55529
55530
55531
55532
55533
55534
55536
55537
55540
55544
55556
55558
55559
55561
55563
55564
55565
55566
55569
55578
55580
55581
55583
55584
55585
55595
55596
55597
55598
55599
55609
55610
55611
55612
55613
55614
55615
55616
55617
55618
55619
55620
55621
55622
55623
55624
55625
55626
55627
55628
55629
55630
55631
55632
55633
55634
55635
55636
55637
55638
55639
55640
55641
55642
55643
55653
55654
55655
55656
55657
55658
55668
55669
55670
55671
55672
55673
55680
55681
55682
55702
55703
55704
55705
55706
55711
55712
55713
55714
55715
55716
55717
55718
55719
55730
55731
55740
55741
55742
55743
55744
55745
55746
55751
55752
55764
55765
55768
55773
55776
55783
55794
55800
55806
55813
55814
55815
55816
55817
55818
55819
55840
55842
55878
55879
55880
55881
55882
55883
55884
55893
55894
55895
55896
55907
55918
55919
55920
55921
55922
55923
55924
55925
55926
55927
55928
55929
55940
55941
55942
55943
55944
55945
56141
56371
56920
57176
57177
57178
57179
57180
57192
57345
57370
57477
57478
57479
57480
57528
57799
57899
57901
57903
57905
57906
57938
57939
57940
57941
57943
57949
57950
57951
57952
57953
57954
57955
57956
57957
57958
57959
57960
57961
57962
57963
57964
57965
57966
57967
57968
57969
57970
57971
57972
57973
57974
57975
57976
57977
57978
57979
57980
57981
57982
57983
57984
57985
57986
57987
57988
57991
57992
57993
57995
57997
57998
58001
58002
58005
58006
58009
58010
58012
58013
58014
58015
58016
58019
58021
58022
58023
58025
58026
58027
58031
58035
58036
58037
58038
58039
58040
58042
58043
58044
58045
58048
58049
58050
58051
58057
58058
58059
58061
58067
58068
58069
58070
58071
58073
58074
58076
58077
58081
58082
58084
58085
58086
58087
58088
58089
58090
58091
58094
58095
58096
58101
58102
58103
58104
58105
58106
58107
58111
58112
58113
58114
58115
58116
58117
58124
58126
58127
58131
58134
58135
58136
58137
58138
58139
58140
58142
58146
58147
58148
58152
58153
58154
58155
58156
58158
58159
58161
58164
58165
58170
58171
58172
58173
58174
58175
58177
58178
58180
58181
58182
58183
58187
58188
58189
58192
58197
58198
58200
58201
58202
58203
58204
58205
58206
58209
58213
58214
58215
58216
58217
58218
58219
58221
58223
58224
58231
58232
58239
58240
58241
58242
58246
58247
58248
58249
58250
58251
58252
58253
58254
58259
58260
58261
58262
58264
58268
58269
58270
58284
58285
58286
58287
58288
58290
58295
58296
58297
58298
58299
58300
58301
58303
58311
58312
58313
58314
58315
58316
58317
58318
58319
58320
58321
58322
58324
58329
58330
58331
58332
58334
58344
58345
58346
58347
58348
58349
58350
58351
58352
58363
58365
58366
58367
58368
58369
58370
58382
58383
58384
58385
58386
58387
58388
58395
58396
58397
58398
58399
58400
58401
58402
58408
58409
58410
58411
58412
58413
58414
58415
58416
58417
58418
58419
58424
58425
58426
58427
58429
58431
58433
58434
58437
58438
58441
58442
58445
58446
58448
58449
58450
58451
58453
58455
58457
58458
58459
58461
58463
58464
58467
58471
58472
58473
58474
58475
58476
58478
58479
58480
58481
58484
58485
58486
58487
58492
58493
58495
58497
58503
58504
58505
58506
58507
58509
58510
58512
58513
58517
58518
58520
58521
58522
58523
58524
58525
58526
58527
58530
58531
58532
58537
58538
58539
58540
58541
58542
58543
58548
58550
58551
58552
58553
58554
58555
58556
58562
58563
58567
58570
58571
58572
58573
58574
58575
58576
58578
58581
58582
58586
58587
58588
58589
58590
58592
58593
58595
58597
58602
58603
58604
58605
58606
58607
58609
58610
58612
58613
58614
58618
58619
58620
58623
58626
58628
58629
58630
58631
58632
58635
58639
58640
58641
58642
58643
58644
58645
58652
58653
58660
58661
58662
58663
58666
58667
58668
58669
58670
58671
58672
58673
58678
58679
58680
58681
58693
58695
58696
58697
58698
58699
58701
58706
58707
58708
58709
58710
58711
58712
58714
58716
58724
58725
58726
58727
58728
58729
58730
58731
58732
58733
58734
58735
58737
58742
58743
58744
58745
58747
58757
58758
58759
58760
58761
58762
58763
58764
58765
58770
58776
58777
58785
58786
58787
58788
58789
58794
58795
58796
58797
58798
58799
58806
58807
58808
58809
58810
58811
58812
58813
58817
58818
58819
58820
58821
58822
58823
58824
58825
58826
58831
58832
58833
58834
58835
58836
58838
58840
58841
58843
58845
58847
58849
58854
58855
58856
58857
58860
58861
58864
58865
58866
58867
58868
58870
58871
58872
58873
58875
58876
58877
58880
58881
58883
58884
58885
58890
58891
58892
58893
58898
58899
58900
58901
58904
58907
58911
58913
58916
58917
58918
58919
58920
58921
58922
58923
58924
58925
58928
58931
58933
58934
58935
58936
58937
58940
58942
58943
58944
58945
58948
58949
58956
58957
58958
58959
58960
58961
58967
58968
58969
58970
58971
58977
58978
58979
58980
58981
58985
58986
58987
58996
58997
58998
58999
59000
59001
59002
59003
59007
59008
59009
59017
59018
59019
59020
59021
59022
59023
61177
61178
61179
61180
61181
61182
61183
61184
61185
61186
61187
61188
61189
61190
61191
61192
61193
61194
61195
61196
61197
61198
61199
61200
61201
61202
61203
61204
61205
61206
61207
61208
61209
61210
61211
61212
61215
61217
61218
61219
61447
61448
61449
61450
61451
61452
61453
61454
61455
61461
61462
61463
61464
61465
61466
61467
61468
61469
61470
61471
61484
61485
61486
61487
61488
61489
61490
61491
61492
61493
61494
61505
61506
61507
61508
61509
61510
61511
61512
61521
61522
61523
61524
61525
61526
61558
61559
61561
61563
61565
61567
61570
61571
61572
61577
61579
61581
61583
61584
61585
61589
61592
61593
61594
61596
61597
61598
61599
61601
61602
61605
61606
61609
61613
61614
61615
61616
61617
61618
61619
61620
61621
61622
61623
61625
61629
61630
61632
61633
61634
61635
61638
61639
61642
61643
61644
61645
61646
61647
61649
61651
61652
61656
61657
61661
61663
61664
61665
61666
61671
61676
61677
61678
61679
61680
61681
61682
61683
61684
61686
61687
61688
61689
61691
61692
61693
61694
61695
61697
61698
61699
61701
61703
61704
61705
61706
61708
61710
61711
61712
61715
61716
61717
61718
61719
61720
61721
61727
61728
61733
61734
61739
61740
61742
61749
61750
61751
61752
61753
61754
61764
61765
61766
61767
61768
61769
61770
61771
61772
61773
61775
61776
61780
61782
61783
61784
61785
61786
61787
61789
61790
61792
61797
61798
61799
61800
61801
61802
61806
61808
61809
61810
61811
61812
61813
61814
61815
61817
61818
61819
61820
61821
61822
61823
61824
61825
61827
61832
61833
61834
61835
61836
61837
61843
61844
61845
61846
61847
61848
61849
61850
61854
61859
61864
61865
61866
61867
61868
61869
61870
61871
61872
61873
61874
61875
61876
61877
61878
61879
61890
61894
61896
61898
61899
61900
61901
61905
61906
61907
61908
61909
61910
61911
61912
61913
61914
61919
61923
61924
61925
61926
61927
61933
61936
61937
61938
61939
61940
61941
61942
61943
61944
61945
61946
61947
61948
61949
61952
61953
61955
61957
61958
61959
61964
61965
61966
61967
61971
61972
61973
61977
61978
61979
61980
61981
61983
61984
61985
61987
61988
61990
61992
61993
61994
61996
61998
61999
62000
62001
62007
62008
62009
62010
62011
62016
62017
62018
62019
62024
62025
62027
62028
62029
62031
62032
62033
62035
62036
62037
62039
62040
62042
62043
62045
62046
62047
62048
62049
62050
62052
62058
62059
62060
62061
62062
62063
62064
62069
62070
62071
62072
62076
62077
62078
62079
62080
62081
62082
62083
62084
62085
62086
62089
62097
62098
62099
62100
62101
62102
62103
62104
62105
62106
62113
62114
62115
62116
62117
62118
62119
62120
62144
62145
62146
62147
62148
62149
62160
62161
62162
62163
62164
62165
62166
62167
62168
62169
62170
62171
62178
62179
62180
62181
62182
62183
62184
62185
62186
62187
62188
62189
62190
62191
62192
62193
62194
62195
62196
62197
62202
62203
62204
62205
62221
62227
62233
62245
62246
62247
62248
62249
62250
62254
62255
62256
62257
62258
62259
62260
62261
62262
62263
62274
62276
62278
62279
62280
62281
62282
62283
62284
62285
62286
62287
62288
62289
62290
62291
62292
62293
62294
62296
62298
62301
62302
62313
62323
62324
62325
62326
62327
62328
62329
62330
62331
62332
62333
62334
62335
62336
62337
62338
62339
62340
62341
62342
62343
62344
62345
62346
62347
62348
62349
62350
62351
62352
62353
62354
62357
62358
62359
62360
62362
62364
62376
62377
62378
62379
62380
62381
62382
62383
62384
62385
62386
62387
62390
62413
62414
62415
62416
62417
62418
62419
62420
62421
62422
62423
62424
62425
62426
62427
62428
62429
62430
62431
62432
62433
62441
62443
62452
62453
62457
62464
62466
62477
62478
62479
62480
62481
62482
62483
62484
62495
62496
62497
62498
62499
62500
62501
62502
62503
62504
62505
62506
62507
62508
62509
62512
62513
62522
62523
62524
62525
62536
62537
62538
62539
62540
62541
62542
62543
62544
62545
62546
62547
62548
62549
62550
62551
62552
62553
62554
62555
62556
62557
62558
62559
62560
62561
62571
62572
62573
62574
62575
62576
62577
62578
62579
62580
62581
62582
62583
62584
62585
62586
62587
62588
62589
62590
62591
62592
62593
62594
62595
62596
62603
62604
62605
62606
62836
62837
62838
62839
62840
62841
62842
62843
62844
62845
62846
62847
62848
62849
62850
62851
62852
62853
62854
62855
62856
62857
62858
62859
62860
62861
62862
62863
62864
62865
62866
62867
62868
62869
62870
62871
62872
62873
62874
62875
62876
62877
62878
62879
62880
62881
62882
62883
62884
62885
62886
62887
62888
62889
62890
62891
62892
62893
62894
62895
62896
62897
62898
62899
62900
62901
62902
62903
62904
62905
62906
62907
62908
62909
62910
62911
62912
62913
62914
62915
62916
62917
62918
62919
62920
62921
62961
62962
62963
62964
62965
62974
62975
62976
62977
62978
62979
62980
62981
62982
62987
62988
62989
62990
62991
62994
62995
62996
62997
62998
62999
63000
63001
63004
63005
63006
63008
63009
63011
63014
63018
63019
63023
63024
63025
63026
63028
63029
63030
63031
63033
63045
63046
63047
63049
63051
63053
63055
63056
63058
63061
63062
63067
63068
63069
63073
63074
63078
63079
63081
63084
63085
63090
63095
63097
63100
63101
63108
63109
63110
63111
63122
63123
63125
63126
63127
63128
63130
63131
63132
63133
63134
63136
63137
63138
63139
63141
63142
63144
63145
63147
63148
63149
63150
63151
63152
63153
63154
63156
63157
63159
63161
63162
63166
63167
63172
63173
63174
63176
63177
63178
63179
63180
63181
63182
63183
63184
63186
63191
63192
63193
63194
63195
63196
63198
63202
63203
63204
63205
63214
63216
63217
63233
63235
63236
63237
63241
63242
63244
63249
63251
63254
63255
63256
63257
63258
63259
63260
63261
63262
63268
63269
63270
63271
63272
63273
63274
63278
63282
63283
63284
63288
63289
63290
63291
63292
63293
63294
63295
63300
63306
63311
63315
63319
63321
63323
63324
63325
63326
63327
63328
63332
63333
63334
63335
63336
63337
63351
63359
63360
63362
63364
63365
63367
63372
63373
63374
63375
63376
63377
63378
63379
63380
63381
63382
63386
63388
63389
63390
63391
63392
63393
63406
63407
63408
63409
63410
63411
63412
63413
63414
63415
63416
63417
63418
63419
63420
63421
63422
63424
63425
63426
63427
63428
63429
63431
63432
63433
63434
63435
63436
63437
63438
63439
63441
63442
63443
63445
63447
63448
63449
63450
63451
63453
63454
63455
63456
63457
63458
63461
63462
63463
63464
63465
63466
63467
63468
63474
63475
63476
63478
63479
63484
63485
63487
63488
63493
63494
63496
63500
63501
63502
63503
63504
63505
63506
63507
63508
63510
63511
63512
63513
63515
63517
63518
63519
63520
63521
63522
63523
63528
63529
63530
63531
63532
63533
63534
63535
63536
63537
63553
63554
63555
63556
63557
63558
63559
63560
63561
63562
63563
63564
63565
63566
63567
63568
63569
63570
63571
63572
63573
63574
63575
63576
63578
63579
63581
63585
63587
63588
63589
63590
63591
63592
63593
63594
63596
63597
63598
63599
63601
63602
63604
63610
63611
63612
63613
63614
63615
63616
63617
63618
63619
63620
63621
63622
63623
63625
63626
63630
63631
63633
63634
63635
63636
63637
63638
63639
63640
63641
63643
63644
63645
63646
63647
63648
63649
63650
63651
63652
63653
63654
63655
63656
63657
63658
63659
63660
63661
63662
63663
63664
63670
63671
63672
63673
63674
63675
63681
63682
63683
63684
63685
63686
63687
63688
63689
63693
63694
63695
63699
63705
63709
63714
63715
63716
63717
63718
63719
63720
63721
63722
63723
63724
63725
63726
63727
63728
63729
63730
63731
63732
63733
63742
63743
63744
63745
63746
63747
63748
63749
63750
63751
63752
63753
63754
63755
63756
63757
63758
63759
63760
63761
63762
63763
63764
63765
63766
63767
63768
63769
63770
63774
63777
63779
63780
63781
63782
63783
63787
63788
63789
63790
63791
63792
63793
63794
63795
63796
63797
63798
63799
63800
63801
63802
63814
63817
63818
63822
63826
63827
63831
63834
63835
63836
63837
63838
63839
63840
63841
63842
63843
63844
63845
63846
63847
63848
63849
63850
63851
63852
63853
63854
63855
63856
63857
63858
63859
63860
63862
63864
63866
63867
63868
63872
63873
63874
63878
63879
63880
63884
63885
63886
63887
63888
63890
63891
63892
63894
63896
63897
63898
63899
63903
63904
63905
63906
63907
63912
63913
63914
63915
63920
63921
63922
63926
63927
63929
63930
63931
63932
63934
63935
63936
63938
63939
63941
63942
63943
63944
63945
63946
63951
63952
63953
63954
63958
63959
63960
63961
63965
63966
63967
63968
63969
63970
63971
63972
63973
63974
63975
63984
63985
63986
63987
63988
63989
63990
63991
63997
63998
63999
64000
64001
64002
64003
64004
64030
64031
64032
64033
64048
64049
64050
64051
64052
64053
64054
64055
64060
64061
64062
64063
64064
64065
64066
64067
64084
64085
64086
64087
64088
64089
64090
64091
64092
64093
64094
64095
64096
64097
64098
64099
64100
64101
64102
64103
64104
64105
64110
64111
64112
64113
64118
64119
64120
64121
64122
64123
64124
64125
64126
64127
64128
64129
64130
64131
64132
64133
64134
64135
64136
64137
64155
64156
64157
64158
64163
64169
64179
64196
64197
64198
64199
64200
64216
64217
64218
64219
64220
64221
64222
64223
64224
64225
64226
64227
64233
64234
64235
64236
64237
64238
64239
64240
64241
64242
64243
64244
64245
64246
64269
64270
64271
64273
64276
64278
64279
64280
64281
64282
64283
64284
64285
64286
64287
64288
64289
64290
64291
64292
64293
64294
64295
64296
64297
64298
64299
64300
64301
64302
64303
64304
64305
64306
64307
64308
64309
64310
64330
64331
64332
64333
64335
64337
64338
64343
64344
64345
64346
64352
64353
64354
64355
64356
64357
64358
64368
64381
64382
64383
64384
64385
64386
64387
64388
64389
64390
64391
64392
64393
64394
64395
64396
64397
64398
64399
64400
64401
64402
64403
64404
64405
64406
64407
64408
64409
64410
64411
64412
64413
64414
64415
64416
64417
64418
64419
64420
64421
64422
64423
64424
64425
64426
64427
64428
64429
64430
64431
64432
64433
64434
64435
64436
64438
64439
64440
64441
64442
64444
64446
64456
64457
64458
64459
64460
64461
64462
64463
64464
64466
64512
64513
64514
64515
64516
64517
64518
64519
64520
64521
64522
64523
64524
64525
64526
64527
64528
64529
64530
64531
64532
64533
64534
64535
64540
64541
64548
64551
64558
64559
64568
64569
64579
64582
64588
64590
64591
64592
64593
64594
64595
64596
64597
64598
64599
64600
64601
64602
64603
64604
64605
64606
64607
64608
64609
64610
64611
64612
64633
64634
64642
64643
64644
64645
64646
64647
64648
64649
64650
64651
64652
64653
64654
64655
64656
64657
64658
64659
64660
64661
64662
64663
64664
64665
64674
64675
64676
64677
64678
64679
64680
64681
64690
64691
64692
64693
64694
64695
64696
64697
64698
64699
64700
64701
64702
64703
64704
64705
64706
64707
64708
64709
64718
64719
64720
64721
64746
64747
64748
64749
64750
64751
64752
64753
64754
64755
64756
64757
64758
64759
64760
64761
64762
64763
64764
64765
64766
64767
64768
64769
64770
64771
64772
64773
64774
64775
64776
64777
64778
64779
64780
64781
64782
64783
64784
64785
64786
64787
64796
64797
64798
64799
64804
64805
64806
64807
64808
64809
64810
64811
64812
64813
64814
64815
64816
64817
64818
64819
64820
64821
64822
64823
64824
64825
64826
64827
64828
64829
64836
64837
64843
64844
64845
64846
64847
64848
64853
64854
64859
64860
64867
64868
64869
64870
64871
64872
64873
64874
64875
64883
64884
64885
64886
64887
64888
64889
64904
64905
64906
64907
64908
64909
64910
64911
64912
64913
64914
64915
64916
64917
64918
64921
64923
64929
64930
64932
64933
64934
64938
64942
64943
64945
64946
64947
64950
64951
64960
64961
64962
64963
64964
64965
64966
64967
64968
64969
64970
64971
64972
64973
64974
64975
64976
64977
64978
64979
64980
64981
64986
64987
64988
64989
64995
64996
64997
64998
64999
65003
65004
65005
65012
65013
65014
65015
65020
65021
65022
65023
65024
65025
65028
65029
65031
65033
65039
65040
65041
65042
65043
65046
65050
65062
65065
65066
65067
65068
65076
65077
65127
65162
65163
65166
65167
65168
65170
65171
65173
65206
65208
65209
65210
65211
65222
65223
65224
65225
65228
65231
65239
65261
65262
65263
65264
65266
65269
65270
65271
65272
65273
65274
65275
65276
65432
65433
65434
65435
65436
65437
65438
65439
65444
65456
65457
65462
65463
65464
65466
65467
65468
65475
65480
65481
65484
65485
65486
65487
65500
65703
65704
65705
65715
65716
65718
65720
65721
65723
65731
65732
65733
65766
65767
65768
65774
65775
65776
65802
65803
65804
65811
65812
65813
65889
65899
65932
65936
65942
65950
65978
65982
66163
66167
66172
66173
66219
66221
66224
66225
66226
66236
66237
66239
66243
66244
66246
66247
66249
66250
66256
66257
66259
66264
66268
66269
66270
66277
66278
66280
66281
66327
66328
66329
66330
66349
66350
66351
66352
66388
66389
66390
66391
66392
66403
66404
66405
66406
66407
66408
66409
66410
66411
66412
66413
66414
66415
66417
66418
66419
66420
66454
66455
66456
66457
66458
66459
66460
66461
66462
66463
66464
66465
66528
66529
66530
66551
66552
66553
66554
66555
66556
66559
66560
66561
66562
66563
66564
66565
66566
66568
66569
66570
66571
66572
66573
66574
66575
66576
66577
66578
66580
66581
66594
66595
66596
66600
66601
66602
66603
66604
66605
66606
66607
66608
66609
66635
66636
66637
66638
66639
66640
66641
66642
66643
66644
66651
66652
66653
66657
66658
66659
66660
66665
66666
66667
66668
66669
66670
66671
66672
66673
66674
66675
66676
66677
66678
66683
66684
66685
66686
66687
66688
66689
66690
66691
66692
66693
66694
66695
66696
66697
66698
66700
66701
66702
66703
66704
66705
66778
66780
66781
66782
66783
66784
66785
66801
66802
66803
66804
66805
66806
66811
66815
66824
66825
66826
66827
66828
66830
66832
66835
66837
66840
66841
66842
66843
66844
66852
66866
66869
66871
66872
66971
66973
66975
66976
66977
66978
66979
66980
66981
66983
66984
66986
66987
66988
66989
66990
66991
66992
67030
67031
67032
67033
67036
67037
67038
67045
67046
67047
67048
67049
67050
67051
67052
67053
67066
67069
67070
67071
67072
67073
67078
67080
67081
67082
67084
67085
67086
67087
67090
67091
67092
67093
67098
67101
67102
67103
67104
67107
67110
67114
67115
67117
67123
67124
67125
67126
67127
67128
67129
67130
67131
67132
67133
67138
67140
67141
67143
67144
67145
67146
69682
69683
69684
69685
69686
69687
69688
69689
69690
69691
69692
69693
69694
69695
69696
69697
69698
69699
69742
69743
69744
69745
69746
69747
69748
69749
69750
69776
69777
69778
69779
69780
71447
71449
71450
71451
71452
71453
71454
71455
71456
71457
71458
71459
71460
71461
71462
71468
71469
71470
71656
71657
71658
71659
71660
71664
71666
71678
71684
71685
71693
71695
71703
71706
71716
71726
71727
71728
71729
71730
71731
71732
71734
71735
71736
71741
71746
71755
71757
71759
71762
71763
71764
71766
71769
71775
71781
71782
71783
71784
71785
71786
71787
71801
71802
71806
71807
71808
71809
71810
71811
71812
71813
71814
71815
71816
71817
71818
71819
71820
71821
71822
71823
71824
71825
71826
71827
71828
71829
71830
71831
71832
71833
71834
71835
71836
71837
71838
71839
71840
71841
71853
71854
71855
71856
71857
71858
71865
71867
71868
71882
71885
71886
71887
71889
71894
71896
71900
71901
71902
71903
71904
71905
71906
71936
71937
71939
71940
71941
71942
71943
71944
71947
71948
71949
71950
71951
71952
71953
71954
71955
71956
71964
71965
71966
71968
71977
71980
71981
71982
72015
72018
72019
72020
72021
72022
72023
72024
73759
73774
73775
73776
73777
73778
73779
73805
73806
73807
73808
73837
73844
73845
73849
73865
73866
73868
73869
73871
73873
73875
73882
73884
73888
73892
73897
73898
73899
73904
73906
73907
73908
73909
73910
73911
73912
73913
73914
73915
73916
73917
73918
73919
73920
73921
73922
73923
73924
73925
73926
73927
73928
73929
73930
73936
73937
73938
73939
73952
73953
73954
73955
73961
73962
73963
73964
73975
73982
73983
73986
73987
73988
73989
73990
73991
73992
73996
73998
74001
74004
74022
74023
74024
74025
74026
96031
96033
96034
96035
96036
96038
96039
96040
96041
96043
96048
96050
96053
96056
96060
96070
96071
96072
96073
96074
96077
96078
96080
96081
96083
96084
96089
96090
96099
96100
96104
96112
96113
96114
96119
96120
96125
96130
96132
96133
96134
96135
96147
96149
96153
96155
96268
96271
96273
96282
96285
96286
96287
96288
96290
96291
96301
96303
96319
96331
96337
96351
96352
96353
96354
96356
96363
96366
96367
96368
96369
96371
96373
96374
96375
96378
96380
96381
96424
96435
96441
96443
96444
96446
96448
96449
96453
96455
96456
96460
96464
96465
96468
96469
96470
96471
96474
96475
96476
96478
96479
96480
96481
96483
96484
96500
96502
96506
96507
96508
96513
96516
96517
96518
96519
96521
96522
96534
96535
96536
96537
96541
96549
96556
96558
96565
96568
96587
96588
96589
96591
96592
96700
96701
96702
96703
96704
96706
96708
96710
97475
97477
97481
97484
97489
97491
97508
97512
97513
97514
97515
97517
97519
97521
97528
97531
97533
97535
97546
97547
97548
97551
97557
97558
97560
97561
97566
97567
97568
97571
97574
97577
97578
97579
97580
97585
97633
97635
97636
97638
97641
97668
97669
97670
97671
97672
97673
97674
97675
97676
97677
97679
97764
97765
97768
97772
97774
97776
97778
97780
97786
97787
97789
97792
97794
97795
97796
97798
97799
97802
97807
97810
97811
97812
97814
97817
97822
97823
97825
97827
97828
97829
97830
97831
97832
97837
97839
97841
97842
97843
97846
97849
97851
97855
97858
97862
97866
97882
97883
97884
97886
97889
97891
97895
97896
97899
97902
97903
97905
97916
97920
97921
97925
97927
97937
97943
97946
97948
97951
97953
97968
97975
97977
97979
97980
97983
97989
97992
97996
98001
98002
98086
98088
98098
98103
98105
98112
98114
98120
98121
98130
98133
98146
98148
98150
98152
98154
98157
98159
98162
98165
98167
98169
98171
98175
98176
98177
98178
98180
98181
98182
98205
98206
98208
98211
98213
98214
98215
98217
98218
98220
98221
98241
98243
98245
98246
98247
98249
98251
98262
98264
98267
98271
98272
98275
98276
98277
98289
98291
98294
98299
98300
98301
98302
98305
98308
98309
98311
98312
98313
98341
98342
98343
98344
98346
98358
98362
98363
98365
98366
98372
98379
98381
98384
98385
98389
98390
98391
98392
98393
98395
98397
98398
98401
98403
98404
98406
98407
98408
98409
98410
98411
98412
98413
98414
98415
98416
98417
98418
98419
98420
98421
98422
98423
98424
98425
98435
98436
98438
98441
98442
98443
98444
98451
98452
98455
98456
98459
98460
98462
98463
98465
98466
98467
98476
98477
98483
98485
98486
98487
98488
98489
98490
98491
98499
98542
98558
98559
98561
98562
98563
98585
98586
98588
98590
98592
98595
98598
98600
98602
98604
98606
98609
98611
98612
98613
98615
98616
98618
98620
98623
98626
98629
98630
98632
98633
98634
98637
98640
98644
98648
98651
98698
98701
98704
98707
98716
98718
98723
98726
98727
98729
98731
98755
98783
98785
98787
98805
98806
98810
98812
98822
98823
98835
98836
98838
98841
98842
98843
98845
98847
98848
98849
98852
98853
98854
98855
98856
98916
98931
98997
99082
99108
99134
99151
99160
99162
99163
99165
99167
99306
99307
99311
99314
99315
99319
99325
99326
99342
99364
99373
99389
99406
99407
99408
99409
99410
99411
99412
99413
99414
99415
99416
99417
99418
99419
99420
99421
99423
99424
99425
99437
99439
99441
99442
99444
99446
99448
99449
99450
99480
99482
99484
99485
99486
99487
99488
99490
99491
99493
99495
99497
99498
99500
99501
99502
99504
99505
99506
99507
99509
99511
99512
99514
99522
99524
99578
99581
99589
99590
99593
99594
99598
99602
99603
99604
99605
99609
99611
99613
99615
99618
99626
99629
99630
99632
99635
99638
99639
99641
99642
99643
99644
99645
99648
99651
99654
99662
99663
99665
99668
99675
99678
99680
99686
99687
99735
99736
99738
99739
99741
99743
99744
99747
99749
99751
99755
99756
99757
99758
99760
99761
99763
99765
99767
99772
99773
99774
99775
99777
99780
99782
99783
99784
99786
99788
99790
99792
99795
99796
99797
99799
99800
99802
99803
99805
99806
99822
99823
99824
99827
99828
99831
99833
99838
99844
99848
99854
99856
99858
99860
99864
99866
99870
99872
99873
99875
99887
99888
99892
99900
99902
99905
99907
99912
99913
99920
99922
99923
99924
99932
99941
99943
99948
99950
99952
99963
99965
99968
99969
99972
99975
99976
99978
99979
99980
99983
99986
99989
99990
99991
99992
99994
99999
100003
100005
100007
100009
100011
100013
100014
100016
100018
100019
100020
100022
100023
100024
100025
100029
100031
100035
100079
100080
100081
100083
100084
100085
100088
100089
100092
100094
100096
100098
100099
100101
100102
100104
100106
100108
100112
100114
100115
100117
100120
100131
100134
100136
100137
100138
100140
100141
100142
100144
100145
100147
100149
100150
100151
100154
100163
100164
100169
100171
100175
100177
100181
100182
100189
100194
100195
100196
100206
100211
100215
100219
100223
100228
100229
100245
100250
100253
100257
100262
100264
100265
100268
100279
100280
100282
100288
100292
100299
100304
100307
100314
100318
100319
100320
100323
100324
100334
100868
100869
100870
100871
100873
100878
100879
100880
100881
100885
100890
100894
100897
100898
100943
100944
100945
100946
100947
100948
100949
100950
100951
100952
100959
100960
100961
100962
100963
100964
100965
100966
100967
100969
100971
100972
100973
100975
100976
100977
100978
100979
100980
100981
100983
100984
100985
100986
100987
100988
100990
100991
100992
100993
100995
100996
100997
100998
101000
101001
101002
101003
101004
101005
101006
101007
101019
101021
101022
101023
101024
101025
101026
101027
101028
101030
101031
101032
101034
101035
101036
101038
101039
101040
101042
101043
101050
101051
101080
101081
101082
101083
101084
101085
101089
101090
101091
101092
101093
101094
101095
101096
101097
101098
101100
101101
101106
101109
101113
101119
101122
101124
101146
101148
101149
101150
101151
101152
101153
101154
101155
101157
101158
101159
101160
101161
101162
101163
101164
101165
101166
101167
101168
101169
101170
101171
101172
101173
101174
101175
101176
101177
101178
101179
101180
101181
101183
101184
101185
101187
101188
101189
101190
101191
101192
101193
101194
101198
101201
101203
101208
101213
101214
101215
101220
101222
101226
101227
101235
101242
101247
101250
101251
101270
101273
101276
101279
101280
101282
101286
101287
101288
101289
101290
101292
101294
101295
101296
101297
101298
101299
101300
101301
101302
101333
101336
101339
101341
101343
101345
101349
101350
101352
101353
101354
101355
101356
101357
101358
101359
101360
101362
101363
101364
101365
101366
101367
101369
101370
101373
101376
101377
101378
101379
101381
101382
101384
101385
101387
101389
101390
101395
101396
101399
101400
101401
101404
101408
101411
101412
101415
101458
101462
101463
101465
101466
101468
101472
101475
101480
101481
101483
101485
101486
101487
101488
101489
101490
101491
101492
101494
101496
101497
101498
101519
101529
101535
101538
101540
101541
101546
101551
101553
101561
101563
101566
101571
101573
101577
101579
101583
101585
101587
101604
101613
101628
101638
101644
101650
101659
101667
101669
101700
101704
101715
101726
101729
101742
101746
101748
101761
101765
101767
101774
101777
101783
101785
101786
101788
101790
101791
101793
101794
101795
101797
101802
101803
101805
101807
101808
101810
101813
101815
101816
101818
101820
101821
101850
101852
101853
101854
101871
101873
101875
101877
101879
101880
101882
101888
101903
101905
101906
101907
101909
101910
101912
101913
101916
101920
101922
101923
101924
101926
101929
101933
101935
101937
101942
101943
102510
102511
102513
102514
102516
102518
102520
102522
102523
102525
102527
102530
102537
102540
102543
102544
102548
102554
102556
102557
102558
102559
102575
102577
102582
102595
102602
102603
102620
102623
102625
102627
102628
102630
102632
102641
102643
102645
102649
102650
102651
102652
102655
102665
102666
102669
102690
102691
102692
102693
102694
102695
102696
102697
102699
102700
102702
102704
102705
102706
102708
102735
102737
102738
102739
102743
102745
102746
102753
102756
102757
102764
102765
102769
102770
102771
102772
102774
102775
102776
102785
102787
102792
102793
102797
102799
102803
102807
102810
102812
102815
102816
102819
102821
102822
102823
102834
102835
102836
102837
102838
102839
102840
102841
102842
102843
102844
102845
102846
102847
102848
102849
102850
102851
102852
102853
102854
102855
102856
102857
102858
102859
102860
102861
102862
102863
102864
102865
102866
102867
102868
102869
102870
102871
102872
102873
102874
102875
102876
102877
102878
102879
102880
102881
102882
102883
102884
102885
102886
102887
102888
102889
102890
102891
102892
102893
102894
102895
102896
102931
102932
102933
102935
102937
102939
102946
102948
102956
102961
102963
102964
102969
102974
102981
102984
102986
102987
)


// ************************************************************************* //
