/*--------------------------------*- C++ -*----------------------------------*\
  =========                 |
  \\      /  F ield         | OpenFOAM: The Open Source CFD Toolbox
   \\    /   O peration     | Website:  https://openfoam.org
    \\  /    A nd           | Version:  12
     \\/     M anipulation  |
\*---------------------------------------------------------------------------*/
FoamFile
{
    format      ascii;
    class       labelList;
    location    "constant/polyMesh";
    object      cellProcAddressing;
}
// * * * * * * * * * * * * * * * * * * * * * * * * * * * * * * * * * * * * * //


14606
(
34
48
50
55
69
71
75
77
78
83
98
101
103
105
106
110
112
113
114
119
134
137
140
141
144
146
148
149
150
154
156
157
158
164
178
181
185
186
189
192
193
194
197
199
201
202
203
208
210
211
212
219
229
236
239
241
243
247
248
249
252
255
256
257
261
263
265
266
267
273
275
276
277
285
293
299
300
307
309
312
314
315
317
321
322
323
327
330
331
332
337
339
341
342
343
350
352
353
354
363
371
374
376
381
382
383
384
392
393
395
398
400
401
404
408
409
410
415
418
419
420
426
428
430
431
432
440
442
443
444
454
458
463
465
467
470
471
473
478
479
480
481
482
483
484
485
486
487
488
489
490
491
492
501
502
505
508
510
511
515
519
520
521
527
530
531
532
539
541
543
544
545
554
556
557
559
569
573
576
577
578
579
583
586
587
588
589
590
591
593
594
596
597
598
601
602
605
608
611
612
613
614
615
616
617
618
619
620
621
622
623
624
625
626
636
637
641
644
646
647
652
656
657
658
665
668
669
670
678
680
682
683
685
694
696
697
700
710
711
717
718
719
720
724
725
726
730
731
734
735
736
737
739
740
743
744
745
746
747
750
751
755
758
759
760
761
762
765
766
767
768
769
770
771
772
773
774
775
776
777
778
779
780
781
782
793
794
799
802
804
805
811
815
816
817
825
828
829
830
839
841
843
844
847
856
858
859
863
873
874
875
876
877
878
887
888
889
890
891
895
896
897
898
899
900
901
905
906
907
908
912
913
914
915
917
918
922
923
924
925
926
927
928
931
932
937
940
941
942
943
944
945
946
947
948
951
952
953
954
955
956
957
958
959
960
961
962
963
964
965
966
967
968
969
970
982
983
989
992
994
995
1002
1006
1007
1008
1017
1020
1021
1022
1032
1034
1036
1037
1041
1050
1052
1053
1058
1068
1069
1070
1071
1072
1073
1074
1075
1077
1078
1079
1090
1091
1092
1093
1094
1095
1096
1097
1098
1102
1103
1104
1105
1107
1111
1112
1113
1114
1115
1116
1121
1122
1124
1125
1130
1131
1132
1133
1134
1135
1136
1137
1138
1139
1140
1143
1144
1150
1153
1154
1155
1156
1157
1158
1159
1160
1161
1162
1163
1164
1165
1166
1168
1169
1170
1171
1172
1173
1174
1175
1176
1177
1178
1179
1180
1181
1182
1183
1184
1185
1186
1187
1188
1189
1202
1203
1210
1213
1215
1216
1224
1228
1229
1230
1240
1243
1244
1245
1256
1258
1260
1261
1266
1275
1277
1278
1284
1294
1295
1296
1297
1298
1299
1300
1301
1302
1303
1304
1305
1306
1307
1309
1310
1311
1313
1314
1315
1321
1328
1329
1330
1331
1332
1334
1335
1336
1337
1341
1342
1343
1345
1347
1351
1352
1353
1354
1355
1356
1357
1358
1365
1366
1372
1373
1374
1375
1376
1377
1378
1379
1380
1381
1382
1383
1384
1385
1386
1389
1390
1397
1400
1401
1402
1403
1404
1405
1406
1407
1408
1409
1410
1411
1412
1413
1414
1415
1416
1417
1418
1419
1420
1421
1422
1424
1425
1426
1427
1428
1429
1430
1431
1432
1433
1434
1435
1436
1437
1438
1439
1440
1441
1442
1443
1444
1445
1446
1447
1461
1462
1470
1473
1475
1476
1485
1489
1490
1491
1502
1505
1506
1507
1519
1521
1523
1524
1530
1539
1541
1542
1549
1559
1560
1561
1562
1563
1564
1565
1566
1567
1568
1569
1570
1571
1573
1574
1575
1576
1577
1578
1579
1580
1581
1582
1583
1584
1585
1588
1589
1590
1592
1593
1594
1601
1602
1603
1611
1612
1613
1614
1616
1618
1619
1620
1621
1625
1632
1633
1634
1635
1636
1637
1638
1639
1640
1641
1643
1644
1651
1652
1659
1660
1661
1662
1663
1664
1665
1666
1667
1668
1669
1670
1671
1672
1673
1674
1675
1676
1677
1680
1681
1689
1692
1693
1694
1695
1696
1697
1698
1699
1700
1701
1702
1703
1704
1705
1706
1707
1708
1709
1710
1711
1712
1713
1714
1715
1716
1718
1719
1720
1721
1722
1723
1724
1725
1726
1727
1728
1729
1730
1731
1732
1733
1734
1735
1736
1737
1738
1739
1740
1741
1756
1757
1766
1769
1771
1772
1782
1786
1787
1788
1800
1803
1804
1805
1818
1820
1822
1823
1830
1839
1841
1842
1850
1860
1861
1862
1863
1864
1865
1866
1867
1868
1869
1870
1871
1873
1874
1875
1876
1877
1879
1881
1882
1883
1884
1885
1886
1887
1888
1889
1890
1891
1892
1893
1894
1897
1898
1899
1901
1902
1903
1911
1912
1913
1914
1915
1924
1925
1926
1930
1931
1935
1943
1944
1945
1946
1947
1948
1949
1950
1951
1952
1954
1955
1956
1957
1965
1966
1974
1975
1976
1977
1978
1979
1980
1981
1982
1983
1984
1985
1986
1987
1988
1989
1990
1991
1992
1993
1994
1997
1998
2007
2010
2011
2012
2013
2014
2015
2016
2017
2018
2019
2020
2021
2022
2023
2024
2025
2026
2027
2028
2029
2030
2031
2032
2033
2034
2035
2036
2037
2038
2040
2041
2042
2043
2044
2045
2046
2047
2048
2049
2050
2051
2052
2053
2054
2055
2056
2057
2058
2059
2060
2061
2062
2063
2064
2065
2081
2082
2092
2095
2097
2098
2109
2113
2114
2115
2128
2131
2132
2133
2147
2149
2151
2152
2160
2169
2171
2172
2181
2191
2192
2193
2194
2195
2196
2197
2198
2199
2200
2201
2202
2203
2204
2205
2207
2208
2209
2210
2212
2214
2215
2216
2217
2218
2219
2223
2224
2225
2226
2227
2228
2229
2230
2231
2232
2233
2234
2235
2236
2237
2238
2239
2241
2244
2245
2246
2248
2249
2250
2259
2260
2261
2262
2263
2264
2265
2275
2276
2277
2278
2283
2284
2288
2297
2298
2299
2300
2301
2302
2303
2304
2305
2306
2308
2309
2310
2311
2313
2321
2322
2331
2332
2333
2334
2335
2336
2337
2338
2339
2340
2341
2342
2343
2344
2345
2346
2347
2348
2349
2350
2351
2352
2353
2356
2357
2367
2370
2371
2372
2373
2374
2375
2376
2377
2378
2379
2380
2381
2382
2383
2384
2385
2386
2387
2388
2389
2390
2391
2392
2393
2394
2395
2396
2397
2398
2399
2400
2401
2402
2404
2405
2406
2407
2408
2409
2410
2411
2412
2413
2414
2415
2416
2417
2418
2419
2420
2421
2422
2423
2424
2425
2426
2427
2428
2429
2430
2431
2448
2449
2460
2463
2465
2466
2478
2482
2483
2484
2498
2501
2502
2503
2518
2520
2522
2523
2532
2541
2543
2544
2554
2564
2565
2566
2567
2568
2569
2570
2572
2573
2574
2575
2576
2577
2578
2579
2580
2583
2584
2585
2586
2587
2591
2592
2593
2594
2595
2596
2597
2598
2603
2604
2605
2606
2607
2608
2609
2610
2611
2612
2613
2614
2615
2616
2617
2618
2619
2620
2621
2622
2627
2628
2629
2631
2632
2633
2643
2644
2645
2646
2647
2648
2649
2650
2651
2652
2653
2664
2665
2666
2675
2685
2686
2687
2688
2689
2690
2691
2692
2693
2694
2696
2697
2698
2699
2701
2702
2704
2712
2713
2723
2724
2725
2726
2727
2728
2729
2730
2731
2732
2733
2734
2735
2736
2737
2738
2739
2740
2741
2742
2743
2744
2745
2746
2747
2748
2749
2752
2753
2764
2767
2768
2769
2770
2771
2772
2773
2774
2775
2776
2777
2778
2779
2780
2781
2782
2783
2784
2785
2786
2787
2788
2789
2790
2791
2792
2793
2794
2795
2796
2797
2798
2799
2800
2801
2803
2804
2805
2806
2807
2808
2809
2810
2811
2812
2813
2814
2815
2816
2817
2818
2819
2820
2821
2822
2823
2824
2825
2826
2827
2828
2829
2830
2831
2832
2850
2851
2863
2866
2868
2869
2882
2886
2887
2888
2903
2906
2907
2908
2924
2926
2928
2929
2939
2948
2950
2951
2962
2972
2973
2974
2975
2976
2977
2978
2979
2981
2984
2985
2986
2987
2988
2989
2990
2991
2993
2994
2997
2998
2999
3000
3001
3002
3003
3008
3009
3010
3011
3012
3013
3014
3020
3021
3022
3023
3024
3025
3026
3027
3028
3029
3030
3031
3032
3033
3034
3035
3036
3037
3038
3039
3041
3042
3047
3048
3049
3051
3062
3063
3064
3065
3066
3067
3068
3069
3070
3071
3072
3073
3074
3075
3076
3088
3089
3090
3100
3111
3112
3113
3114
3115
3116
3117
3118
3119
3120
3122
3123
3124
3125
3127
3128
3130
3131
3140
3141
3152
3153
3154
3155
3156
3157
3158
3159
3160
3161
3162
3163
3164
3165
3166
3167
3168
3169
3170
3171
3172
3173
3174
3175
3176
3177
3178
3179
3180
3183
3184
3196
3199
3200
3201
3202
3203
3204
3205
3206
3207
3208
3209
3210
3211
3212
3213
3214
3215
3216
3217
3218
3219
3220
3221
3222
3223
3224
3225
3226
3227
3228
3229
3230
3231
3232
3233
3234
3235
3236
3237
3239
3240
3241
3242
3243
3244
3245
3246
3247
3248
3249
3250
3251
3252
3253
3254
3255
3256
3257
3258
3259
3260
3261
3262
3263
3264
3265
3266
3267
3268
3269
3270
3289
3290
3303
3306
3308
3309
3323
3327
3328
3329
3345
3348
3349
3350
3367
3369
3371
3372
3383
3392
3394
3395
3407
3417
3418
3419
3420
3421
3422
3423
3424
3425
3426
3427
3429
3430
3433
3434
3438
3439
3440
3441
3442
3443
3444
3449
3450
3451
3452
3453
3454
3455
3461
3462
3463
3464
3465
3466
3467
3469
3475
3476
3477
3478
3479
3480
3481
3482
3483
3484
3485
3486
3487
3488
3489
3490
3491
3492
3493
3494
3495
3497
3498
3499
3501
3502
3507
3508
3509
3511
3523
3524
3525
3526
3527
3528
3529
3530
3531
3532
3533
3534
3535
3536
3537
3538
3539
3540
3541
3554
3555
3556
3567
3579
3580
3581
3582
3583
3584
3585
3586
3587
3588
3590
3591
3592
3593
3595
3596
3598
3599
3609
3610
3622
3623
3624
3625
3626
3627
3628
3629
3630
3631
3632
3633
3634
3635
3636
3637
3638
3639
3640
3641
3642
3643
3644
3645
3646
3647
3648
3649
3650
3651
3652
3655
3656
3669
3672
3673
3674
3675
3676
3677
3678
3679
3680
3681
3682
3683
3684
3685
3686
3687
3688
3689
3690
3691
3692
3693
3694
3695
3696
3697
3698
3699
3700
3701
3702
3703
3704
3705
3706
3707
3708
3709
3710
3711
3712
3714
3715
3716
3717
3718
3719
3720
3721
3722
3723
3724
3725
3726
3727
3728
3729
3730
3731
3732
3733
3734
3735
3736
3737
3738
3739
3740
3741
3742
3743
3744
3745
3746
3747
3748
3749
3769
3770
3784
3787
3789
3790
3805
3809
3810
3811
3828
3831
3832
3833
3851
3853
3855
3856
3868
3877
3879
3880
3893
3903
3904
3905
3906
3907
3908
3909
3910
3911
3912
3913
3914
3916
3917
3918
3921
3922
3923
3924
3928
3929
3930
3935
3936
3937
3938
3939
3945
3946
3947
3948
3949
3950
3951
3952
3953
3960
3961
3962
3963
3964
3965
3967
3968
3975
3976
3977
3978
3979
3980
3981
3982
3983
3984
3985
3986
3987
3988
3989
3990
3991
3992
3993
3994
3995
3997
3998
3999
4001
4002
4003
4005
4010
4011
4012
4026
4027
4028
4029
4030
4031
4032
4033
4034
4035
4036
4037
4038
4039
4040
4041
4042
4043
4044
4045
4046
4047
4048
4062
4063
4064
4076
4089
4090
4091
4092
4093
4094
4095
4096
4097
4098
4100
4101
4102
4103
4105
4106
4108
4109
4120
4121
4134
4135
4136
4137
4138
4139
4140
4141
4142
4143
4144
4145
4146
4147
4148
4149
4150
4151
4152
4153
4154
4155
4156
4157
4158
4159
4160
4161
4162
4163
4164
4165
4166
4167
4168
4171
4172
4186
4189
4190
4191
4192
4193
4194
4195
4196
4197
4198
4199
4200
4201
4202
4203
4204
4205
4206
4207
4208
4209
4210
4211
4212
4213
4214
4215
4216
4217
4218
4219
4220
4221
4222
4223
4224
4225
4226
4227
4228
4229
4230
4231
4233
4234
4235
4236
4237
4238
4239
4240
4241
4242
4243
4244
4245
4246
4247
4248
4249
4250
4251
4252
4253
4254
4255
4256
4257
4258
4259
4260
4261
4262
4263
4264
4265
4266
4267
4268
4269
4270
4291
4292
4307
4310
4312
4313
4329
4333
4334
4335
4353
4356
4357
4358
4377
4379
4381
4382
4395
4404
4406
4407
4421
4431
4432
4433
4434
4435
4436
4437
4438
4439
4440
4441
4442
4443
4444
4446
4447
4448
4451
4452
4453
4454
4455
4456
4460
4461
4462
4463
4464
4465
4470
4471
4472
4478
4479
4480
4487
4488
4489
4490
4491
4492
4493
4494
4495
4496
4504
4505
4506
4507
4508
4510
4511
4519
4520
4521
4522
4523
4524
4525
4526
4527
4528
4529
4530
4531
4532
4533
4534
4535
4536
4537
4538
4539
4541
4542
4543
4544
4546
4547
4548
4550
4552
4557
4572
4573
4574
4575
4576
4577
4578
4579
4580
4581
4582
4583
4584
4585
4586
4587
4588
4589
4590
4591
4592
4593
4594
4595
4596
4597
4598
4613
4614
4615
4628
4642
4643
4644
4645
4646
4647
4648
4649
4650
4651
4653
4654
4655
4656
4658
4659
4661
4662
4674
4675
4689
4690
4691
4692
4693
4694
4695
4696
4697
4698
4699
4700
4701
4702
4703
4704
4705
4706
4707
4708
4709
4710
4711
4712
4713
4714
4715
4716
4717
4718
4719
4720
4721
4722
4723
4724
4725
4728
4729
4744
4747
4748
4749
4750
4751
4752
4753
4754
4755
4756
4757
4758
4759
4760
4761
4762
4764
4765
4766
4767
4768
4769
4770
4771
4772
4773
4774
4775
4776
4777
4778
4779
4780
4781
4782
4783
4784
4785
4786
4787
4788
4789
4790
4791
4792
4793
4795
4796
4797
4798
4799
4800
4801
4802
4803
4804
4805
4806
4807
4808
4809
4810
4811
4812
4813
4814
4815
4816
4817
4818
4819
4820
4821
4822
4823
4824
4825
4826
4827
4828
4829
4830
4831
4832
4833
4834
4856
4857
4873
4876
4878
4879
4896
4900
4901
4902
4921
4924
4925
4926
4946
4948
4950
4951
4965
4974
4976
4977
4992
5002
5003
5004
5005
5006
5007
5008
5009
5010
5011
5012
5013
5014
5015
5017
5018
5019
5022
5023
5024
5025
5026
5027
5028
5032
5033
5034
5035
5036
5037
5038
5039
5044
5045
5046
5047
5048
5049
5051
5056
5057
5058
5065
5073
5074
5075
5076
5077
5078
5079
5080
5081
5082
5083
5092
5093
5094
5095
5096
5098
5099
5108
5109
5110
5111
5112
5113
5114
5115
5116
5117
5118
5119
5120
5121
5122
5123
5124
5125
5126
5128
5129
5130
5131
5133
5134
5135
5136
5138
5140
5146
5163
5164
5165
5166
5167
5168
5169
5170
5171
5172
5173
5174
5175
5176
5177
5178
5179
5180
5181
5182
5183
5184
5185
5186
5187
5188
5189
5190
5191
5192
5208
5209
5210
5224
5239
5240
5241
5242
5243
5244
5245
5246
5247
5248
5250
5251
5252
5253
5255
5256
5258
5259
5272
5273
5288
5289
5290
5291
5292
5293
5294
5295
5296
5297
5298
5299
5300
5301
5302
5303
5304
5305
5306
5307
5308
5309
5310
5311
5312
5313
5314
5315
5316
5317
5318
5319
5320
5321
5322
5323
5324
5325
5328
5329
5345
5348
5349
5350
5351
5352
5353
5354
5355
5356
5357
5358
5359
5360
5361
5362
5368
5369
5370
5371
5372
5373
5374
5375
5376
5377
5378
5379
5380
5381
5382
5383
5384
5385
5386
5387
5388
5389
5390
5391
5392
5393
5394
5395
5396
5397
5399
5400
5401
5402
5403
5404
5405
5406
5407
5408
5409
5410
5411
5412
5413
5414
5415
5416
5417
5418
5419
5420
5421
5422
5423
5424
5425
5426
5427
5428
5429
5430
5431
5432
5433
5434
5435
5436
5437
5438
5439
5440
5441
5442
5465
5466
5483
5486
5488
5489
5507
5511
5512
5513
5533
5536
5537
5538
5559
5561
5563
5564
5579
5588
5590
5591
5607
5617
5618
5619
5620
5621
5622
5623
5624
5625
5626
5627
5628
5629
5630
5631
5633
5636
5637
5638
5639
5640
5641
5642
5646
5647
5648
5649
5650
5651
5652
5653
5654
5655
5656
5661
5662
5663
5664
5665
5666
5667
5668
5670
5671
5676
5677
5678
5679
5680
5682
5683
5689
5690
5691
5699
5708
5709
5710
5711
5712
5713
5714
5715
5716
5717
5718
5728
5729
5730
5731
5732
5734
5735
5745
5746
5747
5748
5749
5750
5751
5752
5753
5754
5755
5756
5757
5758
5759
5761
5762
5763
5764
5766
5767
5768
5769
5771
5772
5774
5802
5803
5804
5805
5806
5807
5808
5809
5810
5811
5812
5813
5814
5815
5816
5817
5818
5819
5820
5821
5822
5823
5824
5825
5826
5827
5828
5829
5830
5831
5848
5849
5850
5865
5881
5882
5883
5884
5885
5886
5887
5888
5889
5890
5891
5892
5893
5894
5897
5898
5900
5901
5915
5916
5932
5933
5934
5935
5936
5937
5938
5939
5940
5941
5942
5943
5944
5945
5946
5947
5948
5949
5950
5951
5952
5953
5954
5955
5956
5957
5958
5959
5960
5961
5962
5963
5964
5965
5966
5967
5968
5969
5970
5971
5974
5975
5992
5995
5996
5997
5998
5999
6000
6001
6002
6003
6004
6005
6006
6007
6008
6009
6010
6020
6021
6022
6023
6024
6025
6026
6027
6028
6029
6030
6031
6032
6033
6034
6035
6036
6037
6038
6039
6040
6041
6042
6043
6044
6045
6046
6047
6048
6049
6051
6052
6053
6054
6055
6056
6057
6058
6059
6060
6061
6062
6063
6064
6065
6066
6067
6068
6069
6070
6071
6072
6073
6074
6075
6076
6077
6078
6079
6080
6081
6082
6083
6084
6085
6086
6087
6088
6089
6090
6091
6092
6093
6094
6095
6096
6120
6121
6139
6142
6144
6145
6164
6168
6169
6170
6191
6194
6195
6196
6218
6220
6222
6223
6239
6248
6250
6251
6268
6278
6279
6280
6281
6282
6283
6284
6285
6286
6287
6288
6289
6290
6291
6292
6293
6294
6295
6297
6300
6304
6305
6306
6307
6308
6309
6310
6311
6312
6314
6315
6319
6320
6321
6322
6323
6324
6325
6326
6327
6328
6329
6330
6331
6332
6338
6339
6340
6341
6342
6343
6345
6346
6347
6348
6350
6355
6356
6357
6358
6359
6361
6362
6369
6370
6371
6380
6390
6391
6392
6393
6394
6395
6396
6397
6398
6399
6400
6411
6412
6413
6414
6415
6417
6418
6429
6430
6431
6433
6434
6435
6436
6438
6439
6440
6441
6443
6444
6445
6446
6448
6449
6451
6452
6486
6487
6488
6489
6490
6491
6492
6493
6494
6495
6496
6497
6498
6499
6500
6501
6502
6503
6504
6505
6506
6507
6508
6509
6510
6511
6512
6513
6514
6532
6533
6534
6550
6567
6568
6569
6570
6571
6572
6573
6574
6575
6576
6577
6578
6579
6580
6582
6583
6586
6587
6602
6603
6620
6621
6622
6623
6624
6625
6626
6627
6628
6629
6630
6631
6632
6633
6634
6635
6636
6637
6638
6639
6640
6641
6642
6643
6644
6645
6646
6647
6648
6649
6650
6651
6652
6653
6654
6655
6656
6657
6658
6659
6660
6663
6664
6682
6685
6686
6687
6688
6689
6690
6691
6692
6693
6694
6695
6696
6697
6698
6699
6700
6701
6702
6703
6704
6718
6719
6720
6721
6722
6723
6724
6725
6726
6727
6728
6729
6730
6731
6732
6733
6734
6735
6736
6737
6738
6739
6740
6741
6742
6743
6744
6745
6746
6747
6749
6750
6751
6752
6753
6754
6755
6756
6757
6758
6759
6760
6761
6762
6763
6764
6765
6766
6767
6768
6769
6770
6771
6772
6773
6774
6775
6776
6777
6778
6779
6780
6781
6782
6783
6784
6785
6786
6787
6788
6789
6790
6791
6792
6793
6794
6795
6796
6821
6822
6841
6844
6846
6847
6867
6871
6872
6873
6895
6898
6899
6900
6923
6925
6927
6928
6945
6955
6956
6983
6984
6985
6986
6987
6988
6989
6990
6991
6992
6993
6994
6995
6996
6997
6998
6999
7000
7001
7002
7003
7004
7005
7007
7010
7014
7019
7020
7021
7022
7023
7024
7025
7026
7028
7029
7030
7031
7033
7034
7038
7039
7040
7041
7042
7043
7044
7045
7046
7047
7048
7049
7050
7051
7052
7059
7060
7061
7062
7063
7065
7066
7067
7068
7070
7071
7077
7078
7079
7080
7081
7083
7084
7092
7093
7094
7104
7115
7116
7117
7118
7119
7120
7121
7122
7123
7125
7126
7137
7138
7139
7140
7141
7143
7144
7156
7163
7164
7165
7166
7168
7169
7170
7171
7173
7174
7176
7177
7217
7218
7219
7220
7221
7222
7223
7224
7225
7226
7227
7228
7229
7230
7231
7232
7233
7234
7235
7236
7237
7238
7239
7240
7241
7242
7243
7262
7263
7264
7281
7299
7300
7301
7302
7303
7304
7305
7306
7307
7308
7309
7310
7311
7313
7314
7315
7316
7318
7335
7336
7354
7355
7356
7357
7358
7359
7360
7361
7362
7363
7364
7365
7366
7367
7368
7369
7370
7371
7372
7373
7374
7375
7376
7377
7378
7379
7380
7381
7382
7383
7384
7385
7386
7387
7388
7389
7390
7391
7392
7393
7394
7397
7398
7417
7420
7421
7422
7423
7424
7425
7426
7427
7428
7429
7430
7431
7432
7433
7434
7435
7436
7437
7438
7439
7440
7441
7442
7460
7461
7462
7463
7464
7465
7466
7467
7468
7469
7470
7471
7472
7473
7474
7475
7476
7477
7478
7479
7480
7481
7482
7483
7484
7485
7486
7487
7488
7489
7491
7492
7493
7494
7495
7496
7497
7498
7499
7500
7501
7502
7503
7504
7505
7506
7507
7508
7509
7510
7511
7512
7513
7514
7515
7516
7517
7518
7519
7520
7521
7522
7523
7524
7525
7526
7527
7528
7529
7530
7531
7532
7533
7534
7535
7536
7537
7538
7539
7540
7541
7542
7543
7569
7570
7590
7593
7595
7596
7617
7621
7622
7623
7646
7649
7650
7651
7675
7678
7679
7706
7734
7735
7736
7737
7738
7739
7740
7741
7742
7743
7744
7745
7746
7747
7748
7749
7750
7751
7752
7753
7754
7755
7756
7757
7758
7759
7760
7761
7762
7763
7764
7766
7769
7773
7778
7784
7785
7786
7787
7788
7789
7791
7792
7793
7794
7796
7797
7798
7799
7801
7805
7806
7807
7808
7809
7810
7811
7812
7813
7814
7815
7816
7817
7819
7820
7827
7828
7829
7830
7831
7833
7834
7835
7836
7838
7839
7846
7847
7848
7849
7850
7852
7853
7862
7863
7864
7887
7888
7889
7890
7891
7892
7893
7894
7895
7896
7899
7910
7911
7912
7913
7914
7915
7916
7941
7942
7943
7944
7946
7947
7949
7950
7996
7997
7998
7999
8000
8001
8002
8003
8004
8005
8006
8007
8008
8009
8010
8011
8012
8013
8014
8015
8016
8017
8018
8019
8039
8040
8041
8059
8078
8079
8080
8081
8082
8083
8084
8085
8086
8087
8088
8090
8091
8092
8093
8095
8096
8098
8115
8116
8135
8136
8137
8138
8139
8140
8141
8142
8143
8144
8145
8146
8147
8148
8149
8150
8151
8152
8153
8154
8155
8156
8157
8158
8159
8160
8161
8162
8163
8164
8165
8166
8167
8168
8169
8170
8171
8172
8173
8174
8175
8178
8179
8199
8202
8203
8204
8205
8206
8207
8208
8209
8210
8211
8212
8213
8214
8215
8216
8217
8218
8219
8220
8221
8222
8223
8224
8225
8226
8248
8249
8250
8251
8252
8253
8254
8255
8256
8257
8258
8259
8260
8261
8262
8263
8264
8265
8266
8267
8268
8269
8270
8271
8272
8273
8274
8275
8276
8277
8278
8280
8281
8282
8283
8284
8285
8286
8287
8288
8289
8290
8291
8292
8293
8294
8295
8296
8297
8298
8299
8300
8301
8302
8303
8304
8305
8306
8307
8308
8309
8310
8311
8312
8313
8314
8315
8316
8317
8318
8319
8320
8321
8322
8323
8324
8325
8326
8327
8328
8329
8330
8331
8332
8333
8334
8335
8336
8337
8364
8365
8386
8389
8391
8392
8414
8418
8419
8420
8444
8447
8448
8475
8531
8532
8533
8534
8535
8536
8537
8538
8539
8540
8541
8542
8543
8544
8545
8546
8547
8548
8549
8550
8551
8552
8553
8554
8555
8556
8557
8558
8559
8560
8561
8562
8563
8564
8565
8566
8567
8568
8569
8570
8571
8572
8574
8577
8581
8586
8592
8599
8600
8601
8602
8603
8605
8606
8607
8608
8610
8611
8612
8613
8615
8616
8621
8622
8623
8624
8625
8626
8627
8628
8629
8630
8631
8632
8633
8636
8637
8644
8645
8646
8647
8648
8650
8651
8652
8653
8655
8656
8664
8665
8666
8667
8668
8670
8671
8682
8683
8708
8709
8710
8711
8712
8713
8714
8715
8716
8717
8718
8732
8733
8734
8735
8736
8737
8739
8769
8770
8772
8773
8825
8826
8827
8828
8829
8830
8831
8832
8833
8834
8835
8836
8837
8838
8839
8840
8841
8842
8843
8844
8865
8866
8867
8886
8906
8907
8908
8909
8910
8911
8912
8913
8914
8915
8917
8918
8919
8920
8922
8923
8925
8926
8944
8945
8965
8966
8967
8968
8969
8970
8971
8972
8973
8974
8975
8976
8977
8978
8979
8980
8981
8982
8983
8984
8985
8986
8987
8988
8989
8990
8991
8992
8993
8994
8995
8996
8997
8998
8999
9000
9001
9002
9003
9004
9005
9008
9009
9030
9033
9034
9035
9036
9037
9038
9039
9040
9041
9042
9043
9044
9045
9046
9047
9048
9049
9050
9051
9052
9053
9054
9055
9056
9057
9058
9059
9060
9061
9062
9063
9064
9090
9091
9092
9093
9094
9095
9096
9097
9098
9099
9100
9101
9102
9103
9104
9105
9106
9107
9108
9109
9110
9111
9112
9113
9114
9115
9116
9117
9118
9119
9120
9121
9122
9124
9125
9126
9127
9128
9129
9130
9131
9132
9133
9134
9135
9136
9137
9138
9139
9140
9141
9142
9143
9144
9145
9146
9147
9148
9149
9150
9151
9152
9153
9154
9155
9156
9157
9158
9159
9160
9161
9162
9163
9164
9165
9166
9167
9168
9169
9170
9171
9172
9173
9174
9175
9176
9177
9178
9179
9180
9181
9182
9183
9184
9185
9186
9214
9215
9237
9240
9242
9243
9266
9270
9271
9298
9382
9383
9384
9385
9386
9387
9388
9389
9390
9391
9392
9393
9394
9395
9396
9397
9398
9399
9400
9401
9402
9403
9404
9405
9406
9407
9408
9409
9410
9411
9412
9413
9414
9415
9416
9417
9418
9419
9420
9421
9422
9423
9424
9425
9426
9427
9428
9429
9430
9431
9432
9433
9434
9436
9439
9443
9448
9454
9461
9469
9470
9471
9472
9473
9475
9476
9477
9478
9480
9481
9482
9483
9485
9486
9492
9493
9494
9495
9496
9497
9498
9499
9500
9501
9502
9503
9504
9505
9509
9516
9517
9518
9519
9520
9522
9523
9524
9525
9527
9528
9538
9539
9540
9541
9543
9544
9584
9585
9586
9587
9588
9589
9590
9591
9592
9593
9594
9609
9610
9611
9612
9613
9615
9616
9650
9651
9709
9710
9711
9712
9713
9714
9715
9716
9717
9718
9719
9720
9721
9722
9723
9724
9746
9747
9748
9768
9789
9790
9791
9792
9793
9794
9795
9796
9797
9798
9800
9801
9802
9803
9805
9806
9808
9809
9828
9829
9850
9851
9852
9853
9854
9855
9856
9857
9858
9859
9860
9861
9862
9863
9864
9865
9866
9867
9868
9869
9870
9871
9872
9873
9874
9875
9876
9877
9878
9879
9880
9881
9882
9883
9884
9885
9886
9887
9888
9889
9890
9893
9894
9916
9919
9920
9921
9922
9923
9924
9925
9926
9927
9928
9929
9930
9931
9932
9934
9935
9936
9938
9939
9940
9941
9942
9943
9944
9945
9946
9947
9948
9949
9950
9951
9952
9953
9954
9955
9956
9957
9987
9988
9989
9990
9991
9992
9993
9994
9995
9996
9997
9998
9999
10000
10001
10002
10003
10004
10005
10006
10007
10008
10009
10010
10011
10012
10013
10014
10015
10016
10017
10018
10019
10020
10021
10023
10024
10025
10026
10027
10028
10029
10030
10031
10032
10033
10034
10035
10036
10037
10038
10039
10040
10041
10042
10043
10044
10045
10046
10047
10048
10049
10050
10051
10052
10053
10054
10055
10056
10057
10058
10059
10060
10061
10062
10063
10064
10065
10066
10067
10068
10069
10070
10071
10072
10073
10074
10075
10076
10077
10078
10079
10080
10081
10082
10083
10084
10085
10086
10087
10088
10089
10090
10091
10120
10121
10144
10148
10149
10176
10288
10289
10290
10291
10292
10293
10294
10295
10296
10297
10298
10299
10300
10301
10302
10303
10304
10305
10306
10307
10308
10309
10310
10311
10312
10313
10314
10315
10316
10317
10318
10319
10320
10321
10322
10323
10324
10325
10326
10327
10328
10329
10330
10331
10332
10333
10334
10335
10336
10337
10338
10339
10340
10341
10342
10343
10344
10345
10346
10347
10348
10349
10350
10351
10352
10354
10357
10361
10366
10372
10379
10387
10396
10397
10398
10399
10400
10402
10403
10404
10405
10407
10408
10409
10410
10412
10413
10420
10421
10422
10423
10424
10425
10426
10427
10428
10429
10430
10431
10432
10433
10434
10446
10447
10448
10449
10451
10452
10453
10454
10456
10457
10473
10474
10517
10518
10519
10520
10521
10522
10523
10524
10525
10526
10527
10543
10544
10545
10546
10547
10549
10550
10650
10651
10652
10653
10654
10655
10656
10657
10658
10659
10660
10661
10684
10685
10686
10707
10729
10730
10731
10732
10733
10734
10735
10736
10737
10738
10740
10741
10742
10743
10745
10746
10748
10749
10769
10770
10792
10793
10794
10795
10796
10797
10798
10799
10800
10801
10802
10803
10804
10805
10806
10807
10808
10809
10810
10811
10812
10813
10814
10815
10816
10817
10818
10819
10820
10821
10822
10823
10824
10825
10826
10827
10828
10829
10830
10831
10832
10835
10836
10859
10862
10863
10864
10865
10867
10868
10869
10870
10871
10872
10873
10875
10877
10878
10881
10884
10885
10886
10887
10888
10889
10890
10891
10892
10893
10894
10895
10896
10897
10898
10899
10900
10901
10902
10903
10905
10939
10940
10941
10942
10943
10944
10945
10946
10947
10948
10949
10950
10951
10952
10953
10954
10955
10956
10957
10958
10959
10960
10961
10962
10963
10964
10965
10966
10967
10968
10969
10970
10971
10972
10973
10974
10975
10977
10978
10979
10980
10981
10982
10983
10984
10985
10986
10987
10988
10989
10990
10991
10992
10993
10994
10995
10996
10997
10998
10999
11000
11001
11002
11003
11004
11005
11006
11007
11008
11009
11010
11011
11012
11013
11014
11015
11016
11017
11018
11019
11020
11021
11022
11023
11024
11025
11026
11027
11028
11029
11030
11031
11032
11033
11034
11035
11036
11037
11038
11039
11040
11041
11042
11043
11044
11045
11046
11047
11048
11049
11050
11051
11081
11082
11109
11249
11250
11251
11252
11253
11254
11255
11256
11257
11258
11259
11260
11261
11262
11263
11264
11265
11266
11267
11268
11269
11270
11271
11272
11273
11274
11275
11276
11277
11278
11279
11280
11281
11282
11283
11284
11285
11286
11287
11288
11289
11290
11291
11292
11293
11294
11295
11296
11297
11298
11299
11300
11301
11302
11303
11304
11305
11306
11307
11308
11309
11310
11311
11312
11313
11314
11315
11316
11317
11318
11319
11320
11321
11322
11323
11324
11325
11326
11328
11331
11335
11340
11346
11353
11361
11370
11381
11382
11383
11384
11386
11387
11388
11389
11391
11392
11393
11394
11396
11397
11405
11406
11407
11408
11409
11410
11411
11412
11413
11414
11415
11416
11417
11418
11419
11437
11438
11439
11440
11442
11443
11507
11508
11509
11510
11511
11512
11513
11514
11515
11516
11517
11534
11535
11536
11537
11538
11540
11541
11648
11649
11650
11651
11652
11653
11654
11655
11679
11680
11681
11703
11726
11727
11728
11729
11730
11731
11732
11733
11734
11735
11737
11738
11739
11740
11742
11743
11745
11746
11767
11768
11791
11792
11793
11794
11795
11796
11797
11798
11799
11800
11801
11802
11803
11804
11805
11806
11807
11808
11809
11810
11811
11812
11813
11814
11815
11816
11817
11818
11819
11820
11821
11822
11823
11824
11825
11826
11827
11828
11829
11830
11831
11834
11835
11861
11862
11863
11866
11867
11868
11869
11870
11872
11875
11878
11885
11886
11887
11888
11889
11890
11891
11892
11893
11894
11895
11896
11897
11898
11899
11900
11901
11902
11903
11905
11908
11946
11947
11948
11949
11950
11951
11952
11953
11954
11955
11956
11957
11958
11959
11960
11961
11962
11963
11964
11965
11966
11967
11968
11969
11970
11971
11972
11973
11974
11975
11976
11977
11978
11979
11980
11981
11982
11983
11984
11985
11987
11988
11989
11990
11991
11992
11993
11994
11995
11996
11997
11998
11999
12000
12001
12002
12003
12004
12005
12006
12007
12008
12009
12010
12011
12012
12013
12014
12015
12016
12017
12018
12019
12020
12021
12022
12023
12024
12025
12026
12027
12028
12029
12030
12031
12032
12033
12034
12035
12036
12037
12038
12039
12040
12041
12042
12043
12044
12045
12046
12047
12048
12049
12050
12051
12052
12053
12054
12055
12056
12057
12058
12059
12060
12061
12062
12063
12064
12065
12066
12067
12098
12266
12267
12268
12269
12270
12271
12272
12273
12274
12275
12276
12277
12278
12279
12280
12281
12282
12283
12284
12285
12286
12287
12288
12289
12290
12291
12292
12293
12294
12295
12296
12297
12298
12299
12300
12301
12302
12303
12304
12305
12306
12307
12308
12309
12310
12311
12312
12313
12314
12315
12316
12317
12318
12319
12320
12321
12322
12323
12324
12325
12326
12327
12328
12329
12330
12331
12332
12333
12334
12335
12336
12337
12338
12339
12340
12341
12342
12343
12344
12345
12346
12347
12348
12349
12350
12351
12352
12353
12354
12355
12356
12357
12358
12359
12360
12361
12363
12366
12370
12375
12381
12388
12396
12415
12432
12433
12434
12435
12437
12438
12439
12440
12442
12443
12452
12453
12454
12455
12456
12457
12458
12459
12460
12461
12462
12463
12464
12465
12466
12490
12491
12559
12560
12561
12562
12563
12564
12565
12566
12567
12568
12569
12587
12588
12589
12590
12591
12593
12594
12708
12709
12710
12711
12736
12737
12738
12761
12785
12786
12787
12788
12789
12790
12791
12792
12793
12794
12796
12797
12798
12799
12801
12802
12804
12805
12827
12828
12852
12853
12854
12855
12856
12857
12858
12859
12860
12861
12862
12863
12864
12865
12866
12867
12868
12869
12870
12871
12872
12873
12874
12875
12876
12877
12878
12879
12880
12881
12882
12883
12884
12885
12886
12887
12888
12889
12892
12919
12920
12921
12924
12925
12927
12930
12934
12946
12947
12948
12949
12950
12951
12952
12953
12954
12955
12956
12957
12958
12959
12960
12961
12962
12964
12967
12970
13012
13013
13014
13015
13016
13017
13018
13019
13020
13021
13022
13023
13024
13025
13026
13027
13028
13029
13030
13031
13032
13033
13034
13035
13036
13037
13038
13039
13040
13041
13042
13043
13044
13045
13046
13047
13048
13049
13050
13051
13052
13053
13054
13055
13056
13058
13059
13060
13061
13062
13063
13064
13065
13066
13067
13068
13069
13070
13071
13072
13073
13074
13075
13076
13077
13078
13079
13080
13081
13082
13083
13084
13085
13086
13087
13088
13089
13090
13091
13092
13093
13094
13095
13096
13097
13098
13099
13100
13101
13102
13103
13104
13105
13106
13107
13108
13109
13110
13111
13112
13113
13114
13115
13116
13117
13118
13119
13120
13121
13122
13123
13124
13125
13126
13127
13128
13129
13130
13131
13132
13133
13134
13135
13136
13137
13138
13139
13140
13141
13142
13144
13344
13345
13346
13347
13348
13349
13350
13351
13352
13353
13354
13355
13356
13357
13358
13359
13360
13361
13362
13363
13364
13365
13366
13367
13368
13369
13370
13371
13372
13373
13374
13375
13376
13377
13378
13379
13380
13381
13382
13383
13384
13385
13386
13387
13388
13389
13390
13391
13392
13393
13394
13395
13396
13397
13398
13399
13400
13401
13402
13403
13404
13405
13406
13407
13408
13409
13410
13411
13412
13413
13414
13415
13416
13417
13418
13419
13420
13421
13422
13423
13424
13425
13426
13427
13428
13429
13430
13431
13432
13433
13434
13435
13436
13437
13438
13439
13441
13442
13443
13444
13445
13446
13447
13448
13449
13450
13451
13452
13453
13454
13455
13456
13457
13458
13459
13460
13461
13466
13470
13475
13481
13488
13496
13505
13526
13549
13550
13551
13552
13554
13555
13565
13566
13567
13568
13569
13570
13571
13572
13573
13574
13575
13576
13577
13578
13579
13677
13678
13679
13680
13681
13682
13683
13684
13685
13686
13687
13706
13707
13708
13709
13710
13712
13713
13832
13833
13859
13860
13861
13885
13910
13911
13912
13913
13914
13915
13916
13917
13918
13919
13921
13922
13923
13924
13926
13927
13929
13930
13953
13978
13979
13980
13981
13982
13983
13984
13985
13986
13987
13988
13989
13990
13991
13992
13993
13994
13995
13996
13997
13998
13999
14000
14001
14002
14003
14004
14005
14006
14007
14008
14009
14010
14011
14041
14042
14043
14047
14050
14054
14058
14072
14073
14074
14075
14076
14077
14078
14079
14080
14081
14082
14083
14084
14085
14087
14090
14093
14097
14140
14141
14142
14143
14144
14145
14146
14147
14148
14149
14150
14151
14152
14153
14154
14155
14156
14157
14158
14159
14160
14161
14162
14163
14164
14165
14166
14167
14168
14169
14170
14171
14172
14173
14174
14175
14176
14177
14178
14179
14180
14181
14182
14183
14184
14185
14186
14187
14189
14190
14192
14193
14194
14195
14196
14197
14198
14199
14201
14202
14203
14204
14205
14206
14207
14208
14209
14210
14211
14212
14213
14214
14215
14216
14217
14218
14219
14220
14221
14222
14223
14224
14225
14226
14227
14228
14229
14230
14231
14232
14233
14234
14235
14236
14237
14238
14239
14240
14241
14242
14243
14244
14245
14246
14247
14248
14249
14250
14251
14252
14253
14254
14255
14256
14257
14258
14259
14260
14261
14262
14263
14264
14265
14266
14267
14268
14269
14270
14271
14272
14273
14274
14275
14276
14277
14278
14280
14281
14284
14485
14486
14487
14488
14489
14490
14491
14492
14493
14494
14495
14496
14497
14498
14499
14500
14501
14502
14503
14504
14505
14506
14507
14508
14509
14510
14511
14512
14513
14514
14515
14516
14517
14518
14519
14520
14521
14522
14523
14524
14525
14526
14527
14528
14529
14530
14531
14532
14533
14534
14535
14536
14537
14538
14539
14540
14541
14542
14543
14544
14545
14546
14547
14548
14549
14550
14551
14552
14553
14554
14555
14556
14557
14558
14559
14560
14561
14562
14563
14564
14565
14566
14567
14568
14569
14570
14571
14572
14573
14574
14575
14576
14577
14578
14579
14580
14581
14582
14583
14584
14585
14586
14587
14588
14589
14590
14591
14592
14593
14594
14595
14596
14598
14599
14600
14601
14602
14603
14604
14605
14607
14612
14613
14614
14615
14616
14617
14618
14619
14620
14621
14622
14623
14624
14625
14626
14627
14628
14637
14642
14648
14655
14663
14672
14682
14705
14734
14735
14746
14747
14748
14749
14750
14751
14752
14753
14754
14755
14756
14757
14758
14759
14760
14863
14864
14865
14866
14867
14868
14869
14870
14871
14872
14873
14893
14894
14895
14896
14897
14899
14900
15047
15048
15049
15074
15100
15101
15102
15103
15104
15105
15106
15108
15109
15110
15111
15113
15114
15116
15117
15166
15167
15168
15169
15170
15171
15172
15173
15174
15175
15176
15177
15178
15179
15180
15181
15182
15183
15184
15185
15186
15187
15188
15189
15190
15191
15192
15193
15194
15195
15225
15226
15227
15231
15235
15239
15243
15259
15260
15261
15262
15263
15264
15265
15266
15267
15268
15269
15270
15273
15276
15280
15284
15331
15332
15333
15334
15335
15336
15337
15338
15339
15340
15341
15342
15343
15344
15345
15346
15347
15348
15349
15350
15351
15352
15353
15354
15355
15356
15357
15358
15359
15360
15361
15362
15363
15364
15365
15366
15367
15368
15369
15370
15371
15372
15373
15374
15375
15377
15378
15379
15380
15382
15383
15384
15387
15389
15390
15391
15393
15394
15395
15398
15399
15400
15401
15402
15403
15404
15405
15406
15407
15408
15409
15410
15411
15412
15413
15414
15415
15416
15417
15418
15419
15420
15421
15422
15423
15424
15425
15426
15427
15428
15429
15430
15431
15432
15433
15434
15435
15436
15437
15438
15439
15440
15441
15442
15443
15444
15445
15446
15447
15448
15449
15450
15451
15452
15453
15454
15455
15456
15457
15458
15459
15460
15461
15462
15463
15464
15465
15466
15467
15468
15469
15470
15471
15472
15473
15474
15475
15476
15477
15479
15480
15483
15484
15488
15690
15691
15692
15693
15694
15695
15696
15697
15698
15699
15700
15701
15702
15703
15704
15705
15706
15707
15708
15709
15710
15711
15712
15713
15714
15715
15716
15717
15718
15719
15720
15721
15722
15723
15724
15725
15726
15727
15728
15729
15730
15731
15732
15733
15734
15735
15736
15737
15738
15739
15740
15741
15742
15743
15744
15745
15746
15747
15748
15749
15750
15751
15752
15753
15754
15755
15756
15757
15758
15759
15760
15761
15762
15763
15764
15765
15766
15767
15768
15769
15770
15771
15772
15773
15774
15775
15776
15777
15778
15779
15780
15781
15782
15783
15784
15785
15786
15787
15788
15789
15790
15791
15792
15793
15794
15795
15796
15797
15798
15799
15800
15801
15802
15803
15804
15805
15806
15807
15809
15810
15811
15812
15813
15814
15815
15816
15817
15818
15819
15820
15821
15822
15823
15824
15825
15827
15829
15830
15831
15832
15833
15834
15835
15837
15846
15847
15848
15849
15850
15851
15852
15853
15854
15855
15856
15857
15858
15861
15873
15879
15886
15894
15903
15913
15924
15949
15992
15993
15994
15995
15996
15997
15998
15999
16000
16001
16002
16003
16004
16005
16006
16114
16115
16116
16117
16118
16119
16120
16121
16122
16123
16124
16145
16146
16147
16148
16149
16151
16152
16303
16304
16305
16331
16358
16359
16361
16362
16363
16364
16366
16367
16369
16370
16420
16421
16422
16423
16424
16425
16426
16427
16428
16429
16430
16431
16432
16433
16434
16435
16436
16437
16438
16439
16440
16441
16442
16443
16444
16445
16475
16476
16477
16484
16488
16511
16512
16513
16514
16515
16516
16517
16518
16519
16520
16521
16522
16525
16529
16533
16589
16590
16591
16592
16593
16594
16595
16596
16597
16598
16599
16600
16601
16602
16603
16604
16605
16606
16607
16608
16609
16610
16611
16612
16613
16614
16615
16616
16617
16618
16619
16620
16621
16622
16623
16624
16625
16626
16627
16629
16630
16631
16632
16634
16635
16636
16639
16640
16641
16642
16645
16646
16649
16651
16652
16655
16656
16657
16661
16662
16663
16664
16665
16666
16667
16668
16669
16670
16671
16672
16673
16674
16675
16676
16677
16678
16679
16680
16681
16682
16683
16684
16685
16686
16687
16688
16689
16690
16691
16692
16693
16694
16695
16696
16697
16698
16699
16700
16701
16702
16703
16704
16705
16706
16707
16708
16709
16710
16711
16712
16713
16714
16715
16716
16717
16718
16719
16720
16721
16722
16723
16724
16725
16726
16727
16728
16729
16730
16731
16732
16733
16734
16735
16736
16738
16739
16740
16741
16743
16744
16745
16748
16749
16753
16754
16758
16961
16962
16963
16964
16965
16966
16967
16968
16969
16970
16971
16972
16973
16974
16975
16976
16977
16978
16979
16980
16981
16982
16983
16984
16985
16986
16987
16988
16989
16990
16991
16992
16993
16994
16995
16996
16997
16998
16999
17000
17001
17002
17003
17004
17005
17006
17007
17008
17009
17010
17011
17012
17013
17014
17015
17016
17017
17018
17019
17020
17021
17022
17023
17024
17025
17026
17027
17028
17029
17030
17031
17032
17033
17034
17035
17036
17037
17038
17039
17040
17041
17042
17043
17044
17045
17046
17047
17048
17049
17050
17051
17052
17053
17054
17055
17056
17057
17058
17059
17060
17061
17062
17063
17064
17065
17066
17067
17068
17069
17070
17071
17072
17073
17074
17075
17076
17077
17078
17079
17080
17081
17082
17083
17084
17085
17086
17087
17088
17089
17090
17091
17092
17093
17094
17095
17096
17097
17098
17099
17100
17101
17102
17103
17104
17106
17107
17113
17114
17115
17116
17117
17118
17119
17120
17121
17122
17123
17124
17125
17128
17130
17131
17132
17133
17134
17135
17136
17148
17149
17150
17151
17152
17153
17154
17155
17156
17157
17158
17159
17165
17180
17187
17195
17204
17214
17225
17237
17264
17309
17310
17311
17312
17313
17314
17315
17316
17317
17318
17319
17320
17321
17322
17323
17436
17437
17438
17439
17440
17441
17442
17443
17444
17445
17446
17468
17469
17470
17471
17472
17474
17475
17627
17628
17629
17630
17631
17632
17686
17687
17689
17690
17692
17693
17744
17745
17746
17747
17748
17749
17750
17751
17752
17753
17754
17755
17756
17757
17758
17759
17760
17761
17762
17763
17764
17765
17795
17796
17804
17836
17837
17838
17839
17840
17841
17842
17843
17844
17845
17846
17850
17854
17920
17921
17922
17923
17924
17925
17926
17927
17928
17929
17930
17931
17932
17933
17934
17935
17936
17937
17938
17939
17940
17941
17942
17943
17944
17945
17946
17947
17948
17949
17950
17951
17952
17954
17955
17956
17957
17959
17960
17961
17964
17965
17966
17969
17970
17971
17974
17975
17976
17977
17980
17981
17985
17987
17988
17992
17993
17994
17998
17999
18000
18001
18002
18003
18004
18005
18006
18007
18008
18009
18010
18011
18012
18013
18014
18015
18016
18017
18018
18019
18020
18021
18022
18023
18024
18025
18026
18027
18028
18029
18030
18031
18032
18033
18034
18035
18036
18037
18038
18039
18040
18041
18042
18043
18044
18045
18046
18047
18048
18049
18050
18051
18052
18053
18054
18055
18056
18057
18058
18059
18060
18061
18062
18063
18064
18065
18066
18067
18068
18069
18071
18072
18073
18074
18076
18077
18078
18081
18082
18083
18086
18087
18088
18092
18093
18097
18098
18102
18306
18307
18308
18309
18310
18311
18312
18313
18314
18315
18316
18317
18318
18319
18320
18321
18322
18323
18324
18325
18326
18327
18328
18329
18330
18331
18332
18333
18334
18335
18336
18337
18338
18339
18340
18341
18342
18343
18344
18345
18346
18347
18348
18349
18350
18351
18352
18353
18354
18355
18356
18357
18358
18359
18360
18361
18362
18363
18364
18365
18366
18367
18368
18369
18370
18371
18372
18373
18374
18375
18376
18377
18378
18379
18380
18381
18382
18383
18384
18385
18386
18387
18388
18389
18390
18391
18392
18393
18394
18395
18396
18397
18398
18399
18400
18401
18402
18403
18404
18405
18406
18407
18408
18409
18410
18411
18412
18413
18414
18415
18416
18417
18418
18419
18420
18421
18422
18425
18426
18427
18428
18429
18430
18431
18432
18433
18434
18435
18436
18437
18438
18439
18440
18441
18442
18443
18444
18445
18446
18447
18448
18449
18450
18451
18452
18453
18454
18455
18456
18457
18458
18459
18460
18461
18462
18463
18464
18465
18466
18467
18468
18469
18470
18471
18472
18473
18474
18475
18476
18477
18478
18479
18480
18481
18482
18484
18485
18495
18496
18497
18498
18499
18500
18501
18502
18503
18507
18509
18510
18511
18512
18513
18514
18515
18527
18528
18529
18530
18531
18532
18533
18534
18535
18536
18537
18538
18548
18566
18574
18583
18593
18604
18616
18629
18658
18705
18706
18707
18708
18709
18710
18711
18712
18713
18714
18715
18716
18717
18718
18719
18837
18838
18839
18840
18841
18842
18843
18844
18845
18846
18847
18870
18871
18872
18873
18874
18875
18876
18877
18879
18880
19036
19091
19093
19094
19146
19147
19148
19149
19150
19151
19152
19153
19154
19155
19156
19157
19158
19159
19160
19161
19162
19163
19193
19242
19243
19244
19245
19246
19247
19248
19249
19250
19254
19328
19329
19330
19331
19332
19333
19334
19335
19336
19337
19338
19339
19340
19341
19342
19343
19344
19345
19346
19347
19348
19349
19350
19351
19352
19353
19354
19356
19357
19358
19359
19361
19362
19363
19366
19367
19368
19371
19372
19373
19376
19377
19378
19381
19382
19383
19387
19388
19389
19390
19394
19395
19399
19401
19402
19406
19407
19408
19412
19413
19414
19415
19416
19417
19418
19419
19420
19422
19423
19424
19425
19427
19428
19429
19430
19431
19432
19433
19434
19435
19436
19437
19438
19439
19440
19441
19442
19443
19444
19445
19446
19447
19448
19449
19450
19451
19452
19453
19454
19455
19456
19457
19458
19459
19460
19461
19462
19463
19464
19465
19466
19467
19468
19469
19470
19471
19472
19473
19474
19475
19476
19477
19478
19479
19480
19481
19482
19483
19484
19485
19486
19487
19488
19491
19492
19493
19496
19497
19498
19502
19503
19504
19508
19509
19510
19514
19515
19519
19520
19728
19729
19730
19731
19732
19733
19734
19735
19736
19737
19738
19739
19740
19741
19742
19743
19744
19745
19746
19747
19748
19749
19750
19751
19752
19753
19754
19755
19756
19757
19758
19759
19760
19761
19762
19763
19764
19765
19766
19767
19768
19769
19770
19771
19772
19773
19774
19775
19776
19777
19778
19779
19780
19781
19782
19783
19784
19785
19786
19787
19788
19789
19790
19791
19792
19793
19794
19795
19796
19797
19798
19799
19800
19801
19802
19803
19804
19805
19806
19807
19808
19809
19810
19811
19812
19813
19814
19815
19816
19817
19818
19819
19820
19821
19822
19823
19824
19825
19826
19827
19828
19829
19830
19831
19832
19833
19834
19835
19836
19837
19838
19839
19840
19841
19842
19843
19844
19847
19848
19849
19850
19851
19852
19853
19854
19855
19856
19857
19858
19859
19860
19861
19862
19863
19864
19865
19866
19867
19868
19869
19870
19871
19872
19873
19877
19878
19879
19880
19881
19882
19883
19884
19885
19886
19887
19888
19889
19890
19891
19892
19893
19894
19895
19896
19897
19898
19899
19900
19901
19902
19903
19904
19905
19906
19907
19908
19909
19910
19911
19912
19913
19914
19915
19916
19917
19918
19919
19920
19921
19922
19923
19924
19925
19926
19927
19928
19929
19930
19931
19932
19933
19934
19935
19936
19937
19939
19940
19954
19955
19956
19957
19958
19963
19965
19966
19967
19968
19969
19970
19971
19983
19984
19985
19986
19987
19988
19989
19990
19991
19992
19993
19994
19995
19996
19997
20012
20033
20042
20052
20063
20075
20088
20102
20133
20134
20135
20184
20185
20186
20187
20188
20189
20190
20191
20192
20193
20194
20195
20196
20197
20198
20321
20322
20323
20324
20325
20326
20327
20328
20329
20330
20331
20332
20333
20334
20358
20359
20360
20361
20573
20626
20627
20628
20629
20630
20631
20632
20633
20634
20635
20636
20637
20638
20639
20731
20732
20733
20734
20735
20736
20822
20823
20824
20825
20826
20827
20828
20829
20830
20831
20832
20833
20834
20835
20836
20837
20838
20839
20840
20841
20842
20844
20845
20846
20847
20849
20850
20851
20854
20855
20856
20859
20860
20861
20864
20865
20866
20869
20870
20871
20875
20876
20877
20881
20882
20883
20887
20888
20889
20890
20894
20895
20900
20901
20905
20906
20907
20911
20912
20913
20914
20915
20917
20918
20921
20922
20925
20926
20927
20928
20929
20930
20931
20932
20933
20934
20935
20936
20937
20938
20939
20940
20941
20942
20943
20944
20945
20946
20947
20948
20949
20950
20951
20952
20953
20954
20955
20956
20957
20958
20959
20960
20961
20962
20963
20964
20965
20966
20967
20968
20969
20970
20971
20972
20973
20974
20975
20976
20977
20978
20979
20980
20981
20982
20983
20984
20985
20986
20987
20988
20990
20991
20992
20996
20997
20998
21002
21003
21004
21008
21009
21010
21014
21015
21016
21020
21021
21232
21233
21234
21235
21236
21237
21238
21239
21240
21241
21242
21243
21244
21245
21246
21247
21248
21249
21250
21251
21252
21253
21254
21255
21256
21257
21258
21259
21260
21261
21262
21263
21264
21265
21266
21267
21268
21269
21270
21271
21272
21273
21274
21275
21276
21277
21278
21279
21280
21281
21282
21283
21284
21285
21286
21287
21288
21289
21290
21291
21292
21293
21294
21295
21296
21297
21298
21299
21300
21301
21302
21303
21304
21305
21306
21307
21308
21309
21310
21311
21312
21313
21314
21315
21316
21317
21318
21319
21320
21321
21322
21323
21324
21325
21326
21327
21328
21329
21330
21331
21332
21333
21334
21335
21336
21337
21338
21339
21340
21341
21342
21343
21344
21345
21346
21347
21348
21349
21350
21351
21354
21355
21356
21357
21358
21359
21360
21361
21362
21363
21364
21365
21366
21367
21368
21369
21370
21371
21372
21373
21374
21375
21376
21377
21378
21379
21380
21384
21385
21386
21387
21388
21389
21390
21391
21392
21393
21394
21395
21396
21397
21398
21399
21400
21401
21402
21403
21404
21405
21406
21407
21408
21409
21416
21417
21418
21419
21420
21421
21422
21423
21424
21425
21426
21427
21428
21429
21430
21431
21432
21433
21434
21435
21436
21437
21438
21439
21440
21441
21442
21443
21444
21445
21446
21447
21448
21449
21450
21451
21452
21453
21454
21455
21456
21457
21458
21459
21460
21461
21462
21463
21464
21465
21466
21467
21468
21469
21470
21471
21472
21473
21475
21476
21492
21493
21494
21500
21502
21503
21504
21505
21506
21507
21508
21509
21510
21511
21512
21513
21525
21526
21527
21528
21529
21530
21531
21532
21533
21534
21535
21556
21580
21590
21601
21613
21626
21640
21655
21656
21657
21690
21691
21692
21693
21694
21745
21746
21747
21748
21749
21750
21751
21752
21753
21754
21755
21756
21757
21758
21759
21760
21761
21762
21888
21889
21890
21891
21892
21893
21894
21895
21920
22189
22190
22191
22192
22193
22194
22195
22196
22197
22198
22309
22310
22406
22407
22408
22409
22410
22411
22412
22413
22414
22415
22416
22417
22418
22420
22421
22422
22423
22425
22426
22427
22430
22431
22432
22435
22436
22437
22440
22441
22442
22445
22446
22447
22451
22452
22453
22457
22458
22459
22463
22464
22465
22469
22470
22471
22475
22476
22480
22485
22486
22490
22494
22495
22496
22497
22498
22501
22505
22506
22510
22511
22512
22513
22514
22515
22516
22517
22518
22519
22520
22521
22522
22523
22524
22525
22526
22527
22528
22529
22530
22531
22532
22533
22534
22535
22536
22537
22538
22539
22540
22541
22542
22543
22544
22545
22546
22547
22548
22549
22550
22551
22552
22553
22554
22555
22556
22557
22558
22559
22560
22561
22562
22563
22564
22565
22566
22567
22568
22569
22571
22572
22573
22574
22576
22577
22578
22581
22582
22583
22587
22588
22589
22593
22594
22595
22599
22600
22601
22605
22606
22607
22822
22823
22824
22825
22826
22827
22828
22829
22830
22831
22832
22833
22834
22835
22836
22837
22838
22839
22840
22841
22842
22843
22844
22845
22846
22847
22848
22849
22850
22851
22852
22853
22854
22855
22856
22857
22858
22859
22860
22861
22862
22863
22864
22865
22866
22867
22868
22869
22870
22871
22872
22873
22874
22875
22876
22877
22878
22879
22880
22881
22882
22883
22884
22885
22886
22887
22888
22889
22890
22891
22892
22893
22894
22895
22896
22897
22898
22899
22900
22901
22902
22903
22904
22905
22906
22907
22908
22909
22910
22911
22912
22913
22914
22915
22916
22917
22918
22920
22921
22922
22923
22924
22925
22926
22927
22928
22929
22930
22931
22932
22933
22934
22935
22936
22937
22938
22939
22940
22941
22942
22943
22944
22945
22946
22948
22949
22950
22951
22952
22953
22954
22955
22956
22957
22958
22959
22960
22961
22962
22963
22964
22965
22966
22967
22968
22969
22970
22971
22972
22973
22974
22978
22979
22980
22981
22982
22983
22984
22985
22986
22987
22988
22989
22990
22991
22992
22993
22994
22995
22996
22997
22998
22999
23000
23001
23002
23003
23008
23009
23010
23011
23012
23013
23014
23015
23016
23017
23018
23019
23020
23021
23022
23023
23024
23025
23026
23027
23028
23029
23030
23042
23043
23044
23045
23046
23047
23048
23049
23050
23051
23052
23053
23054
23055
23056
23057
23058
23059
23060
23061
23062
23063
23064
23065
23066
23067
23068
23069
23070
23071
23072
23073
23074
23075
23076
23077
23078
23079
23080
23081
23082
23083
23084
23085
23086
23087
23088
23089
23090
23091
23110
23117
23119
23120
23121
23122
23123
23124
23125
23126
23127
23128
23129
23130
23131
23132
23133
23145
23146
23147
23148
23149
23150
23151
23152
23153
23181
23208
23219
23231
23244
23258
23273
23274
23275
23291
23292
23293
23294
23295
23330
23331
23332
23333
23334
23335
23336
23337
23338
23339
23392
23393
23394
23395
23396
23397
23398
23399
23400
23401
23402
23403
23532
23533
23534
23535
23824
23825
23826
23827
23828
23829
24068
24069
24070
24072
24073
24074
24075
24077
24078
24079
24082
24083
24084
24087
24088
24089
24092
24093
24094
24097
24098
24099
24103
24104
24105
24109
24110
24111
24115
24116
24117
24121
24122
24123
24127
24128
24132
24137
24147
24155
24156
24157
24158
24159
24163
24167
24168
24172
24173
24174
24175
24176
24177
24178
24179
24180
24181
24182
24183
24184
24185
24186
24187
24188
24189
24190
24191
24192
24193
24194
24195
24196
24197
24198
24199
24200
24201
24202
24203
24204
24205
24206
24207
24208
24209
24210
24211
24212
24213
24214
24215
24216
24217
24218
24219
24220
24221
24222
24223
24224
24225
24226
24227
24229
24230
24231
24232
24234
24235
24236
24239
24240
24241
24244
24245
24246
24250
24251
24252
24256
24257
24258
24262
24263
24264
24268
24269
24273
24490
24491
24492
24494
24495
24496
24497
24498
24499
24500
24501
24502
24503
24504
24505
24506
24507
24508
24509
24510
24511
24512
24513
24514
24515
24516
24517
24518
24519
24520
24521
24522
24523
24524
24525
24526
24527
24528
24529
24530
24531
24532
24533
24534
24535
24536
24537
24538
24539
24540
24541
24542
24543
24544
24545
24546
24547
24548
24549
24550
24551
24552
24553
24554
24555
24556
24557
24558
24559
24560
24561
24562
24563
24564
24565
24566
24567
24568
24569
24570
24571
24572
24573
24574
24575
24576
24577
24578
24579
24580
24581
24582
24583
24584
24585
24586
24587
24588
24589
24590
24591
24592
24593
24594
24595
24596
24597
24598
24599
24600
24601
24602
24603
24604
24605
24606
24607
24608
24609
24610
24611
24612
24613
24614
24615
24618
24619
24620
24621
24622
24623
24624
24625
24626
24627
24628
24629
24630
24631
24632
24633
24634
24635
24636
24637
24638
24639
24640
24641
24642
24643
24646
24647
24648
24649
24650
24651
24652
24653
24654
24655
24656
24657
24658
24659
24660
24661
24662
24663
24664
24665
24666
24667
24668
24669
24670
24671
24676
24677
24678
24679
24680
24681
24682
24683
24684
24685
24686
24687
24688
24689
24690
24691
24692
24693
24694
24695
24696
24697
24698
24704
24705
24706
24707
24708
24709
24710
24711
24712
24713
24714
24715
24716
24717
24718
24719
24720
24721
24722
24723
24745
24746
24747
24748
24749
24750
24751
24752
24753
24754
24755
24756
24757
24758
24759
24760
24761
24762
24763
24764
24765
24766
24767
24768
24769
24770
24771
24772
24773
24774
24775
24776
24777
24778
24779
24780
24781
24782
24783
24784
24803
24811
24813
24814
24815
24816
24817
24818
24819
24820
24821
24822
24823
24824
24825
24826
24827
24828
24829
24830
24842
24843
24844
24845
24846
24847
24883
24913
24925
24938
24952
24967
24968
24969
24985
24986
24987
24988
24989
25006
25007
25008
25009
25010
25011
25012
25049
25050
25051
25052
25053
25054
25055
25056
25111
25112
25113
25114
25115
25116
25117
25118
25249
25535
25536
25537
25811
25812
25815
25816
25817
25820
25821
25822
25825
25826
25827
25830
25831
25832
25836
25837
25838
25842
25843
25844
25848
25849
25850
25854
25855
25856
25860
25861
25865
25870
25900
25901
25902
25903
25904
25908
25912
25913
25917
25918
25919
25920
25921
25922
25923
25924
25925
25926
25927
25928
25929
25930
25931
25932
25933
25934
25935
25936
25937
25938
25939
25940
25941
25942
25943
25944
25945
25946
25947
25948
25949
25950
25951
25952
25953
25954
25955
25956
25957
25958
25959
25960
25961
25962
25963
25964
25965
25966
25967
25968
25970
25971
25972
25973
25975
25976
25977
25980
25981
25982
25985
25986
25987
25991
25992
25993
25997
25998
25999
26003
26004
26005
26009
26010
26014
26018
26241
26242
26243
26245
26246
26249
26250
26251
26252
26253
26254
26255
26256
26257
26258
26259
26260
26261
26262
26263
26264
26265
26266
26267
26268
26269
26270
26271
26272
26273
26274
26275
26276
26277
26278
26279
26280
26281
26282
26283
26284
26285
26286
26287
26288
26289
26290
26291
26292
26293
26294
26295
26296
26297
26298
26299
26300
26301
26302
26303
26304
26305
26306
26307
26308
26309
26310
26311
26312
26313
26314
26315
26316
26317
26318
26319
26320
26321
26322
26323
26324
26325
26326
26327
26328
26329
26330
26331
26332
26333
26334
26335
26336
26337
26338
26339
26340
26341
26342
26343
26344
26345
26346
26347
26348
26349
26350
26351
26352
26353
26354
26355
26356
26357
26358
26359
26360
26361
26362
26363
26364
26365
26366
26367
26368
26369
26370
26371
26372
26373
26374
26375
26376
26377
26378
26379
26380
26381
26382
26383
26384
26385
26386
26387
26388
26389
26390
26391
26392
26393
26394
26395
26396
26397
26398
26399
26400
26401
26402
26403
26404
26405
26406
26407
26408
26410
26413
26414
26415
26416
26417
26418
26419
26420
26421
26422
26423
26424
26425
26426
26427
26428
26429
26430
26431
26432
26433
26434
26435
26436
26437
26438
26442
26443
26444
26445
26446
26447
26448
26449
26450
26451
26452
26453
26454
26455
26456
26457
26458
26459
26460
26461
26462
26463
26464
26470
26471
26472
26473
26474
26475
26476
26477
26478
26479
26480
26481
26482
26483
26484
26485
26486
26487
26488
26489
26499
26500
26501
26502
26503
26504
26505
26506
26507
26508
26509
26510
26511
26512
26513
26514
26546
26547
26548
26549
26550
26551
26552
26553
26554
26555
26556
26557
26558
26559
26560
26561
26562
26563
26564
26565
26566
26567
26568
26569
26570
26571
26572
26573
26574
26575
26594
26603
26605
26606
26607
26608
26609
26610
26611
26612
26613
26614
26615
26616
26617
26618
26619
26620
26621
26622
26623
26638
26639
26640
26685
26718
26731
26745
26760
26761
26762
26778
26779
26780
26781
26782
26799
26800
26801
26802
26803
26804
26805
26806
26808
26809
26826
26827
26828
26829
26830
26831
26832
26833
26874
26875
26876
26877
26878
26879
26880
26881
26937
26938
26939
26940
27352
27658
27659
27662
27663
27664
27667
27668
27669
27673
27674
27675
27679
27680
27681
27685
27686
27687
27691
27692
27693
27697
27698
27702
27707
27753
27754
27755
27756
27757
27764
27765
27769
27770
27771
27772
27773
27774
27775
27776
27777
27778
27779
27780
27781
27782
27783
27784
27785
27786
27787
27788
27789
27790
27791
27792
27793
27794
27795
27796
27797
27798
27799
27800
27801
27802
27803
27804
27805
27806
27807
27808
27809
27810
27811
27812
27813
27814
27815
27817
27818
27819
27820
27822
27823
27824
27825
27828
27829
27832
27833
27834
27838
27839
27840
27844
27845
27846
27850
27851
27852
27856
27857
27858
27862
27863
27867
28102
28104
28105
28106
28107
28110
28111
28115
28116
28117
28118
28119
28120
28121
28122
28123
28124
28125
28126
28127
28128
28129
28130
28131
28132
28133
28134
28135
28136
28137
28138
28139
28140
28141
28142
28143
28144
28145
28146
28147
28148
28149
28150
28151
28152
28153
28154
28155
28156
28157
28158
28159
28160
28161
28162
28163
28164
28165
28166
28167
28168
28169
28170
28171
28172
28173
28174
28175
28176
28177
28178
28179
28180
28181
28182
28183
28184
28185
28186
28187
28188
28189
28190
28191
28192
28193
28194
28195
28196
28197
28198
28199
28200
28201
28202
28203
28204
28205
28206
28207
28208
28209
28210
28211
28212
28213
28214
28215
28216
28217
28218
28219
28220
28221
28222
28223
28224
28225
28226
28227
28228
28229
28230
28231
28232
28233
28234
28235
28236
28237
28238
28239
28240
28241
28242
28243
28244
28245
28246
28247
28248
28249
28250
28251
28252
28253
28254
28255
28256
28257
28258
28259
28260
28261
28262
28263
28264
28265
28266
28267
28268
28269
28270
28271
28272
28273
28274
28275
28276
28277
28278
28279
28280
28281
28282
28283
28284
28285
28286
28287
28288
28289
28290
28291
28292
28293
28294
28295
28296
28297
28300
28303
28304
28305
28306
28307
28308
28309
28310
28311
28312
28313
28314
28315
28316
28317
28318
28319
28320
28321
28322
28323
28324
28325
28326
28327
28328
28329
28334
28335
28336
28337
28338
28339
28340
28341
28342
28343
28344
28345
28346
28347
28348
28349
28350
28351
28352
28353
28363
28364
28365
28366
28367
28368
28369
28370
28371
28372
28373
28374
28375
28376
28377
28378
28392
28393
28394
28395
28396
28397
28398
28399
28400
28401
28402
28403
28443
28444
28445
28446
28447
28448
28449
28450
28451
28452
28453
28454
28455
28456
28457
28458
28459
28460
28461
28462
28463
28464
28486
28496
28503
28504
28505
28506
28507
28508
28509
28510
28511
28512
28513
28514
28515
28516
28517
28518
28519
28520
28531
28586
28624
28638
28653
28654
28655
28671
28672
28673
28674
28675
28692
28693
28694
28695
28696
28697
28698
28699
28701
28702
28719
28720
28721
28722
28723
28724
28727
28728
28745
28746
28747
28748
28749
28750
28751
28752
28796
28797
28798
28799
28800
28801
28858
29606
29607
29611
29612
29613
29617
29618
29619
29623
29624
29625
29629
29630
29631
29635
29636
29640
29645
29710
29711
29712
29719
29723
29724
29725
29726
29727
29728
29729
29730
29731
29732
29733
29734
29735
29736
29737
29738
29739
29740
29741
29742
29743
29744
29745
29746
29747
29748
29749
29750
29751
29752
29753
29754
29755
29756
29757
29758
29759
29760
29761
29762
29763
29765
29766
29767
29768
29770
29771
29772
29775
29776
29777
29780
29781
29782
29783
29787
29788
29792
29793
29794
29798
29799
29800
29804
29805
29806
29810
29811
29812
29816
29817
29818
30068
30070
30073
30074
30075
30076
30077
30081
30082
30083
30084
30085
30090
30091
30092
30093
30094
30095
30096
30097
30098
30099
30100
30101
30102
30103
30104
30105
30106
30107
30108
30109
30110
30111
30112
30113
30114
30115
30116
30117
30118
30119
30120
30121
30122
30123
30124
30125
30126
30127
30128
30129
30130
30131
30132
30133
30134
30135
30136
30137
30138
30139
30140
30141
30142
30143
30144
30145
30146
30147
30148
30149
30150
30151
30152
30153
30154
30155
30156
30157
30158
30159
30160
30161
30162
30163
30164
30165
30166
30167
30168
30169
30170
30171
30172
30173
30174
30175
30176
30177
30178
30179
30180
30181
30182
30183
30184
30185
30186
30187
30188
30189
30190
30191
30192
30193
30194
30195
30196
30197
30198
30199
30200
30201
30202
30203
30204
30205
30206
30207
30208
30209
30210
30211
30212
30213
30214
30215
30216
30217
30218
30219
30220
30221
30222
30223
30224
30225
30226
30227
30228
30229
30230
30231
30232
30233
30234
30235
30236
30237
30238
30239
30240
30241
30242
30243
30244
30245
30246
30247
30248
30249
30250
30251
30252
30253
30254
30255
30256
30257
30258
30259
30260
30261
30262
30263
30264
30265
30266
30267
30268
30269
30270
30271
30272
30273
30274
30275
30276
30277
30278
30279
30280
30281
30282
30283
30284
30285
30286
30287
30288
30289
30290
30291
30292
30293
30294
30298
30301
30302
30303
30304
30305
30306
30307
30308
30309
30310
30311
30312
30313
30314
30315
30316
30317
30318
30319
30320
30321
30322
30323
30324
30325
30326
30335
30336
30337
30338
30339
30340
30341
30342
30343
30344
30345
30346
30347
30348
30349
30350
30364
30365
30366
30367
30368
30369
30370
30371
30372
30373
30374
30375
30393
30394
30395
30396
30397
30398
30399
30400
30451
30452
30453
30454
30455
30456
30457
30458
30459
30460
30461
30462
30463
30464
30487
30503
30508
30509
30510
30511
30512
30513
30514
30515
30516
30517
30518
30519
30520
30521
30522
30523
30524
30533
30534
30599
30644
30659
30660
30661
30677
30678
30679
30680
30681
30698
30699
30700
30701
30702
30703
30704
30705
30707
30708
30725
30727
30728
30729
30730
30731
30733
30734
30751
30752
30753
30754
30755
30756
30759
30760
30777
30778
30779
30780
30781
30782
30783
30830
30831
31657
31658
31662
31663
31664
31668
31669
31670
31674
31675
31679
31684
31770
31782
31783
31784
31785
31786
31787
31788
31789
31790
31791
31792
31793
31794
31795
31796
31797
31798
31799
31800
31801
31802
31803
31804
31805
31806
31807
31808
31809
31810
31811
31812
31813
31814
31815
31816
31818
31819
31820
31821
31823
31824
31825
31828
31829
31830
31833
31834
31835
31839
31840
31841
31845
31846
31847
31848
31852
31853
31857
31858
31859
31863
31864
31865
31869
31870
31871
31875
31876
31880
32136
32138
32141
32145
32146
32147
32148
32149
32150
32151
32152
32153
32158
32159
32160
32161
32162
32163
32164
32165
32174
32175
32176
32177
32178
32179
32180
32181
32182
32183
32184
32185
32186
32187
32188
32189
32190
32191
32192
32193
32194
32195
32196
32197
32198
32199
32200
32201
32202
32203
32204
32205
32206
32207
32208
32209
32210
32211
32212
32213
32214
32215
32216
32217
32218
32219
32220
32221
32222
32223
32224
32225
32226
32227
32228
32229
32230
32231
32232
32233
32234
32235
32236
32237
32238
32239
32240
32241
32242
32243
32244
32245
32246
32247
32248
32249
32250
32251
32252
32253
32254
32255
32256
32257
32258
32259
32260
32261
32262
32263
32264
32265
32266
32267
32268
32269
32270
32271
32272
32273
32274
32275
32276
32277
32278
32279
32280
32281
32282
32283
32284
32285
32286
32287
32288
32289
32290
32291
32292
32293
32294
32295
32296
32297
32298
32299
32300
32301
32302
32303
32304
32305
32306
32307
32308
32309
32310
32311
32312
32313
32314
32315
32316
32317
32318
32319
32320
32321
32322
32323
32324
32325
32326
32327
32328
32329
32330
32331
32332
32333
32334
32335
32336
32337
32338
32339
32340
32341
32342
32343
32344
32345
32346
32347
32348
32349
32350
32351
32352
32353
32354
32355
32356
32357
32358
32359
32360
32361
32362
32363
32364
32365
32366
32367
32368
32369
32370
32371
32372
32373
32374
32375
32376
32377
32378
32379
32380
32381
32382
32383
32384
32385
32386
32387
32388
32389
32390
32395
32398
32399
32400
32401
32402
32403
32404
32405
32406
32407
32408
32409
32410
32411
32412
32413
32414
32415
32416
32417
32418
32419
32420
32421
32434
32435
32436
32437
32438
32439
32440
32441
32442
32443
32444
32445
32463
32464
32465
32466
32467
32468
32469
32470
32492
32493
32494
32495
32558
32559
32560
32561
32562
32563
32582
32583
32602
32607
32608
32609
32610
32611
32612
32613
32614
32615
32616
32617
32618
32619
32620
32621
32622
32628
32629
32631
32708
32760
32761
32762
32778
32779
32780
32781
32782
32799
32800
32801
32802
32803
32804
32805
32806
32808
32809
32826
32828
32829
32830
32831
32832
32834
32835
32852
32854
32855
32856
32857
32858
32860
32861
32878
32879
32880
32881
32882
32883
32886
32887
32904
32905
32906
32907
33783
33784
33788
33789
33793
33798
33915
33916
33917
33918
33919
33920
33921
33922
33923
33924
33925
33926
33927
33928
33929
33930
33931
33932
33933
33934
33935
33936
33937
33938
33939
33940
33941
33942
33944
33945
33946
33947
33949
33950
33951
33954
33955
33956
33959
33960
33961
33965
33966
33967
33971
33972
33973
33977
33978
33979
33983
33984
33985
33986
33990
33991
33995
33996
33997
34001
34002
34006
34010
34276
34278
34281
34285
34290
34291
34292
34293
34294
34295
34296
34297
34298
34299
34300
34301
34302
34303
34304
34305
34306
34307
34308
34317
34318
34319
34320
34321
34322
34323
34324
34337
34338
34339
34340
34341
34342
34343
34344
34345
34346
34347
34348
34349
34350
34351
34352
34353
34354
34355
34356
34357
34358
34359
34360
34361
34362
34363
34364
34365
34366
34367
34368
34369
34370
34371
34372
34373
34374
34375
34376
34377
34378
34379
34380
34381
34382
34383
34384
34385
34386
34387
34388
34389
34390
34391
34392
34393
34394
34395
34396
34397
34398
34399
34400
34401
34402
34403
34404
34405
34406
34407
34408
34409
34410
34411
34412
34413
34414
34415
34416
34417
34418
34419
34420
34421
34422
34423
34424
34425
34426
34427
34428
34429
34430
34431
34432
34433
34434
34435
34436
34437
34438
34439
34440
34441
34442
34443
34444
34445
34446
34447
34448
34449
34450
34451
34452
34453
34454
34455
34456
34457
34458
34459
34460
34461
34462
34463
34464
34465
34466
34467
34468
34469
34470
34471
34472
34473
34474
34475
34476
34477
34478
34479
34480
34481
34482
34483
34484
34485
34486
34487
34488
34489
34490
34491
34492
34493
34494
34495
34496
34497
34498
34499
34500
34501
34502
34503
34504
34505
34506
34507
34508
34509
34510
34511
34512
34513
34514
34515
34516
34517
34518
34519
34520
34521
34522
34523
34524
34525
34526
34527
34528
34529
34530
34531
34532
34533
34534
34535
34536
34537
34538
34539
34540
34541
34542
34543
34544
34545
34546
34547
34548
34549
34550
34551
34552
34553
34554
34555
34556
34557
34562
34563
34564
34565
34566
34567
34570
34571
34572
34573
34574
34575
34576
34577
34578
34579
34580
34581
34582
34583
34584
34585
34602
34603
34604
34605
34606
34607
34608
34609
34634
34635
34636
34637
34743
34744
34761
34762
34763
34785
34786
34787
34788
34789
34790
34793
34794
34795
34796
34797
34798
34799
34800
34801
34802
34804
34805
34807
34901
34902
34903
34964
34965
34966
34967
34968
34985
34986
34987
34988
34989
34990
34991
34992
34994
34995
35012
35013
35014
35015
35016
35017
35020
35021
35038
35040
35041
35042
35043
35044
35046
35047
35064
35066
35067
35068
35069
35070
35072
35073
35090
35091
35092
35093
35094
35095
35098
35115
35993
35998
36131
36132
36133
36134
36135
36136
36137
36139
36140
36141
36142
36143
36144
36145
36146
36147
36148
36149
36150
36152
36154
36155
36156
36157
36158
36161
36162
36165
36166
36167
36171
36172
36173
36177
36178
36179
36183
36184
36185
36189
36190
36191
36195
36196
36197
36201
36202
36203
36207
36208
36212
36216
36492
36493
36494
36495
36496
36497
36500
36504
36509
36510
36511
36512
36521
36522
36523
36524
36525
36526
36527
36528
36529
36530
36531
36532
36533
36534
36535
36536
36537
36538
36539
36540
36541
36542
36543
36544
36557
36558
36559
36560
36561
36562
36563
36564
36581
36582
36583
36584
36585
36586
36587
36588
36589
36590
36591
36592
36593
36594
36595
36596
36597
36598
36599
36600
36601
36602
36603
36604
36605
36606
36607
36608
36609
36610
36611
36612
36613
36614
36615
36616
36617
36618
36619
36620
36621
36622
36623
36624
36625
36626
36627
36628
36629
36630
36631
36632
36633
36634
36635
36636
36637
36638
36639
36640
36641
36642
36643
36644
36645
36646
36647
36648
36649
36650
36651
36652
36653
36654
36655
36656
36657
36658
36659
36660
36661
36662
36663
36664
36665
36666
36667
36668
36669
36670
36671
36672
36673
36674
36675
36676
36677
36678
36679
36680
36681
36682
36683
36684
36685
36686
36687
36688
36689
36690
36691
36692
36693
36694
36695
36696
36697
36698
36699
36700
36701
36702
36703
36704
36705
36706
36707
36708
36709
36710
36711
36712
36713
36714
36715
36716
36717
36718
36719
36720
36721
36722
36723
36724
36725
36726
36727
36728
36729
36730
36731
36732
36733
36734
36735
36736
36737
36738
36739
36740
36741
36742
36743
36744
36745
36746
36747
36748
36749
36750
36751
36752
36753
36754
36755
36756
36757
36758
36759
36760
36761
36762
36763
36764
36765
36766
36767
36768
36769
36770
36771
36772
36773
36774
36775
36776
36777
36778
36779
36780
36781
36782
36783
36784
36785
36786
36787
36788
36789
36790
36791
36792
36793
36794
36795
36796
36801
36802
36803
36804
36807
36808
36809
36810
36811
36812
36813
36814
36815
36816
36817
36818
36819
36843
36844
36845
36846
37001
37002
37003
37004
37005
37006
37007
37008
37032
37033
37034
37035
37036
37037
37038
37039
37040
37041
37042
37043
37044
37045
37047
37161
37162
37163
37164
37165
37231
37232
37233
37234
37235
37236
37237
37238
37240
37241
37258
37259
37260
37261
37262
37263
37266
37267
37284
37285
37286
37287
37288
37289
37292
37293
37310
37312
37313
37314
37315
37316
37318
37319
37336
37338
37339
37340
37341
37342
37360
37361
37362
37363
38394
38395
38396
38397
38398
38401
38402
38403
38404
38405
38406
38407
38408
38409
38410
38411
38413
38418
38419
38420
38421
38425
38426
38430
38431
38432
38436
38437
38438
38442
38443
38444
38448
38449
38450
38454
38455
38456
38460
38461
38465
38469
38749
38750
38751
38752
38753
38754
38755
38756
38757
38759
38760
38761
38765
38770
38771
38772
38773
38782
38783
38784
38785
38798
38799
38800
38801
38802
38803
38804
38805
38806
38807
38808
38809
38810
38811
38812
38813
38814
38815
38816
38817
38818
38819
38820
38821
38822
38823
38824
38825
38826
38827
38828
38845
38846
38847
38848
38849
38850
38851
38852
38873
38874
38875
38876
38877
38878
38879
38880
38881
38882
38883
38884
38885
38886
38887
38888
38889
38890
38891
38892
38893
38894
38895
38896
38897
38898
38899
38900
38901
38902
38903
38904
38905
38906
38907
38908
38909
38910
38911
38912
38913
38914
38915
38916
38917
38918
38919
38920
38921
38922
38923
38924
38925
38926
38927
38928
38929
38930
38931
38932
38933
38934
38935
38936
38937
38938
38939
38940
38941
38942
38943
38944
38945
38946
38947
38948
38949
38950
38951
38952
38953
38954
38955
38956
38957
38958
38959
38960
38961
38962
38963
38964
38965
38966
38967
38968
38969
38970
38971
38972
38973
38974
38975
38976
38977
38978
38979
38980
38981
38982
38983
38984
38985
38986
38987
38988
38989
38990
38991
38992
38993
38994
38995
38996
38997
38998
38999
39000
39001
39002
39003
39004
39005
39006
39007
39008
39009
39010
39011
39012
39013
39014
39015
39016
39017
39018
39019
39020
39021
39022
39023
39024
39025
39026
39027
39028
39029
39030
39031
39032
39033
39034
39035
39036
39037
39038
39039
39040
39041
39042
39043
39044
39045
39046
39047
39048
39049
39050
39051
39052
39053
39054
39055
39056
39057
39058
39059
39060
39061
39062
39063
39064
39065
39066
39067
39068
39069
39070
39071
39072
39073
39079
39080
39081
39082
39088
39089
39090
39091
39092
39093
39094
39095
39096
39097
39272
39273
39274
39275
39276
39277
39278
39279
39280
39281
39282
39306
39307
39308
39309
39310
39311
39312
39313
39314
39315
39316
39317
39319
39320
39321
39460
39461
39462
39463
39464
39465
39466
39467
39469
39470
39535
39537
39538
39539
39540
39541
39543
39544
39561
39562
39563
39564
39565
39566
39569
39570
39587
39588
39589
39590
39591
39592
39595
39596
39613
39615
39616
39617
39618
39619
39621
39638
39640
39641
39642
39660
40716
40717
40718
40722
40723
40724
40725
40726
40727
40728
40729
40730
40731
40732
40742
40743
40744
40745
40749
40750
40754
40755
40756
40760
40761
40762
40766
40767
40768
40772
40773
40777
40781
41066
41067
41068
41070
41071
41072
41073
41076
41077
41078
41083
41084
41085
41086
41087
41088
41089
41094
41095
41096
41097
41106
41107
41108
41109
41122
41123
41124
41125
41142
41143
41144
41145
41146
41147
41148
41149
41150
41151
41152
41153
41154
41155
41156
41157
41158
41159
41160
41161
41162
41163
41164
41165
41166
41167
41168
41169
41170
41171
41172
41173
41174
41175
41176
41197
41198
41199
41200
41233
41234
41235
41236
41237
41238
41239
41240
41241
41242
41243
41244
41245
41246
41247
41248
41249
41250
41251
41252
41253
41254
41255
41256
41257
41258
41259
41260
41261
41262
41263
41264
41265
41266
41267
41268
41269
41270
41271
41272
41273
41274
41275
41276
41277
41278
41279
41280
41281
41282
41283
41284
41285
41286
41287
41288
41289
41290
41291
41292
41293
41294
41295
41296
41297
41298
41299
41300
41301
41302
41303
41304
41305
41306
41307
41308
41309
41310
41311
41312
41313
41314
41315
41316
41317
41318
41319
41320
41321
41322
41323
41324
41325
41326
41327
41328
41329
41330
41331
41332
41333
41334
41335
41336
41337
41338
41339
41340
41341
41342
41343
41344
41345
41346
41347
41348
41349
41350
41351
41352
41353
41354
41355
41356
41357
41358
41359
41360
41361
41362
41363
41364
41365
41366
41367
41368
41369
41370
41371
41372
41373
41374
41375
41376
41377
41378
41379
41380
41381
41382
41383
41384
41385
41386
41387
41388
41389
41390
41391
41392
41393
41394
41395
41396
41397
41398
41399
41400
41401
41402
41403
41404
41405
41406
41408
41409
41410
41411
41412
41413
41414
41415
41421
41422
41423
41424
41431
41432
41433
41434
41435
41436
41604
41605
41606
41607
41608
41609
41610
41611
41612
41614
41615
41616
41617
41618
41641
41642
41643
41644
41645
41646
41647
41648
41649
41650
41651
41653
41654
41655
41656
41657
41658
41659
41663
41664
41828
41830
41831
41832
41833
41834
41836
41837
41899
41901
41902
41903
41904
41905
41907
41908
41925
41926
41927
41928
41929
41930
41933
41934
41951
41952
41953
41954
41955
41956
41959
41960
41977
41979
41980
41981
41982
42000
42002
43094
43095
43096
43100
43101
43102
43103
43104
43105
43106
43107
43108
43109
43110
43123
43124
43125
43126
43130
43131
43135
43136
43137
43141
43142
43146
43150
43443
43444
43445
43447
43448
43449
43451
43459
43471
43472
43473
43474
43475
43476
43477
43478
43479
43480
43481
43490
43491
43492
43493
43506
43507
43508
43509
43526
43527
43528
43529
43553
43554
43555
43556
43557
43558
43559
43560
43561
43562
43563
43564
43565
43566
43567
43568
43569
43570
43571
43572
43573
43574
43575
43576
43577
43578
43579
43580
43581
43582
43583
43584
43585
43586
43587
43588
43589
43590
43658
43659
43660
43661
43662
43663
43664
43665
43666
43667
43668
43669
43670
43671
43672
43673
43674
43675
43676
43677
43678
43679
43680
43681
43682
43683
43684
43685
43686
43687
43688
43689
43690
43691
43692
43693
43694
43695
43696
43697
43698
43699
43700
43701
43702
43703
43704
43705
43706
43707
43708
43709
43710
43711
43712
43713
43714
43715
43716
43717
43718
43719
43720
43721
43722
43723
43724
43725
43726
43727
43728
43729
43730
43731
43732
43733
43734
43735
43736
43737
43738
43739
43740
43741
43742
43743
43744
43745
43746
43747
43748
43749
43750
43751
43752
43753
43754
43755
43756
43757
43758
43759
43760
43761
43762
43763
43764
43765
43766
43767
43768
43769
43770
43771
43772
43773
43774
43775
43776
43777
43778
43779
43780
43781
43782
43783
43784
43785
43786
43787
43788
43789
43790
43791
43792
43793
43794
43795
43796
43797
43798
43799
43800
43801
43802
43803
43804
43805
43813
43814
43815
43816
43817
43818
43828
43829
43830
43831
43836
43837
43987
43988
43989
43990
43991
43992
43993
43994
44002
44003
44025
44026
44027
44028
44029
44030
44031
44032
44033
44035
44036
44037
44038
44039
44040
44043
44044
44045
44047
44048
44049
44050
44052
44246
44248
44249
44250
44251
44252
44254
44255
44314
44316
44317
44318
44319
44320
44322
44323
44340
44341
44342
44343
44344
44345
44348
44349
44366
44367
44368
44369
44370
44371
44390
44392
45530
45531
45532
45536
45537
45538
45539
45540
45541
45542
45543
45544
45545
45546
45561
45562
45563
45567
45568
45572
45576
45871
45872
45873
45875
45876
45877
45879
45894
45914
45915
45916
45917
45918
45919
45920
45921
45922
45923
45924
45925
45926
45927
45928
45929
45930
45931
45944
45945
45946
45947
45964
45965
45966
45967
45991
45992
45993
45994
46022
46023
46024
46025
46026
46027
46028
46029
46030
46031
46032
46033
46034
46035
46036
46037
46038
46039
46040
46041
46042
46043
46044
46045
46046
46047
46048
46049
46050
46051
46052
46053
46126
46127
46128
46129
46130
46131
46132
46133
46134
46135
46136
46137
46138
46139
46140
46141
46142
46143
46144
46145
46146
46147
46148
46149
46150
46151
46152
46153
46154
46155
46156
46157
46158
46159
46160
46161
46162
46163
46164
46165
46166
46167
46168
46169
46170
46171
46172
46173
46174
46175
46176
46177
46178
46179
46180
46181
46182
46183
46184
46185
46186
46187
46188
46189
46190
46191
46192
46193
46194
46195
46196
46197
46198
46199
46200
46201
46202
46203
46204
46205
46206
46207
46208
46209
46210
46211
46212
46213
46214
46215
46216
46217
46218
46219
46220
46221
46222
46223
46224
46225
46226
46227
46228
46229
46230
46231
46232
46233
46234
46235
46236
46237
46238
46239
46240
46241
46242
46243
46244
46245
46246
46247
46248
46260
46261
46262
46263
46264
46265
46278
46279
46411
46412
46413
46414
46426
46427
46448
46449
46450
46451
46452
46453
46454
46455
46456
46460
46461
46462
46463
46464
46465
46466
46467
46469
46470
46471
46474
46475
46476
46483
46484
46486
46702
46704
46705
46706
46707
46708
46710
46711
46766
46768
46769
46770
46771
46772
46774
46775
46792
46793
46794
46795
46796
46797
46816
46817
47992
47993
47997
47998
47999
48000
48001
48002
48003
48004
48005
48006
48007
48008
48025
48029
48332
48333
48334
48336
48337
48338
48340
48366
48397
48398
48399
48400
48401
48402
48403
48404
48405
48406
48407
48408
48409
48410
48411
48412
48413
48414
48415
48416
48433
48434
48435
48436
48457
48458
48459
48460
48518
48519
48520
48521
48522
48523
48524
48525
48526
48527
48528
48529
48530
48531
48532
48533
48534
48535
48536
48537
48538
48539
48540
48541
48542
48543
48544
48545
48546
48547
48621
48622
48623
48624
48625
48626
48627
48628
48629
48630
48631
48632
48633
48634
48635
48636
48637
48638
48639
48640
48641
48642
48643
48644
48645
48646
48647
48648
48649
48650
48651
48652
48653
48654
48655
48656
48657
48658
48659
48660
48661
48662
48663
48664
48665
48666
48667
48668
48669
48670
48671
48672
48673
48674
48675
48676
48677
48678
48679
48680
48681
48682
48683
48684
48685
48686
48687
48688
48689
48690
48691
48692
48693
48694
48695
48696
48697
48698
48699
48700
48701
48702
48703
48704
48705
48706
48707
48708
48709
48710
48711
48712
48713
48714
48715
48716
48717
48733
48734
48735
48736
48737
48738
48863
48879
48899
48900
48901
48902
48903
48904
48905
48906
48907
48921
48922
48923
48924
48925
48926
48928
48929
48930
48933
48934
48935
48945
48946
48948
49182
49184
49185
49186
49187
49188
49190
49191
49246
49248
49249
49250
49251
49252
49270
49271
50472
50476
50477
50478
50479
50480
50481
50482
50483
50484
50485
50486
50812
50813
50814
50816
50817
50818
50820
50861
50901
50902
50903
50904
50905
50906
50907
50908
50909
50910
50911
50912
50913
50914
50915
50916
50917
50918
50919
50920
50921
50922
50943
50944
50945
50946
51042
51043
51044
51045
51046
51047
51048
51049
51050
51051
51052
51053
51054
51055
51056
51057
51058
51059
51060
51061
51062
51063
51131
51132
51133
51134
51135
51136
51137
51138
51139
51140
51141
51142
51143
51144
51145
51146
51147
51148
51149
51150
51151
51152
51153
51154
51155
51156
51157
51158
51159
51160
51161
51162
51163
51164
51165
51166
51167
51168
51169
51170
51171
51172
51173
51174
51175
51176
51177
51178
51179
51180
51181
51182
51183
51184
51185
51186
51187
51188
51189
51190
51191
51192
51193
51194
51195
51196
51197
51198
51199
51200
51201
51202
51203
51204
51205
51206
51226
51227
51228
51229
51230
51368
51369
51370
51371
51372
51373
51374
51375
51376
51398
51399
51400
51401
51402
51403
51405
51406
51407
51410
51411
51412
51425
51426
51428
51681
51683
51684
51685
51686
51687
51743
51745
52998
52999
53000
53001
53002
53003
53004
53005
53006
53007
53331
53333
53335
53401
53445
53446
53447
53448
53449
53450
53451
53452
53453
53454
53455
53456
53457
53458
53459
53460
53461
53462
53463
53464
53465
53466
53598
53599
53600
53601
53602
53603
53604
53605
53606
53607
53608
53609
53610
53611
53612
53613
53614
53615
53673
53674
53675
53676
53677
53678
53679
53680
53681
53682
53683
53684
53685
53686
53687
53688
53689
53690
53691
53692
53693
53694
53695
53696
53697
53698
53699
53700
53701
53702
53703
53704
53705
53706
53707
53708
53709
53710
53711
53712
53713
53714
53715
53716
53717
53718
53719
53720
53721
53722
53723
53724
53725
53726
53727
53728
53729
53730
53731
53732
53733
53757
53758
53877
53878
53879
53880
53881
53882
53883
53884
53885
53915
53916
53917
53918
53919
53920
53922
53923
53924
53927
53943
53944
53946
54212
54214
55559
55560
55561
55562
55563
55564
55566
55567
55568
55888
55976
56022
56023
56024
56025
56026
56027
56028
56029
56030
56031
56032
56033
56034
56035
56036
56037
56038
56039
56172
56173
56174
56175
56176
56177
56178
56179
56180
56181
56182
56183
56184
56185
56186
56187
56234
56235
56236
56237
56238
56239
56240
56241
56242
56243
56244
56245
56246
56247
56248
56249
56250
56251
56252
56253
56254
56255
56256
56257
56258
56259
56260
56261
56262
56263
56264
56265
56266
56267
56268
56269
56270
56271
56272
56273
56274
56275
56276
56277
56278
56280
56281
56282
56284
56285
56286
56418
56419
56420
56421
56422
56460
56461
56462
56463
56464
56465
56467
56468
56469
56490
56491
58151
58152
58153
58155
58156
58157
58160
58161
58162
58625
58626
58627
58628
58629
58630
58631
58632
58633
58634
58635
58636
58637
58638
58639
58640
58767
58768
58769
58770
58771
58772
58773
58774
58775
58776
58777
58778
58816
58817
58818
58819
58820
58821
58822
58823
58824
58825
58826
58827
58828
58829
58830
58831
58832
58833
58834
58835
58836
58837
58838
58839
58840
58841
58842
58843
58844
58845
58847
58848
58849
58851
58852
58853
58855
58856
58857
58860
58861
58862
58865
58866
58867
58981
59027
59028
59029
59030
59031
59032
59034
60782
60783
60784
60787
60788
60789
60793
60794
60795
61263
61264
61265
61266
61267
61268
61269
61270
61271
61272
61273
61274
61384
61385
61386
61387
61388
61389
61390
61391
61392
61393
61425
61426
61427
61428
61429
61430
61431
61432
61433
61434
61435
61436
61437
61438
61439
61440
61441
61442
61443
61444
61446
61447
61448
61450
61451
61452
61455
61456
61457
61460
61461
61462
61465
61466
61467
61471
61472
61473
61477
61478
61479
61620
61621
63437
63438
63439
63443
63444
63445
63451
63452
63453
63918
63919
63920
63921
63922
63923
63924
63925
63926
63927
64019
64020
64021
64022
64023
64024
64025
64026
64051
64052
64053
64054
64055
64056
64057
64058
64059
64060
64061
64062
64064
64065
64066
64068
64069
64070
64073
64074
64075
64078
64079
64080
64084
64085
64086
64090
64091
64092
64096
64097
64098
64104
64105
64106
64112
64113
64114
66115
66116
66117
66123
66124
66125
66133
66134
66589
66590
66591
66592
66593
66594
66595
66596
66673
66674
66675
66676
66677
66678
66699
66700
66701
66702
66703
66704
66706
66707
66708
66710
66711
66712
66715
66716
66717
66720
66721
66722
66726
66727
66728
66732
66733
66734
66740
66741
66742
66748
66749
66750
66756
66757
66758
66766
66767
66775
68818
68819
68820
68828
68839
68840
68841
68842
69269
69270
69271
69272
69273
69274
69336
69337
69338
69339
69340
69341
69361
69362
69363
69365
69366
69367
69370
69371
69372
69375
69376
69377
69381
69382
69383
69387
69388
69389
69395
69396
69397
69403
69404
69405
69413
69414
69422
69430
69431
69440
69441
69442
71551
71968
71969
71970
71971
71972
71973
72026
72027
72028
72030
72031
72032
72049
72050
72051
72054
72055
72056
72060
72061
72062
72066
72067
72068
72074
72075
72076
72082
72083
72084
72092
72093
72101
74701
74702
74703
74705
74706
74707
74752
74753
74754
74757
74758
74759
74777
74778
74779
74783
74784
74785
74791
74792
74793
74799
74800
74801
74809
74810
74818
77434
77435
77436
77439
77440
77441
77479
77480
77481
77485
77486
77487
77511
77512
77513
77519
77520
77521
77529
77530
77538
80085
80086
80087
80091
80092
80093
80131
80132
80133
80139
80140
80141
80171
80172
80180
82626
82627
82628
82634
82635
82636
82676
82677
82685
85040
85041
85049
)


// ************************************************************************* //
