/*--------------------------------*- C++ -*----------------------------------*\
  =========                 |
  \\      /  F ield         | OpenFOAM: The Open Source CFD Toolbox
   \\    /   O peration     | Website:  https://openfoam.org
    \\  /    A nd           | Version:  12
     \\/     M anipulation  |
\*---------------------------------------------------------------------------*/
FoamFile
{
    format      ascii;
    class       labelList;
    location    "constant/polyMesh";
    object      cellProcAddressing;
}
// * * * * * * * * * * * * * * * * * * * * * * * * * * * * * * * * * * * * * //


10557
(
15825
15904
16322
16334
16335
16336
16410
16411
16412
16413
16414
16415
16816
16826
16827
16828
16842
16844
16845
16846
16847
16848
16849
16850
16851
16921
16922
16923
16924
16925
16926
17310
17320
17321
17322
17332
17334
17335
17336
17337
17338
17339
17348
17353
17354
17355
17356
17357
17358
17359
17360
17366
17367
17368
17369
17370
17371
17372
17437
17438
17439
17440
17441
17442
17443
17810
17819
17821
17822
17833
17834
17835
17836
17837
17838
17839
17848
17849
17850
17851
17852
17856
17857
17858
17859
17860
17861
17870
17871
17872
17873
17874
17875
17876
17877
17878
17879
17880
17881
17882
17883
17884
17885
17886
17899
17900
17901
17902
17903
17904
17905
17967
17968
17969
17970
17971
17972
18321
18331
18332
18333
18342
18343
18344
18345
18346
18349
18350
18360
18363
18364
18365
18366
18367
18368
18369
18370
18371
18372
18379
18380
18381
18382
18383
18384
18385
18386
18387
18393
18394
18395
18396
18397
18398
18405
18406
18407
18408
18409
18410
18411
18412
18413
18414
18415
18416
18417
18418
18419
18420
18421
18422
18423
18424
18425
18426
18427
18428
18429
18430
18447
18448
18449
18450
18451
18452
18453
18511
18512
18513
18514
18515
18516
18848
18858
18859
18860
18871
18872
18873
18874
18875
18876
18877
18885
18886
18887
18888
18889
18890
18891
18892
18893
18898
18899
18907
18908
18909
18910
18911
18916
18917
18918
18919
18920
18921
18922
18923
18924
18925
18932
18933
18934
18935
18936
18937
18938
18939
18940
18941
18942
18943
18944
18951
18952
18953
18954
18955
18956
18962
18963
18964
18965
18966
18967
18968
18969
18970
18971
18972
18973
18974
18975
18976
18977
18978
18979
18980
18981
18982
18983
18984
18985
18986
18987
18988
18989
18990
18991
18992
18993
18994
18995
19015
19016
19017
19018
19019
19073
19074
19075
19076
19391
19401
19402
19403
19414
19415
19416
19417
19418
19419
19420
19431
19433
19434
19435
19436
19437
19438
19439
19440
19441
19442
19449
19450
19451
19452
19453
19454
19455
19456
19457
19458
19459
19460
19461
19467
19468
19475
19476
19477
19478
19479
19480
19481
19482
19483
19490
19491
19492
19493
19494
19495
19496
19497
19498
19499
19505
19506
19507
19508
19509
19510
19511
19512
19513
19514
19515
19516
19517
19518
19519
19520
19521
19530
19531
19532
19533
19538
19539
19540
19541
19542
19543
19544
19545
19546
19547
19548
19549
19550
19551
19552
19553
19554
19555
19556
19557
19558
19559
19560
19561
19562
19563
19564
19565
19566
19567
19568
19569
19570
19571
19572
19573
19574
19575
19576
19577
19578
19579
19602
19653
19654
19951
19961
19962
19963
19974
19975
19976
19977
19978
19979
19980
19992
19993
19994
19995
19996
19997
19998
19999
20000
20001
20002
20013
20015
20016
20017
20018
20019
20020
20021
20022
20023
20024
20025
20026
20027
20028
20035
20036
20037
20038
20039
20040
20041
20042
20043
20044
20045
20046
20047
20048
20049
20050
20051
20058
20059
20065
20066
20067
20068
20069
20070
20071
20072
20073
20074
20075
20076
20077
20086
20087
20088
20089
20090
20091
20092
20093
20098
20099
20100
20101
20102
20103
20104
20105
20106
20107
20108
20109
20110
20111
20112
20113
20114
20115
20116
20117
20118
20132
20133
20134
20135
20136
20137
20138
20139
20140
20141
20142
20143
20144
20145
20146
20147
20148
20149
20150
20151
20152
20153
20154
20155
20156
20157
20158
20159
20160
20161
20162
20163
20164
20165
20166
20167
20168
20169
20170
20171
20172
20173
20174
20175
20176
20177
20248
20528
20538
20539
20540
20551
20552
20553
20554
20555
20556
20557
20569
20570
20571
20572
20573
20574
20575
20576
20577
20578
20579
20591
20592
20593
20594
20595
20596
20597
20598
20599
20600
20601
20602
20603
20604
20605
20617
20618
20619
20620
20621
20623
20624
20625
20626
20627
20628
20629
20630
20631
20632
20633
20634
20635
20636
20642
20643
20644
20645
20646
20647
20648
20649
20650
20651
20652
20653
20654
20655
20656
20657
20658
20659
20660
20661
20662
20675
20676
20677
20678
20679
20680
20681
20682
20683
20684
20685
20686
20687
20688
20689
20690
20691
20701
20702
20703
20704
20709
20710
20711
20712
20713
20714
20715
20716
20717
20718
20719
20720
20721
20722
20723
20724
20725
20726
20727
20728
20729
20743
20744
20745
20746
20747
20748
20749
20750
20751
20752
20753
20754
20755
20756
20757
20758
20759
20760
20761
20762
20763
20764
20765
20766
20767
20768
20769
20770
20771
20772
20773
20774
20775
20776
20777
20778
20779
20780
20781
20782
20783
20784
20785
20786
20787
20788
20789
20790
21122
21132
21133
21134
21145
21146
21147
21148
21149
21150
21151
21163
21164
21165
21166
21167
21168
21169
21170
21171
21172
21173
21185
21186
21187
21188
21189
21190
21191
21192
21193
21194
21195
21196
21197
21198
21199
21211
21213
21214
21215
21216
21217
21218
21219
21220
21221
21222
21223
21224
21225
21226
21227
21228
21229
21230
21244
21245
21246
21247
21248
21249
21250
21251
21252
21253
21254
21255
21256
21257
21258
21259
21260
21261
21262
21263
21264
21269
21270
21271
21272
21273
21274
21275
21276
21277
21278
21279
21280
21281
21282
21283
21284
21285
21286
21287
21288
21289
21303
21304
21305
21306
21307
21308
21309
21310
21311
21312
21313
21314
21315
21316
21317
21318
21319
21320
21321
21322
21323
21337
21338
21339
21340
21341
21342
21343
21344
21345
21346
21347
21348
21349
21350
21351
21352
21353
21354
21355
21356
21357
21372
21373
21374
21375
21376
21377
21378
21379
21380
21381
21382
21383
21384
21385
21386
21387
21388
21389
21390
21391
21392
21393
21394
21395
21396
21397
21398
21399
21400
21401
21402
21403
21404
21405
21406
21407
21408
21409
21410
21411
21412
21413
21414
21415
21416
21417
21418
21419
21420
21734
21744
21745
21746
21757
21758
21759
21760
21761
21762
21763
21775
21776
21777
21778
21779
21780
21781
21782
21783
21784
21785
21797
21798
21799
21800
21801
21802
21803
21804
21805
21806
21807
21808
21809
21810
21811
21823
21825
21826
21827
21828
21829
21830
21831
21832
21833
21834
21835
21836
21837
21838
21839
21840
21841
21842
21854
21857
21858
21859
21860
21861
21862
21863
21864
21865
21866
21867
21868
21869
21870
21871
21872
21873
21874
21875
21876
21890
21891
21892
21893
21894
21895
21896
21897
21898
21899
21900
21901
21902
21903
21904
21905
21906
21907
21908
21909
21910
21915
21916
21917
21918
21919
21920
21921
21922
21923
21924
21925
21926
21927
21928
21929
21930
21931
21932
21933
21934
21935
21949
21950
21951
21952
21953
21954
21955
21956
21957
21958
21959
21960
21961
21962
21963
21964
21965
21966
21967
21968
21969
21984
21985
21986
21987
21988
21989
21990
21991
21992
21993
21994
21995
21996
21997
21998
21999
22000
22001
22002
22003
22004
22020
22021
22022
22023
22024
22025
22026
22027
22028
22029
22030
22031
22032
22033
22034
22035
22036
22037
22038
22039
22040
22041
22042
22043
22044
22045
22046
22047
22048
22049
22050
22051
22052
22053
22054
22055
22056
22057
22058
22059
22060
22061
22062
22063
22064
22065
22066
22067
22068
22363
22373
22374
22375
22386
22387
22388
22389
22390
22391
22392
22404
22405
22406
22407
22408
22409
22410
22411
22412
22413
22414
22426
22427
22428
22429
22430
22431
22432
22433
22434
22435
22436
22437
22438
22439
22440
22452
22454
22455
22456
22457
22458
22459
22460
22461
22462
22463
22464
22465
22466
22467
22468
22469
22470
22471
22485
22486
22487
22488
22489
22490
22491
22492
22493
22494
22495
22496
22497
22498
22499
22500
22501
22502
22503
22504
22505
22516
22520
22521
22522
22523
22524
22525
22526
22527
22528
22529
22530
22531
22532
22533
22534
22535
22536
22537
22538
22539
22552
22555
22556
22557
22558
22559
22560
22561
22562
22563
22564
22565
22566
22567
22568
22569
22570
22571
22572
22573
22574
22578
22579
22580
22581
22582
22583
22584
22585
22586
22587
22588
22589
22590
22591
22592
22593
22594
22595
22596
22597
22598
22613
22614
22615
22616
22617
22618
22619
22620
22621
22622
22623
22624
22625
22626
22627
22628
22629
22630
22631
22632
22633
22649
22650
22651
22652
22653
22654
22655
22656
22657
22658
22659
22660
22661
22662
22663
22664
22665
22666
22667
22668
22669
22685
22686
22687
22688
22689
22690
22691
22692
22693
22694
22695
22696
22697
22698
22699
22700
22701
22702
22703
22704
22705
22706
22707
22708
22709
22710
22711
22712
22713
22714
22715
22716
22717
22718
22719
22720
22721
22722
22723
22724
22725
22726
22727
22728
22729
22730
22731
22732
22733
23010
23020
23021
23022
23033
23034
23035
23036
23037
23038
23039
23051
23052
23053
23054
23055
23056
23057
23058
23059
23060
23061
23073
23074
23075
23076
23077
23078
23079
23080
23081
23082
23083
23084
23085
23086
23087
23099
23101
23102
23103
23104
23105
23106
23107
23108
23109
23110
23111
23112
23113
23114
23115
23116
23117
23118
23132
23133
23134
23135
23136
23137
23138
23139
23140
23141
23142
23143
23144
23145
23146
23147
23148
23149
23150
23151
23152
23165
23167
23168
23169
23170
23171
23172
23173
23174
23175
23176
23177
23178
23179
23180
23181
23182
23183
23184
23185
23186
23198
23202
23203
23204
23205
23206
23207
23208
23209
23210
23211
23212
23213
23214
23215
23216
23217
23218
23219
23220
23221
23232
23236
23237
23238
23239
23242
23243
23244
23245
23246
23247
23248
23249
23250
23251
23252
23253
23254
23255
23256
23257
23260
23261
23262
23263
23264
23265
23266
23267
23268
23269
23270
23271
23272
23273
23274
23275
23276
23277
23278
23279
23280
23296
23297
23298
23299
23300
23301
23302
23303
23304
23305
23306
23307
23308
23309
23310
23311
23312
23313
23314
23315
23316
23332
23333
23334
23335
23336
23337
23338
23339
23340
23341
23342
23343
23344
23345
23346
23347
23348
23349
23350
23351
23352
23369
23370
23371
23372
23373
23374
23375
23376
23377
23378
23379
23380
23381
23382
23383
23384
23385
23386
23387
23388
23389
23390
23391
23392
23393
23394
23395
23396
23397
23398
23399
23400
23401
23402
23403
23404
23405
23406
23407
23408
23409
23410
23411
23412
23413
23414
23415
23416
23417
23676
23686
23687
23688
23699
23700
23701
23702
23703
23704
23705
23717
23718
23719
23720
23721
23722
23723
23724
23725
23726
23727
23739
23740
23741
23742
23743
23744
23745
23746
23747
23748
23749
23750
23751
23752
23753
23765
23767
23768
23769
23770
23771
23772
23773
23774
23775
23776
23777
23778
23779
23780
23781
23782
23783
23784
23798
23799
23800
23801
23802
23803
23804
23805
23806
23807
23808
23809
23810
23811
23812
23813
23814
23815
23816
23817
23818
23831
23833
23834
23835
23836
23837
23838
23839
23840
23841
23842
23843
23844
23845
23846
23847
23848
23849
23850
23851
23852
23863
23867
23868
23869
23870
23872
23873
23874
23875
23876
23877
23878
23879
23880
23881
23882
23883
23884
23885
23886
23887
23898
23902
23903
23904
23905
23908
23909
23910
23911
23912
23913
23914
23915
23916
23917
23918
23919
23920
23921
23922
23923
23933
23937
23938
23939
23940
23944
23945
23946
23947
23948
23949
23950
23951
23952
23953
23954
23955
23956
23957
23958
23959
23962
23963
23964
23965
23966
23967
23968
23969
23970
23971
23972
23973
23974
23975
23976
23977
23978
23979
23980
23981
23982
23998
23999
24000
24001
24002
24003
24004
24005
24006
24007
24008
24009
24010
24011
24012
24013
24014
24015
24016
24017
24018
24035
24036
24037
24038
24039
24040
24041
24042
24043
24044
24045
24046
24047
24048
24049
24050
24051
24052
24053
24054
24055
24073
24074
24075
24076
24077
24078
24079
24080
24081
24082
24083
24084
24085
24086
24087
24088
24089
24090
24091
24092
24093
24094
24095
24096
24097
24098
24099
24100
24101
24102
24103
24104
24105
24106
24107
24108
24109
24110
24111
24112
24113
24114
24115
24116
24117
24118
24119
24120
24121
24361
24370
24372
24373
24384
24385
24386
24387
24388
24389
24390
24402
24403
24404
24405
24406
24407
24408
24409
24410
24411
24412
24424
24425
24426
24427
24428
24429
24430
24431
24432
24433
24434
24435
24436
24437
24438
24450
24452
24453
24454
24455
24456
24457
24458
24459
24460
24461
24462
24463
24464
24465
24466
24467
24468
24469
24483
24484
24485
24486
24487
24488
24489
24490
24491
24492
24493
24494
24495
24496
24497
24498
24499
24500
24501
24502
24503
24515
24518
24519
24520
24521
24522
24523
24524
24525
24526
24527
24528
24529
24530
24531
24532
24533
24534
24535
24536
24537
24548
24552
24553
24554
24555
24557
24558
24559
24560
24561
24562
24563
24564
24565
24566
24567
24568
24569
24570
24571
24572
24582
24586
24587
24588
24589
24593
24594
24595
24596
24597
24598
24599
24600
24601
24602
24603
24604
24605
24606
24607
24608
24618
24622
24623
24624
24625
24629
24630
24631
24632
24633
24634
24635
24636
24637
24638
24639
24640
24641
24642
24643
24644
24657
24658
24659
24660
24661
24665
24666
24667
24668
24670
24671
24672
24673
24674
24675
24676
24677
24678
24679
24680
24681
24683
24684
24685
24686
24687
24688
24689
24690
24691
24692
24693
24694
24695
24696
24697
24698
24699
24700
24701
24702
24703
24720
24721
24722
24723
24724
24725
24726
24727
24728
24729
24730
24731
24732
24733
24734
24735
24736
24737
24738
24739
24740
24758
24759
24760
24761
24762
24763
24764
24765
24766
24767
24768
24769
24770
24771
24772
24773
24774
24775
24776
24777
24778
24796
24797
24798
24799
24800
24801
24802
24803
24804
24805
24806
24807
24808
24809
24810
24811
24812
24813
24814
24815
24816
24817
24818
24819
24820
24821
24822
24823
24824
24825
24826
24827
24828
24829
24830
24831
24832
24833
24834
24835
24836
24837
24838
24839
24840
24841
24842
24843
24844
25064
25074
25075
25076
25085
25086
25087
25088
25089
25092
25093
25105
25106
25107
25108
25109
25110
25111
25112
25113
25114
25115
25127
25128
25129
25130
25131
25132
25133
25134
25135
25136
25137
25138
25139
25140
25141
25153
25155
25156
25157
25158
25159
25160
25161
25162
25163
25164
25165
25166
25167
25168
25169
25170
25171
25172
25186
25187
25188
25189
25190
25191
25192
25193
25194
25195
25196
25197
25198
25199
25200
25201
25202
25203
25204
25205
25206
25218
25221
25222
25223
25224
25225
25226
25227
25228
25229
25230
25231
25232
25233
25234
25235
25236
25237
25238
25239
25240
25250
25255
25256
25257
25258
25260
25261
25262
25263
25264
25265
25266
25267
25268
25269
25270
25271
25272
25273
25274
25275
25285
25289
25290
25291
25292
25296
25297
25298
25299
25300
25301
25302
25303
25304
25305
25306
25307
25308
25309
25310
25311
25321
25325
25326
25327
25328
25332
25333
25334
25335
25336
25337
25338
25339
25340
25341
25342
25343
25344
25345
25346
25347
25361
25362
25363
25364
25365
25369
25370
25371
25372
25373
25374
25375
25376
25377
25378
25379
25380
25381
25382
25383
25384
25399
25400
25401
25402
25403
25404
25405
25406
25407
25411
25412
25413
25414
25415
25416
25417
25418
25419
25420
25421
25422
25423
25424
25425
25426
25427
25428
25429
25430
25431
25432
25433
25434
25435
25436
25437
25438
25439
25440
25441
25442
25443
25461
25462
25463
25464
25465
25466
25467
25468
25469
25470
25471
25472
25473
25474
25475
25476
25477
25478
25479
25480
25481
25499
25500
25501
25502
25503
25504
25505
25506
25507
25508
25509
25510
25511
25512
25513
25514
25515
25516
25517
25518
25519
25537
25538
25539
25540
25541
25542
25543
25544
25545
25546
25547
25548
25549
25550
25551
25552
25553
25554
25555
25556
25557
25558
25559
25560
25561
25562
25563
25564
25565
25566
25567
25568
25569
25570
25571
25572
25573
25574
25575
25576
25577
25578
25579
25580
25581
25582
25583
25584
25585
25772
25796
25797
25798
25809
25810
25811
25812
25813
25814
25815
25823
25824
25825
25826
25827
25828
25829
25830
25831
25836
25837
25849
25850
25851
25852
25853
25854
25855
25856
25857
25858
25859
25860
25861
25862
25863
25875
25877
25878
25879
25880
25881
25882
25883
25884
25885
25886
25887
25888
25889
25890
25891
25892
25893
25894
25908
25909
25910
25911
25912
25913
25914
25915
25916
25917
25918
25919
25920
25921
25922
25923
25924
25925
25926
25927
25928
25941
25943
25944
25945
25946
25947
25948
25949
25950
25951
25952
25953
25954
25955
25956
25957
25958
25959
25960
25961
25962
25972
25977
25978
25979
25980
25982
25983
25984
25985
25986
25987
25988
25989
25990
25991
25992
25993
25994
25995
25996
25997
26006
26011
26012
26013
26014
26018
26019
26020
26021
26022
26023
26024
26025
26026
26027
26028
26029
26030
26031
26032
26033
26043
26047
26048
26049
26050
26054
26055
26056
26057
26058
26059
26060
26061
26062
26063
26064
26065
26066
26067
26068
26069
26082
26083
26084
26085
26086
26090
26091
26092
26093
26095
26096
26097
26098
26099
26100
26101
26102
26103
26104
26105
26106
26122
26123
26124
26125
26126
26127
26128
26129
26130
26133
26134
26135
26136
26137
26138
26139
26140
26141
26142
26143
26144
26161
26163
26164
26165
26166
26167
26168
26169
26170
26171
26172
26173
26174
26175
26176
26177
26178
26179
26180
26181
26182
26183
26184
26185
26186
26187
26188
26189
26190
26191
26192
26193
26194
26195
26196
26197
26198
26199
26200
26201
26202
26203
26221
26222
26223
26224
26225
26226
26227
26228
26229
26230
26231
26232
26233
26234
26235
26236
26237
26238
26239
26240
26241
26259
26260
26261
26262
26263
26264
26265
26266
26267
26268
26269
26270
26271
26272
26273
26274
26275
26276
26277
26278
26279
26297
26298
26299
26300
26301
26302
26303
26304
26305
26306
26307
26308
26309
26310
26311
26312
26313
26314
26315
26316
26317
26318
26319
26320
26321
26322
26323
26324
26325
26326
26327
26328
26329
26330
26331
26332
26333
26334
26335
26336
26337
26338
26339
26340
26341
26342
26343
26344
26345
26520
26530
26531
26532
26549
26550
26551
26552
26553
26554
26555
26567
26568
26569
26570
26571
26572
26573
26574
26575
26576
26577
26584
26585
26586
26587
26588
26589
26590
26591
26592
26593
26594
26595
26596
26602
26603
26615
26617
26618
26619
26620
26621
26622
26623
26624
26625
26626
26627
26628
26629
26630
26631
26632
26633
26634
26648
26649
26650
26651
26652
26653
26654
26655
26656
26657
26658
26659
26660
26661
26662
26663
26664
26665
26666
26667
26668
26681
26683
26684
26685
26686
26687
26688
26689
26690
26691
26692
26693
26694
26695
26696
26697
26698
26699
26700
26701
26702
26713
26717
26718
26719
26720
26722
26723
26724
26725
26726
26727
26728
26729
26730
26731
26732
26733
26734
26735
26736
26737
26746
26751
26752
26753
26754
26758
26759
26760
26761
26762
26763
26764
26765
26766
26767
26768
26769
26770
26771
26772
26773
26781
26786
26787
26788
26789
26794
26795
26796
26797
26798
26799
26800
26801
26802
26803
26804
26805
26806
26807
26808
26809
26822
26823
26824
26825
26826
26830
26831
26832
26833
26835
26836
26837
26838
26839
26840
26841
26842
26843
26844
26845
26846
26861
26862
26863
26864
26865
26866
26867
26868
26869
26873
26874
26875
26876
26877
26878
26879
26880
26881
26882
26883
26884
26901
26903
26904
26905
26906
26907
26908
26909
26910
26911
26912
26913
26914
26915
26916
26917
26918
26919
26920
26921
26922
26936
26940
26941
26942
26943
26945
26946
26947
26948
26949
26950
26951
26952
26953
26954
26955
26956
26957
26958
26959
26960
26961
26962
26963
26964
26965
26966
26967
26968
26969
26970
26971
26972
26973
26974
26975
26976
26977
26978
26979
26980
26981
26999
27000
27001
27002
27003
27004
27005
27006
27007
27008
27009
27010
27011
27012
27013
27014
27015
27016
27017
27018
27019
27037
27038
27039
27040
27041
27042
27043
27044
27045
27046
27047
27048
27049
27050
27051
27052
27053
27054
27055
27056
27057
27075
27076
27077
27078
27079
27080
27081
27082
27083
27084
27085
27086
27087
27088
27089
27090
27091
27092
27093
27094
27095
27096
27097
27098
27100
27101
27102
27103
27104
27105
27106
27107
27108
27109
27110
27111
27112
27113
27114
27115
27116
27117
27118
27119
27120
27121
27122
27123
27282
27292
27293
27294
27305
27306
27307
27308
27309
27310
27311
27325
27326
27327
27328
27329
27330
27331
27332
27333
27334
27335
27347
27348
27349
27350
27351
27352
27353
27354
27355
27356
27357
27358
27359
27360
27361
27368
27369
27370
27371
27372
27373
27374
27375
27376
27377
27378
27379
27380
27381
27382
27383
27384
27391
27392
27406
27407
27408
27409
27410
27411
27412
27413
27414
27415
27416
27417
27418
27419
27420
27421
27422
27423
27424
27425
27426
27439
27441
27442
27443
27444
27445
27446
27447
27448
27449
27450
27451
27452
27453
27454
27455
27456
27457
27458
27459
27460
27471
27475
27476
27477
27478
27480
27481
27482
27483
27484
27485
27486
27487
27488
27489
27490
27491
27492
27493
27494
27495
27505
27509
27510
27511
27512
27516
27517
27518
27519
27520
27521
27522
27523
27524
27525
27526
27527
27528
27529
27530
27531
27540
27544
27545
27546
27547
27552
27553
27554
27555
27556
27557
27558
27559
27560
27561
27562
27563
27564
27565
27566
27567
27579
27580
27581
27582
27583
27588
27589
27590
27591
27593
27594
27595
27596
27597
27598
27599
27600
27601
27602
27603
27604
27617
27620
27621
27622
27623
27624
27625
27626
27627
27631
27632
27633
27634
27635
27636
27637
27638
27639
27640
27641
27642
27659
27661
27662
27663
27664
27665
27666
27667
27668
27669
27670
27671
27672
27673
27674
27675
27676
27677
27678
27679
27680
27694
27698
27699
27700
27701
27703
27704
27705
27706
27707
27708
27709
27710
27711
27712
27713
27714
27715
27716
27717
27718
27729
27733
27734
27735
27736
27740
27741
27742
27743
27745
27746
27747
27748
27749
27750
27751
27752
27753
27754
27755
27756
27757
27758
27759
27760
27761
27762
27763
27764
27765
27766
27767
27768
27769
27770
27771
27772
27773
27774
27775
27776
27777
27795
27796
27797
27798
27799
27800
27801
27802
27803
27804
27805
27806
27807
27808
27809
27810
27811
27812
27813
27814
27815
27833
27834
27835
27836
27837
27838
27839
27840
27841
27843
27844
27845
27846
27847
27848
27849
27850
27851
27852
27853
27871
27872
27873
27874
27875
27876
27877
27878
27879
27880
27881
27882
27883
27884
27885
27886
27887
27888
27898
27899
27900
27901
27902
27903
27904
27905
27906
27907
27908
27909
27910
27911
27912
27913
27914
27915
27916
27917
27918
27919
28057
28067
28068
28069
28080
28081
28082
28083
28084
28085
28086
28098
28099
28100
28101
28102
28103
28104
28105
28106
28107
28108
28120
28121
28122
28123
28124
28125
28126
28127
28128
28129
28130
28131
28132
28133
28134
28146
28148
28149
28150
28151
28152
28153
28154
28155
28156
28157
28158
28159
28160
28161
28162
28163
28164
28165
28171
28172
28173
28174
28175
28176
28177
28178
28179
28180
28181
28182
28183
28184
28185
28186
28187
28188
28189
28190
28191
28212
28214
28215
28216
28217
28218
28219
28220
28221
28222
28223
28224
28225
28226
28227
28228
28229
28230
28231
28232
28233
28244
28248
28249
28250
28251
28253
28254
28255
28256
28257
28258
28259
28260
28261
28262
28263
28264
28265
28266
28267
28268
28278
28282
28283
28284
28285
28289
28290
28291
28292
28293
28294
28295
28296
28297
28298
28299
28300
28301
28302
28303
28304
28314
28318
28319
28320
28321
28325
28326
28327
28328
28329
28330
28331
28332
28333
28334
28335
28336
28337
28338
28339
28340
28353
28354
28355
28356
28357
28361
28362
28363
28364
28366
28367
28368
28369
28370
28371
28372
28373
28374
28375
28376
28377
28390
28393
28394
28395
28396
28397
28398
28399
28400
28404
28405
28406
28407
28408
28409
28410
28411
28412
28413
28414
28415
28428
28432
28433
28434
28435
28438
28439
28440
28441
28442
28443
28444
28445
28446
28447
28448
28449
28450
28451
28452
28453
28467
28471
28472
28473
28474
28476
28477
28478
28479
28480
28481
28482
28483
28484
28485
28486
28487
28488
28489
28490
28491
28502
28506
28507
28508
28509
28513
28514
28515
28516
28518
28519
28520
28521
28522
28523
28524
28525
28526
28527
28528
28529
28538
28542
28543
28544
28545
28549
28550
28551
28552
28556
28557
28558
28559
28560
28561
28562
28563
28564
28565
28566
28567
28568
28569
28570
28571
28572
28573
28574
28575
28576
28577
28578
28579
28580
28581
28582
28583
28584
28585
28586
28587
28588
28606
28607
28608
28609
28610
28611
28612
28613
28614
28616
28617
28618
28619
28620
28621
28622
28623
28624
28625
28626
28644
28645
28646
28647
28648
28649
28650
28651
28657
28658
28659
28660
28661
28662
28663
28664
28682
28683
28684
28685
28686
28687
28688
28689
28690
28691
28692
28693
28694
28695
28696
28716
28717
28718
28719
28720
28721
28722
28723
28724
28725
28726
28727
28728
28729
28730
28846
28856
28857
28858
28869
28870
28871
28872
28873
28874
28875
28887
28888
28889
28890
28891
28892
28893
28894
28895
28896
28897
28909
28910
28911
28912
28913
28914
28915
28916
28917
28918
28919
28920
28921
28922
28923
28935
28937
28938
28939
28940
28941
28942
28943
28944
28945
28946
28947
28948
28949
28950
28951
28952
28953
28954
28968
28969
28970
28971
28972
28973
28974
28975
28976
28977
28978
28979
28980
28981
28982
28983
28984
28985
28986
28987
28988
28993
28994
28995
28996
28997
28998
28999
29000
29001
29002
29003
29004
29005
29006
29007
29008
29009
29010
29011
29012
29013
29033
29037
29038
29039
29040
29042
29043
29044
29045
29046
29047
29048
29049
29050
29051
29052
29053
29054
29055
29056
29057
29067
29071
29072
29073
29074
29078
29079
29080
29081
29082
29083
29084
29085
29086
29087
29088
29089
29090
29091
29092
29093
29103
29107
29108
29109
29110
29114
29115
29116
29117
29118
29119
29120
29121
29122
29123
29124
29125
29126
29127
29128
29129
29142
29143
29144
29145
29146
29150
29151
29152
29153
29155
29156
29157
29158
29159
29160
29161
29162
29163
29164
29165
29166
29179
29182
29183
29184
29185
29186
29187
29188
29189
29193
29194
29195
29196
29197
29198
29199
29200
29201
29202
29203
29204
29217
29221
29222
29223
29224
29227
29228
29229
29230
29231
29232
29233
29234
29235
29236
29237
29238
29239
29240
29241
29242
29252
29256
29257
29258
29259
29263
29264
29265
29266
29269
29270
29271
29272
29273
29274
29275
29276
29277
29278
29279
29280
29291
29295
29296
29297
29298
29302
29303
29304
29305
29307
29308
29309
29310
29311
29312
29313
29314
29315
29316
29317
29318
29327
29331
29332
29333
29334
29338
29339
29340
29341
29345
29346
29347
29348
29349
29350
29351
29352
29353
29354
29355
29356
29365
29369
29370
29371
29372
29376
29377
29378
29379
29383
29384
29385
29386
29387
29388
29389
29390
29391
29392
29393
29394
29395
29396
29397
29398
29399
29400
29401
29402
29403
29405
29406
29407
29408
29409
29410
29411
29412
29413
29414
29415
29433
29434
29435
29436
29437
29438
29439
29440
29446
29447
29448
29449
29450
29451
29452
29453
29471
29472
29473
29474
29475
29476
29477
29478
29488
29489
29490
29491
29509
29510
29511
29512
29513
29514
29515
29516
29517
29518
29546
29547
29548
29549
29550
29551
29552
29553
29554
29555
29556
29557
29656
29666
29667
29668
29679
29680
29681
29682
29683
29684
29685
29697
29698
29699
29700
29701
29702
29703
29704
29705
29706
29707
29719
29720
29721
29722
29723
29724
29725
29726
29727
29728
29729
29730
29731
29732
29733
29745
29747
29748
29749
29750
29751
29752
29753
29754
29755
29756
29757
29758
29759
29760
29761
29762
29763
29764
29778
29779
29780
29781
29782
29783
29784
29785
29786
29787
29788
29789
29790
29791
29792
29793
29794
29795
29796
29797
29798
29811
29813
29814
29815
29816
29817
29818
29819
29820
29821
29822
29823
29824
29825
29826
29827
29828
29829
29830
29831
29832
29837
29838
29839
29840
29841
29842
29843
29844
29845
29846
29847
29848
29849
29850
29851
29852
29853
29854
29855
29856
29857
29877
29881
29882
29883
29884
29888
29889
29890
29891
29892
29893
29894
29895
29896
29897
29898
29899
29900
29901
29902
29903
29913
29917
29918
29919
29920
29924
29925
29926
29927
29928
29929
29930
29931
29932
29933
29934
29935
29936
29937
29938
29939
29952
29953
29954
29955
29956
29960
29961
29962
29963
29965
29966
29967
29968
29969
29970
29971
29972
29973
29974
29975
29976
29989
29992
29993
29994
29995
29996
29997
29998
29999
30003
30004
30005
30006
30007
30008
30009
30010
30011
30012
30013
30014
30030
30031
30032
30033
30034
30037
30038
30039
30040
30041
30042
30043
30044
30045
30046
30047
30048
30049
30050
30051
30052
30062
30066
30067
30068
30069
30073
30074
30075
30076
30079
30080
30081
30082
30083
30084
30085
30086
30087
30088
30089
30090
30099
30103
30104
30105
30106
30110
30111
30112
30113
30117
30118
30119
30120
30121
30122
30123
30124
30125
30126
30127
30128
30137
30141
30142
30143
30144
30148
30149
30150
30151
30155
30156
30157
30158
30159
30160
30161
30162
30163
30164
30165
30166
30175
30179
30180
30181
30182
30186
30187
30188
30189
30193
30194
30195
30196
30197
30198
30199
30200
30201
30202
30203
30204
30217
30218
30219
30220
30224
30225
30226
30227
30231
30232
30233
30234
30235
30236
30237
30238
30239
30240
30241
30242
30243
30244
30245
30246
30247
30248
30249
30250
30256
30257
30258
30259
30260
30261
30262
30263
30281
30282
30283
30284
30285
30286
30287
30288
30298
30299
30300
30301
30319
30320
30321
30322
30336
30337
30338
30339
30357
30358
30359
30360
30361
30397
30398
30399
30400
30401
30402
30403
30404
30405
30492
30502
30503
30504
30515
30516
30517
30518
30519
30520
30521
30533
30534
30535
30536
30537
30538
30539
30540
30541
30542
30543
30555
30556
30557
30558
30559
30560
30561
30562
30563
30564
30565
30566
30567
30568
30569
30581
30583
30584
30585
30586
30587
30588
30589
30590
30591
30592
30593
30594
30595
30596
30597
30598
30599
30600
30614
30615
30616
30617
30618
30619
30620
30621
30622
30623
30624
30625
30626
30627
30628
30629
30630
30631
30632
30633
30634
30647
30649
30650
30651
30652
30653
30654
30655
30656
30657
30658
30659
30660
30661
30662
30663
30664
30665
30666
30667
30668
30679
30683
30684
30685
30686
30688
30689
30690
30691
30692
30693
30694
30695
30696
30697
30698
30699
30700
30701
30702
30703
30707
30708
30709
30710
30711
30712
30713
30714
30715
30716
30717
30718
30719
30720
30721
30722
30723
30724
30725
30726
30727
30749
30753
30754
30755
30756
30760
30761
30762
30763
30764
30765
30766
30767
30768
30769
30770
30771
30772
30773
30774
30775
30788
30789
30790
30791
30792
30796
30797
30798
30799
30801
30802
30803
30804
30805
30806
30807
30808
30809
30810
30811
30812
30825
30828
30829
30830
30831
30832
30833
30834
30835
30839
30840
30841
30842
30843
30844
30845
30846
30847
30848
30849
30850
30866
30867
30868
30869
30870
30873
30874
30875
30876
30877
30878
30879
30880
30881
30882
30883
30884
30885
30886
30887
30888
30902
30905
30906
30907
30908
30909
30910
30911
30912
30915
30916
30917
30918
30919
30920
30921
30922
30923
30924
30925
30926
30935
30939
30940
30941
30942
30946
30947
30948
30949
30953
30954
30955
30956
30957
30958
30959
30960
30961
30962
30963
30964
30973
30977
30978
30979
30980
30984
30985
30986
30987
30991
30992
30993
30994
30995
30996
30997
30998
30999
31000
31001
31002
31011
31015
31016
31017
31018
31022
31023
31024
31025
31029
31030
31031
31032
31033
31034
31035
31036
31037
31038
31039
31040
31053
31054
31055
31056
31060
31061
31062
31063
31067
31068
31069
31070
31071
31072
31073
31074
31075
31076
31077
31078
31098
31099
31100
31101
31105
31106
31107
31108
31109
31110
31111
31112
31113
31114
31115
31116
31117
31118
31119
31120
31121
31122
31123
31124
31134
31135
31136
31137
31155
31156
31157
31158
31172
31173
31174
31175
31193
31211
31212
31213
31231
31275
31276
31277
31278
31279
31359
31369
31370
31371
31382
31383
31384
31385
31386
31387
31388
31400
31401
31402
31403
31404
31405
31406
31407
31408
31409
31410
31422
31423
31424
31425
31426
31427
31428
31429
31430
31431
31432
31433
31434
31435
31436
31448
31450
31451
31452
31453
31454
31455
31456
31457
31458
31459
31460
31461
31462
31463
31464
31465
31466
31467
31481
31482
31483
31484
31485
31486
31487
31488
31489
31490
31491
31492
31493
31494
31495
31496
31497
31498
31499
31500
31501
31514
31516
31517
31518
31519
31520
31521
31522
31523
31524
31525
31526
31527
31528
31529
31530
31531
31532
31533
31534
31535
31546
31550
31551
31552
31553
31555
31556
31557
31558
31559
31560
31561
31562
31563
31564
31565
31566
31567
31568
31569
31570
31580
31584
31585
31586
31587
31591
31592
31593
31594
31595
31596
31597
31598
31599
31600
31601
31602
31603
31604
31605
31606
31609
31610
31611
31612
31613
31614
31615
31616
31617
31618
31619
31620
31621
31622
31623
31624
31625
31626
31627
31628
31629
31655
31656
31657
31658
31659
31663
31664
31665
31666
31668
31669
31670
31671
31672
31673
31674
31675
31676
31677
31678
31679
31692
31695
31696
31697
31698
31699
31700
31701
31702
31706
31707
31708
31709
31710
31711
31712
31713
31714
31715
31716
31717
31730
31734
31735
31736
31737
31740
31741
31742
31743
31744
31745
31746
31747
31748
31749
31750
31751
31752
31753
31754
31755
31769
31772
31773
31774
31775
31776
31777
31778
31779
31782
31783
31784
31785
31786
31787
31788
31789
31790
31791
31792
31793
31806
31810
31811
31812
31813
31816
31817
31818
31819
31820
31821
31822
31823
31824
31825
31826
31827
31828
31829
31830
31831
31840
31844
31845
31846
31847
31851
31852
31853
31854
31858
31859
31860
31861
31862
31863
31864
31865
31866
31867
31868
31869
31878
31882
31883
31884
31885
31889
31890
31891
31892
31896
31897
31898
31899
31900
31901
31902
31903
31904
31905
31906
31907
31920
31921
31922
31923
31927
31928
31929
31930
31934
31935
31936
31937
31938
31939
31940
31941
31942
31943
31944
31945
31965
31966
31967
31968
31972
31973
31974
31975
31976
31977
31978
31979
31980
31981
31982
31983
32010
32011
32012
32013
32014
32015
32016
32017
32018
32019
32020
32021
32022
32023
32024
32025
32039
32040
32041
32042
32060
32078
32079
32080
32180
32181
32257
32267
32268
32269
32280
32281
32282
32283
32284
32285
32286
32298
32299
32300
32301
32302
32303
32304
32305
32306
32307
32308
32320
32321
32322
32323
32324
32325
32326
32327
32328
32329
32330
32331
32332
32333
32334
32346
32348
32349
32350
32351
32352
32353
32354
32355
32356
32357
32358
32359
32360
32361
32362
32363
32364
32365
32379
32380
32381
32382
32383
32384
32385
32386
32387
32388
32389
32390
32391
32392
32393
32394
32395
32396
32397
32398
32399
32412
32414
32415
32416
32417
32418
32419
32420
32421
32422
32423
32424
32425
32426
32427
32428
32429
32430
32431
32432
32433
32444
32448
32449
32450
32451
32453
32454
32455
32456
32457
32458
32459
32460
32461
32462
32463
32464
32465
32466
32467
32468
32478
32482
32483
32484
32485
32489
32490
32491
32492
32493
32494
32495
32496
32497
32498
32499
32500
32501
32502
32503
32504
32514
32518
32519
32520
32521
32525
32526
32527
32528
32529
32530
32531
32532
32533
32534
32535
32536
32537
32538
32539
32540
32543
32544
32545
32546
32547
32548
32549
32550
32551
32552
32553
32554
32555
32556
32557
32558
32559
32560
32561
32562
32563
32590
32593
32594
32595
32596
32597
32598
32599
32600
32604
32605
32606
32607
32608
32609
32610
32611
32612
32613
32614
32615
32628
32632
32633
32634
32635
32638
32639
32640
32641
32642
32643
32644
32645
32646
32647
32648
32649
32650
32651
32652
32653
32663
32667
32668
32669
32670
32674
32675
32676
32677
32680
32681
32682
32683
32684
32685
32686
32687
32688
32689
32690
32691
32703
32708
32709
32710
32711
32714
32715
32716
32717
32718
32719
32720
32721
32722
32723
32724
32725
32726
32727
32728
32729
32739
32743
32744
32745
32746
32750
32751
32752
32753
32756
32757
32758
32759
32760
32761
32762
32763
32764
32765
32766
32767
32780
32781
32782
32783
32787
32788
32789
32790
32794
32795
32796
32797
32798
32799
32800
32801
32802
32803
32804
32805
32818
32819
32820
32821
32825
32826
32827
32828
32832
32833
32834
32835
32836
32837
32838
32839
32840
32841
32842
32843
32863
32864
32865
32866
32870
32871
32872
32873
32874
32875
32876
32877
32878
32879
32880
32881
32908
32909
32910
32911
32912
32913
32914
32915
32916
32917
32918
32919
32950
32951
32952
32953
32954
32955
32956
32957
32958
32976
32977
32978
33189
33199
33200
33201
33212
33213
33214
33215
33216
33217
33218
33230
33231
33232
33233
33234
33235
33236
33237
33238
33239
33240
33252
33253
33254
33255
33256
33257
33258
33259
33260
33261
33262
33263
33264
33265
33266
33278
33280
33281
33282
33283
33284
33285
33286
33287
33288
33289
33290
33291
33292
33293
33294
33295
33296
33297
33311
33312
33313
33314
33315
33316
33317
33318
33319
33320
33321
33322
33323
33324
33325
33326
33327
33328
33329
33330
33331
33344
33346
33347
33348
33349
33350
33351
33352
33353
33354
33355
33356
33357
33358
33359
33360
33361
33362
33363
33364
33365
33376
33380
33381
33382
33383
33385
33386
33387
33388
33389
33390
33391
33392
33393
33394
33395
33396
33397
33398
33399
33400
33410
33414
33415
33416
33417
33421
33422
33423
33424
33425
33426
33427
33428
33429
33430
33431
33432
33433
33434
33435
33436
33446
33450
33451
33452
33453
33457
33458
33459
33460
33461
33462
33463
33464
33465
33466
33467
33468
33469
33470
33471
33472
33485
33486
33487
33488
33489
33493
33494
33495
33496
33498
33499
33500
33501
33502
33503
33504
33505
33506
33507
33508
33509
33511
33512
33513
33514
33515
33516
33517
33518
33519
33520
33521
33522
33523
33524
33525
33526
33527
33528
33529
33530
33531
33560
33564
33565
33566
33567
33570
33571
33572
33573
33574
33575
33576
33577
33578
33579
33580
33581
33582
33583
33584
33585
33595
33599
33600
33601
33602
33606
33607
33608
33609
33612
33613
33614
33615
33616
33617
33618
33619
33620
33621
33622
33623
33635
33636
33637
33638
33639
33643
33644
33645
33646
33650
33651
33652
33653
33654
33655
33656
33657
33658
33659
33660
33661
33669
33674
33675
33676
33677
33682
33683
33684
33685
33688
33689
33690
33691
33692
33693
33694
33695
33696
33697
33698
33699
33712
33713
33714
33715
33719
33720
33721
33722
33726
33727
33728
33729
33730
33731
33732
33733
33734
33735
33736
33737
33757
33758
33759
33760
33764
33765
33766
33767
33768
33769
33770
33771
33772
33773
33774
33775
33795
33796
33797
33798
33802
33803
33804
33805
33806
33807
33808
33809
33810
33811
33812
33813
33840
33841
33842
33843
33844
33845
33846
33847
33848
33849
33850
33851
33882
33883
33884
33885
33886
33887
33888
33889
33924
33925
33926
33927
34155
34165
34166
34167
34178
34179
34180
34181
34182
34183
34184
34196
34197
34198
34199
34200
34201
34202
34203
34204
34205
34206
34218
34219
34220
34221
34222
34223
34224
34225
34226
34227
34228
34229
34230
34231
34232
34244
34246
34247
34248
34249
34250
34251
34252
34253
34254
34255
34256
34257
34258
34259
34260
34261
34262
34263
34277
34278
34279
34280
34281
34282
34283
34284
34285
34286
34287
34288
34289
34290
34291
34292
34293
34294
34295
34296
34297
34310
34312
34313
34314
34315
34316
34317
34318
34319
34320
34321
34322
34323
34324
34325
34326
34327
34328
34329
34330
34331
34342
34346
34347
34348
34349
34351
34352
34353
34354
34355
34356
34357
34358
34359
34360
34361
34362
34363
34364
34365
34366
34376
34380
34381
34382
34383
34387
34388
34389
34390
34391
34392
34393
34394
34395
34396
34397
34398
34399
34400
34401
34402
34412
34416
34417
34418
34419
34423
34424
34425
34426
34427
34428
34429
34430
34431
34432
34433
34434
34435
34436
34437
34438
34451
34452
34453
34454
34455
34459
34460
34461
34462
34464
34465
34466
34467
34468
34469
34470
34471
34472
34473
34474
34475
34488
34491
34492
34493
34494
34495
34496
34497
34498
34502
34503
34504
34505
34506
34507
34508
34509
34510
34511
34512
34513
34514
34515
34516
34517
34518
34519
34520
34521
34522
34523
34524
34525
34526
34527
34528
34529
34530
34531
34532
34533
34534
34561
34565
34566
34567
34568
34572
34573
34574
34575
34578
34579
34580
34581
34582
34583
34584
34585
34586
34587
34588
34589
34601
34602
34603
34604
34605
34609
34610
34611
34612
34616
34617
34618
34619
34620
34621
34622
34623
34624
34625
34626
34627
34640
34643
34644
34645
34646
34647
34648
34649
34650
34654
34655
34656
34657
34658
34659
34660
34661
34662
34663
34664
34665
34676
34677
34678
34679
34684
34685
34686
34687
34692
34693
34694
34695
34696
34697
34698
34699
34700
34701
34702
34703
34723
34724
34725
34726
34730
34731
34732
34733
34734
34735
34736
34737
34738
34739
34740
34741
34768
34769
34770
34771
34772
34773
34774
34775
34776
34777
34778
34779
34806
34807
34808
34809
34810
34811
34812
34813
34814
34815
34816
34817
34848
34849
34850
34851
34852
34853
34854
34855
34890
34891
34892
34893
35163
35164
35165
35176
35177
35178
35179
35180
35181
35182
35194
35195
35196
35197
35198
35199
35200
35201
35202
35203
35204
35216
35217
35218
35219
35220
35221
35222
35223
35224
35225
35226
35227
35228
35229
35230
35242
35244
35245
35246
35247
35248
35249
35250
35251
35252
35253
35254
35255
35256
35257
35258
35259
35260
35261
35275
35276
35277
35278
35279
35280
35281
35282
35283
35284
35285
35286
35287
35288
35289
35290
35291
35292
35293
35294
35295
35308
35310
35311
35312
35313
35314
35315
35316
35317
35318
35319
35320
35321
35322
35323
35324
35325
35326
35327
35328
35329
35340
35344
35345
35346
35347
35349
35350
35351
35352
35353
35354
35355
35356
35357
35358
35359
35360
35361
35362
35363
35364
35374
35378
35379
35380
35381
35385
35386
35387
35388
35389
35390
35391
35392
35393
35394
35395
35396
35397
35398
35399
35400
35410
35414
35415
35416
35417
35421
35422
35423
35424
35425
35426
35427
35428
35429
35430
35431
35432
35433
35434
35435
35436
35446
35450
35451
35452
35453
35457
35458
35459
35460
35462
35463
35464
35465
35466
35467
35468
35469
35470
35471
35472
35473
35486
35489
35490
35491
35492
35493
35494
35495
35496
35500
35501
35502
35503
35504
35505
35506
35507
35508
35509
35510
35511
35524
35528
35529
35530
35531
35534
35535
35536
35537
35538
35539
35540
35541
35542
35543
35544
35545
35546
35547
35548
35549
35550
35551
35552
35553
35554
35555
35556
35557
35558
35559
35560
35561
35562
35563
35564
35565
35566
35567
35568
35569
35570
35599
35600
35601
35602
35603
35607
35608
35609
35610
35614
35615
35616
35617
35618
35619
35620
35621
35622
35623
35624
35625
35638
35641
35642
35643
35644
35645
35646
35647
35648
35652
35653
35654
35655
35656
35657
35658
35659
35660
35661
35662
35663
35680
35681
35682
35683
35686
35687
35688
35689
35690
35691
35692
35693
35694
35695
35696
35697
35698
35699
35700
35701
35720
35721
35722
35723
35728
35729
35730
35731
35732
35733
35734
35735
35736
35737
35738
35739
35766
35767
35768
35769
35770
35771
35772
35773
35774
35775
35776
35777
35808
35809
35810
35811
35812
35813
35814
35815
35846
35847
35848
35849
35850
35851
35852
35853
35888
35889
35890
35891
36204
36205
36206
36207
36208
36209
36210
36222
36223
36224
36225
36226
36227
36228
36229
36230
36231
36232
36244
36245
36246
36247
36248
36249
36250
36251
36252
36253
36254
36255
36256
36257
36258
36270
36272
36273
36274
36275
36276
36277
36278
36279
36280
36281
36282
36283
36284
36285
36286
36287
36288
36289
36300
36304
36305
36306
36307
36308
36309
36310
36311
36312
36313
36314
36315
36316
36317
36318
36319
36320
36321
36322
36323
36336
36338
36339
36340
36341
36342
36343
36344
36345
36346
36347
36348
36349
36350
36351
36352
36353
36354
36355
36356
36357
36368
36372
36373
36374
36375
36377
36378
36379
36380
36381
36382
36383
36384
36385
36386
36387
36388
36389
36390
36391
36392
36402
36406
36407
36408
36409
36413
36414
36415
36416
36417
36418
36419
36420
36421
36422
36423
36424
36425
36426
36427
36428
36438
36442
36443
36444
36445
36449
36450
36451
36452
36453
36454
36455
36456
36457
36458
36459
36460
36461
36462
36463
36464
36474
36478
36479
36480
36481
36485
36486
36487
36488
36490
36491
36492
36493
36494
36495
36496
36497
36498
36499
36500
36501
36510
36514
36515
36516
36517
36521
36522
36523
36524
36528
36529
36530
36531
36532
36533
36534
36535
36536
36537
36538
36539
36552
36556
36557
36558
36559
36562
36563
36564
36565
36566
36567
36568
36569
36570
36571
36572
36573
36574
36575
36576
36577
36587
36591
36592
36593
36594
36598
36599
36600
36601
36604
36605
36606
36607
36608
36609
36610
36611
36612
36613
36614
36615
36616
36617
36618
36619
36620
36621
36622
36623
36624
36625
36626
36627
36628
36629
36630
36631
36632
36633
36634
36635
36636
36666
36669
36670
36671
36672
36673
36674
36675
36676
36680
36681
36682
36683
36684
36685
36686
36687
36688
36689
36690
36691
36708
36709
36710
36711
36714
36715
36716
36717
36718
36719
36720
36721
36722
36723
36724
36725
36726
36727
36728
36729
36750
36751
36752
36753
36756
36757
36758
36759
36760
36761
36762
36763
36764
36765
36766
36767
36794
36795
36796
36797
36798
36799
36800
36801
36802
36803
36804
36805
36836
36837
36838
36839
36840
36841
36842
36843
36878
36879
36880
36881
36916
36917
36918
36919
37284
37285
37286
37287
37288
37289
37290
37291
37292
37293
37294
37306
37307
37308
37309
37310
37311
37312
37313
37314
37315
37316
37317
37318
37319
37320
37332
37334
37335
37336
37337
37338
37339
37340
37341
37342
37343
37344
37345
37346
37347
37348
37349
37350
37351
37362
37366
37367
37368
37369
37370
37371
37372
37373
37374
37375
37376
37377
37378
37379
37380
37381
37382
37383
37384
37385
37399
37400
37401
37402
37403
37404
37405
37406
37407
37408
37409
37410
37411
37412
37413
37414
37415
37416
37417
37418
37419
37430
37434
37435
37436
37437
37439
37440
37441
37442
37443
37444
37445
37446
37447
37448
37449
37450
37451
37452
37453
37454
37464
37468
37469
37470
37471
37475
37476
37477
37478
37479
37480
37481
37482
37483
37484
37485
37486
37487
37488
37489
37490
37500
37504
37505
37506
37507
37511
37512
37513
37514
37515
37516
37517
37518
37519
37520
37521
37522
37523
37524
37525
37526
37536
37540
37541
37542
37543
37547
37548
37549
37550
37552
37553
37554
37555
37556
37557
37558
37559
37560
37561
37562
37563
37572
37576
37577
37578
37579
37583
37584
37585
37586
37590
37591
37592
37593
37594
37595
37596
37597
37598
37599
37600
37601
37610
37614
37615
37616
37617
37621
37622
37623
37624
37628
37629
37630
37631
37632
37633
37634
37635
37636
37637
37638
37639
37649
37653
37654
37655
37656
37660
37661
37662
37663
37666
37667
37668
37669
37670
37671
37672
37673
37674
37675
37676
37677
37689
37690
37691
37692
37693
37697
37698
37699
37700
37704
37705
37706
37707
37708
37709
37710
37711
37712
37713
37714
37715
37716
37717
37718
37719
37720
37721
37722
37723
37724
37725
37726
37727
37728
37729
37730
37731
37732
37733
37734
37735
37736
37770
37771
37772
37773
37776
37777
37778
37779
37780
37781
37782
37783
37784
37785
37786
37787
37788
37789
37790
37791
37812
37813
37814
37815
37818
37819
37820
37821
37822
37823
37824
37825
37826
37827
37828
37829
37856
37857
37858
37859
37860
37861
37862
37863
37864
37865
37866
37867
37898
37899
37900
37901
37902
37903
37904
37905
37940
37941
37942
37943
38384
38385
38397
38398
38399
38400
38401
38402
38403
38404
38405
38406
38407
38408
38409
38410
38411
38423
38425
38426
38427
38428
38429
38430
38431
38432
38433
38434
38435
38436
38437
38438
38439
38440
38441
38442
38453
38457
38458
38459
38460
38461
38462
38463
38464
38465
38466
38467
38468
38469
38470
38471
38472
38473
38474
38475
38476
38487
38491
38492
38493
38494
38495
38496
38497
38498
38499
38500
38501
38502
38503
38504
38505
38506
38507
38508
38509
38510
38523
38526
38527
38528
38529
38530
38531
38532
38533
38534
38535
38536
38537
38538
38539
38540
38541
38542
38543
38544
38545
38555
38559
38560
38561
38562
38566
38567
38568
38569
38570
38571
38572
38573
38574
38575
38576
38577
38578
38579
38580
38581
38591
38595
38596
38597
38598
38602
38603
38604
38605
38606
38607
38608
38609
38610
38611
38612
38613
38614
38615
38616
38617
38627
38631
38632
38633
38634
38638
38639
38640
38641
38643
38644
38645
38646
38647
38648
38649
38650
38651
38652
38653
38654
38663
38667
38668
38669
38670
38674
38675
38676
38677
38681
38682
38683
38684
38685
38686
38687
38688
38689
38690
38691
38692
38701
38705
38706
38707
38708
38712
38713
38714
38715
38719
38720
38721
38722
38723
38724
38725
38726
38727
38728
38729
38730
38739
38743
38744
38745
38746
38750
38751
38752
38753
38757
38758
38759
38760
38761
38762
38763
38764
38765
38766
38767
38768
38780
38781
38782
38783
38784
38788
38789
38790
38791
38795
38796
38797
38798
38799
38800
38801
38802
38803
38804
38805
38806
38819
38822
38823
38824
38825
38826
38827
38828
38829
38833
38834
38835
38836
38837
38838
38839
38840
38841
38842
38843
38844
38845
38846
38847
38848
38849
38850
38851
38853
38854
38855
38856
38857
38858
38859
38860
38861
38862
38863
38864
38865
38903
38904
38905
38906
38909
38910
38911
38912
38913
38914
38915
38916
38917
38918
38919
38920
38947
38948
38949
38950
38951
38952
38953
38954
38955
38956
38957
38958
38989
38990
38991
38992
38993
38994
38995
38996
39031
39032
39033
39034
39495
39496
39523
39524
39525
39526
39528
39529
39541
39543
39544
39545
39546
39547
39548
39549
39550
39551
39552
39553
39554
39555
39556
39557
39558
39559
39560
39571
39575
39576
39577
39578
39579
39580
39581
39582
39583
39584
39585
39586
39587
39588
39589
39590
39591
39592
39593
39594
39605
39609
39610
39611
39612
39613
39614
39615
39616
39617
39618
39619
39620
39621
39622
39623
39624
39625
39626
39627
39628
39642
39643
39644
39645
39646
39648
39649
39650
39651
39652
39653
39654
39655
39656
39657
39658
39659
39660
39661
39662
39663
39674
39678
39679
39680
39681
39684
39685
39686
39687
39688
39689
39690
39691
39692
39693
39694
39695
39696
39697
39698
39699
39709
39713
39714
39715
39716
39720
39721
39722
39723
39724
39725
39726
39727
39728
39729
39730
39731
39732
39733
39734
39735
39748
39749
39750
39751
39752
39756
39757
39758
39759
39761
39762
39763
39764
39765
39766
39767
39768
39769
39770
39771
39772
39781
39785
39786
39787
39788
39792
39793
39794
39795
39799
39800
39801
39802
39803
39804
39805
39806
39807
39808
39809
39810
39819
39823
39824
39825
39826
39830
39831
39832
39833
39837
39838
39839
39840
39841
39842
39843
39844
39845
39846
39847
39848
39857
39861
39862
39863
39864
39868
39869
39870
39871
39875
39876
39877
39878
39879
39880
39881
39882
39883
39884
39885
39886
39898
39899
39900
39901
39902
39906
39907
39908
39909
39913
39914
39915
39916
39917
39918
39919
39920
39921
39922
39923
39924
39939
39940
39941
39942
39943
39944
39945
39946
39947
39951
39952
39953
39954
39955
39956
39957
39958
39959
39960
39961
39962
39979
39980
39981
39982
39985
39986
39987
39988
39989
39990
39991
39992
39993
39994
39995
39996
39997
39998
39999
40000
40001
40002
40003
40004
40005
40006
40008
40013
40014
40015
40016
40017
40018
40019
40020
40021
40065
40066
40067
40068
40069
40070
40071
40072
40073
40074
40075
40076
40107
40108
40109
40110
40111
40112
40113
40114
40149
40150
40151
40152
40644
40645
40646
40647
40649
40650
40651
40652
40680
40681
40682
40683
40684
40685
40686
40687
40689
40690
40701
40705
40706
40707
40708
40709
40710
40711
40712
40713
40714
40715
40716
40717
40718
40719
40720
40721
40722
40723
40724
40735
40739
40740
40741
40742
40743
40744
40745
40746
40747
40748
40749
40750
40751
40752
40753
40754
40755
40756
40757
40758
40772
40773
40774
40775
40776
40778
40779
40780
40781
40782
40783
40784
40785
40786
40787
40788
40789
40790
40791
40792
40793
40808
40810
40811
40812
40813
40814
40815
40816
40817
40818
40819
40820
40821
40822
40823
40824
40825
40826
40827
40828
40829
40839
40843
40844
40845
40846
40850
40851
40852
40853
40854
40855
40856
40857
40858
40859
40860
40861
40862
40863
40864
40865
40878
40879
40880
40881
40882
40886
40887
40888
40889
40891
40892
40893
40894
40895
40896
40897
40898
40899
40900
40901
40902
40915
40918
40919
40920
40921
40922
40923
40924
40925
40929
40930
40931
40932
40933
40934
40935
40936
40937
40938
40939
40940
40949
40953
40954
40955
40956
40960
40961
40962
40963
40967
40968
40969
40970
40971
40972
40973
40974
40975
40976
40977
40978
40987
40991
40992
40993
40994
40998
40999
41000
41001
41005
41006
41007
41008
41009
41010
41011
41012
41013
41014
41015
41016
41028
41029
41030
41031
41032
41036
41037
41038
41039
41043
41044
41045
41046
41047
41048
41049
41050
41051
41052
41053
41054
41069
41070
41071
41072
41073
41074
41075
41076
41077
41081
41082
41083
41084
41085
41086
41087
41088
41089
41090
41091
41092
41111
41112
41113
41114
41115
41116
41117
41118
41119
41120
41121
41122
41123
41124
41125
41126
41127
41128
41129
41130
41151
41152
41153
41154
41157
41158
41159
41160
41161
41162
41163
41164
41165
41166
41167
41168
41169
41170
41171
41172
41173
41174
41176
41185
41186
41187
41188
41189
41237
41238
41239
41240
41241
41242
41243
41244
41279
41280
41281
41282
41795
41796
41797
41798
41799
41800
41801
41802
41803
41804
41805
41806
41808
41809
41810
41811
41839
41840
41841
41842
41843
41844
41845
41846
41847
41848
41849
41850
41862
41866
41867
41868
41869
41870
41871
41872
41873
41874
41875
41876
41877
41878
41879
41880
41881
41882
41883
41884
41885
41899
41900
41901
41902
41903
41905
41906
41907
41908
41909
41910
41911
41912
41913
41914
41915
41916
41917
41918
41919
41920
41935
41937
41938
41939
41940
41941
41942
41943
41944
41945
41946
41947
41948
41949
41950
41951
41952
41953
41954
41955
41956
41968
41972
41973
41974
41975
41977
41978
41979
41980
41981
41982
41983
41984
41985
41986
41987
41988
41989
41990
41991
41992
42002
42006
42007
42008
42009
42013
42014
42015
42016
42018
42019
42020
42021
42022
42023
42024
42025
42026
42027
42028
42029
42042
42045
42046
42047
42048
42049
42050
42051
42052
42056
42057
42058
42059
42060
42061
42062
42063
42064
42065
42066
42067
42080
42084
42085
42086
42087
42090
42091
42092
42093
42094
42095
42096
42097
42098
42099
42100
42101
42102
42103
42104
42105
42114
42118
42119
42120
42121
42125
42126
42127
42128
42132
42133
42134
42135
42136
42137
42138
42139
42140
42141
42142
42143
42152
42156
42157
42158
42159
42163
42164
42165
42166
42170
42171
42172
42173
42174
42175
42176
42177
42178
42179
42180
42181
42197
42198
42199
42200
42201
42202
42203
42204
42208
42209
42210
42211
42212
42213
42214
42215
42216
42217
42218
42219
42238
42239
42240
42241
42242
42243
42244
42245
42246
42247
42248
42249
42250
42251
42252
42253
42254
42255
42256
42257
42280
42281
42282
42283
42284
42285
42286
42287
42288
42289
42290
42291
42292
42293
42294
42295
42322
42323
42324
42325
42326
42327
42328
42329
42330
42331
42332
42333
42334
42335
42337
42350
42351
42352
42353
42354
42406
42407
42408
42409
42933
42934
42935
42936
42937
42938
42939
42940
42941
42942
42943
42944
42945
42946
42947
42948
42949
42950
42951
42952
42954
42955
42982
42983
42984
42985
42986
42987
42988
42989
42990
42991
42992
42993
43008
43009
43010
43011
43012
43014
43015
43016
43017
43018
43019
43020
43021
43022
43023
43024
43025
43026
43027
43028
43029
43044
43046
43047
43048
43049
43050
43051
43052
43053
43054
43055
43056
43057
43058
43059
43060
43061
43062
43063
43064
43065
43077
43081
43082
43083
43084
43086
43087
43088
43089
43090
43091
43092
43093
43094
43095
43096
43097
43098
43099
43100
43101
43111
43115
43116
43117
43118
43122
43123
43124
43125
43127
43128
43129
43130
43131
43132
43133
43134
43135
43136
43137
43138
43147
43151
43152
43153
43154
43158
43159
43160
43161
43165
43166
43167
43168
43169
43170
43171
43172
43173
43174
43175
43176
43189
43193
43194
43195
43196
43199
43200
43201
43202
43203
43204
43205
43206
43207
43208
43209
43210
43211
43212
43213
43214
43224
43228
43229
43230
43231
43235
43236
43237
43238
43241
43242
43243
43244
43245
43246
43247
43248
43249
43250
43251
43252
43261
43265
43266
43267
43268
43272
43273
43274
43275
43279
43280
43281
43282
43283
43284
43285
43286
43287
43288
43289
43290
43303
43304
43305
43306
43310
43311
43312
43313
43317
43318
43319
43320
43321
43322
43323
43324
43325
43326
43327
43328
43351
43352
43353
43354
43355
43356
43357
43358
43359
43360
43361
43362
43363
43364
43365
43366
43389
43390
43391
43392
43393
43394
43395
43396
43397
43398
43399
43400
43401
43402
43403
43404
43431
43432
43433
43434
43435
43436
43437
43438
43439
43440
43441
43442
43473
43474
43475
43476
43477
43478
43479
43480
43482
43499
43500
43501
44045
44046
44047
44048
44049
44050
44051
44052
44053
44054
44055
44056
44057
44058
44059
44060
44061
44062
44063
44064
44065
44066
44067
44068
44097
44098
44099
44100
44101
44102
44103
44104
44105
44106
44107
44108
44124
44126
44127
44128
44129
44130
44131
44132
44133
44134
44135
44136
44137
44138
44139
44140
44141
44142
44143
44144
44145
44157
44161
44162
44163
44164
44166
44167
44168
44169
44170
44171
44172
44173
44174
44175
44176
44177
44178
44179
44180
44181
44191
44195
44196
44197
44198
44202
44203
44204
44205
44207
44208
44209
44210
44211
44212
44213
44214
44215
44216
44217
44218
44227
44231
44232
44233
44234
44238
44239
44240
44241
44245
44246
44247
44248
44249
44250
44251
44252
44253
44254
44255
44256
44265
44269
44270
44271
44272
44276
44277
44278
44279
44283
44284
44285
44286
44287
44288
44289
44290
44291
44292
44293
44294
44304
44308
44309
44310
44311
44315
44316
44317
44318
44321
44322
44323
44324
44325
44326
44327
44328
44329
44330
44331
44332
44341
44345
44346
44347
44348
44352
44353
44354
44355
44359
44360
44361
44362
44363
44364
44365
44366
44367
44368
44369
44370
44383
44384
44385
44386
44390
44391
44392
44393
44397
44398
44399
44400
44401
44402
44403
44404
44405
44406
44407
44408
44428
44429
44430
44431
44435
44436
44437
44438
44439
44440
44441
44442
44443
44444
44445
44446
44473
44474
44475
44476
44477
44478
44479
44480
44481
44482
44483
44484
44511
44512
44513
44514
44515
44516
44517
44518
44519
44520
44521
44522
44553
44554
44555
44556
44557
44558
44559
44560
44595
44596
44597
44598
45124
45125
45126
45127
45128
45129
45130
45131
45132
45133
45134
45135
45136
45137
45138
45139
45140
45141
45142
45143
45144
45145
45146
45147
45176
45177
45178
45179
45180
45181
45182
45183
45184
45185
45186
45187
45200
45204
45205
45206
45207
45209
45210
45211
45212
45213
45214
45215
45216
45217
45218
45219
45220
45221
45222
45223
45224
45234
45238
45239
45240
45241
45245
45246
45247
45248
45250
45251
45252
45253
45254
45255
45256
45257
45258
45259
45260
45261
45270
45274
45275
45276
45277
45281
45282
45283
45284
45288
45289
45290
45291
45292
45293
45294
45295
45296
45297
45298
45299
45308
45312
45313
45314
45315
45319
45320
45321
45322
45326
45327
45328
45329
45330
45331
45332
45333
45334
45335
45336
45337
45346
45350
45351
45352
45353
45357
45358
45359
45360
45364
45365
45366
45367
45368
45369
45370
45371
45372
45373
45374
45375
45388
45389
45390
45391
45395
45396
45397
45398
45402
45403
45404
45405
45406
45407
45408
45409
45410
45411
45412
45413
45426
45427
45428
45429
45433
45434
45435
45436
45440
45441
45442
45443
45444
45445
45446
45447
45448
45449
45450
45451
45471
45472
45473
45474
45478
45479
45480
45481
45482
45483
45484
45485
45486
45487
45488
45489
45516
45517
45518
45519
45520
45521
45522
45523
45524
45525
45526
45527
45558
45559
45560
45561
45562
45563
45564
45565
45596
45597
45598
45599
45600
45601
45602
45603
45638
45639
45640
45641
46169
46170
46171
46172
46173
46174
46175
46176
46177
46178
46179
46180
46181
46182
46183
46184
46185
46186
46187
46188
46189
46190
46191
46192
46220
46221
46222
46223
46224
46225
46226
46227
46228
46229
46230
46231
46242
46246
46247
46248
46249
46253
46254
46255
46256
46258
46259
46260
46261
46262
46263
46264
46265
46266
46267
46268
46269
46278
46282
46283
46284
46285
46289
46290
46291
46292
46296
46297
46298
46299
46300
46301
46302
46303
46304
46305
46306
46307
46316
46320
46321
46322
46323
46327
46328
46329
46330
46334
46335
46336
46337
46338
46339
46340
46341
46342
46343
46344
46345
46354
46358
46359
46360
46361
46365
46366
46367
46368
46372
46373
46374
46375
46376
46377
46378
46379
46380
46381
46382
46383
46396
46397
46398
46399
46403
46404
46405
46406
46410
46411
46412
46413
46414
46415
46416
46417
46418
46419
46420
46421
46441
46442
46443
46444
46448
46449
46450
46451
46452
46453
46454
46455
46456
46457
46458
46459
46479
46480
46481
46482
46486
46487
46488
46489
46490
46491
46492
46493
46494
46495
46496
46497
46524
46525
46526
46527
46528
46529
46530
46531
46532
46533
46534
46535
46566
46567
46568
46569
46570
46571
46572
46573
46608
46609
46610
46611
46646
46647
46648
46649
47183
47184
47185
47186
47187
47188
47189
47190
47191
47192
47193
47194
47195
47196
47197
47198
47199
47200
47201
47202
47203
47204
47205
47206
47236
47237
47238
47239
47240
47241
47242
47243
47244
47245
47246
47247
47256
47260
47261
47262
47263
47267
47268
47269
47270
47274
47275
47276
47277
47278
47279
47280
47281
47282
47283
47284
47285
47294
47298
47299
47300
47301
47305
47306
47307
47308
47312
47313
47314
47315
47316
47317
47318
47319
47320
47321
47322
47323
47332
47336
47337
47338
47339
47343
47344
47345
47346
47350
47351
47352
47353
47354
47355
47356
47357
47358
47359
47360
47361
47374
47375
47376
47377
47381
47382
47383
47384
47388
47389
47390
47391
47392
47393
47394
47395
47396
47397
47398
47399
47419
47420
47421
47422
47426
47427
47428
47429
47430
47431
47432
47433
47434
47435
47436
47437
47464
47465
47466
47467
47468
47469
47470
47471
47472
47473
47474
47475
47502
47503
47504
47505
47506
47507
47508
47509
47510
47511
47512
47513
47544
47545
47546
47547
47548
47549
47550
47551
47586
47587
47588
47589
48134
48135
48136
48137
48178
48179
48180
48181
48182
48183
48184
48185
48186
48187
48188
48189
48190
48191
48192
48193
48194
48195
48196
48197
48226
48227
48228
48229
48230
48231
48232
48233
48234
48235
48236
48237
48246
48250
48251
48252
48253
48257
48258
48259
48260
48264
48265
48266
48267
48268
48269
48270
48271
48272
48273
48274
48275
48284
48288
48289
48290
48291
48295
48296
48297
48298
48302
48303
48304
48305
48306
48307
48308
48309
48310
48311
48312
48313
48326
48327
48328
48329
48333
48334
48335
48336
48340
48341
48342
48343
48344
48345
48346
48347
48348
48349
48350
48351
48371
48372
48373
48374
48378
48379
48380
48381
48382
48383
48384
48385
48386
48387
48388
48389
48416
48417
48418
48419
48420
48421
48422
48423
48424
48425
48426
48427
48458
48459
48460
48461
48462
48463
48464
48465
48496
48497
48498
48499
48500
48501
48502
48503
48538
48539
48540
48541
49088
49097
49098
49099
49100
49101
49102
49103
49148
49149
49150
49151
49154
49155
49156
49157
49158
49159
49160
49161
49162
49163
49164
49165
49193
49194
49195
49196
49197
49198
49199
49200
49201
49202
49203
49204
49213
49217
49218
49219
49220
49224
49225
49226
49227
49231
49232
49233
49234
49235
49236
49237
49238
49239
49240
49241
49242
49255
49256
49257
49258
49262
49263
49264
49265
49269
49270
49271
49272
49273
49274
49275
49276
49277
49278
49279
49280
49300
49301
49302
49303
49307
49308
49309
49310
49311
49312
49313
49314
49315
49316
49317
49318
49345
49346
49347
49348
49349
49350
49351
49352
49353
49354
49355
49356
49387
49388
49389
49390
49391
49392
49393
49394
49429
49430
49431
49432
49467
49468
49469
49470
50029
50030
50040
50041
50042
50043
50044
50045
50046
50047
50048
50049
50051
50060
50061
50062
50102
50103
50104
50105
50106
50107
50108
50109
50137
50138
50139
50140
50141
50142
50143
50144
50145
50146
50147
50148
50161
50162
50163
50164
50168
50169
50170
50171
50175
50176
50177
50178
50179
50180
50181
50182
50183
50184
50185
50186
50206
50207
50208
50209
50213
50214
50215
50216
50217
50218
50219
50220
50221
50222
50223
50224
50251
50252
50253
50254
50255
50256
50257
50258
50259
50260
50261
50262
50293
50294
50295
50296
50297
50298
50299
50300
50335
50336
50337
50338
50948
50949
50951
50960
50961
50962
50963
50964
50965
50966
50967
50968
50969
50970
50980
50981
50982
50983
50984
50985
51026
51027
51028
51029
51056
51057
51058
51059
51060
51061
51062
51063
51064
51065
51066
51067
51087
51088
51089
51090
51094
51095
51096
51097
51098
51099
51100
51101
51102
51103
51104
51105
51132
51133
51134
51135
51136
51137
51138
51139
51140
51141
51142
51143
51174
51175
51176
51177
51178
51179
51180
51181
51216
51217
51218
51219
51840
51841
51842
51843
51844
51846
51855
51856
51857
51858
51859
51860
51861
51862
51864
51873
51874
51875
51876
51877
51878
51879
51880
51881
51949
51950
51951
51952
51953
51954
51955
51956
51957
51958
51959
51960
51987
51988
51989
51990
51991
51992
51993
51994
51995
51996
51997
51998
52029
52030
52031
52032
52033
52034
52035
52036
52071
52072
52073
52074
52709
52710
52711
52712
52713
52714
52715
52717
52726
52727
52728
52729
52730
52731
52732
52733
52735
52736
52745
52746
52747
52748
52749
52750
52818
52819
52820
52821
52822
52823
52824
52825
52826
52827
52828
52829
52860
52861
52862
52863
52864
52865
52866
52867
52902
52903
52904
52905
53554
53555
53556
53557
53558
53559
53560
53561
53562
53564
53565
53574
53575
53576
53577
53578
53579
53580
53581
53583
53592
53593
53594
53595
53667
53668
53669
53670
53671
53672
53673
53674
53709
53710
53711
53712
54377
54378
54379
54380
54381
54382
54383
54384
54385
54387
54396
54397
54398
54399
54400
54401
54402
54403
54405
54418
54494
54495
54496
54497
55181
55182
55183
55184
55185
55186
55188
55201
55202
55203
55205
55222
55966
55967
55969
55986
)


// ************************************************************************* //
