/*--------------------------------*- C++ -*----------------------------------*\
  =========                 |
  \\      /  F ield         | OpenFOAM: The Open Source CFD Toolbox
   \\    /   O peration     | Website:  https://openfoam.org
    \\  /    A nd           | Version:  12
     \\/     M anipulation  |
\*---------------------------------------------------------------------------*/
FoamFile
{
    format      ascii;
    class       labelList;
    location    "constant/polyMesh";
    object      pointProcAddressing;
}
// * * * * * * * * * * * * * * * * * * * * * * * * * * * * * * * * * * * * * //


13308
(
16
18
20
22
24
25
48
49
50
51
52
53
54
55
56
57
58
59
60
61
62
63
64
65
66
67
68
69
70
71
72
73
74
75
76
77
78
79
80
81
82
83
84
85
86
87
88
89
90
91
92
93
94
95
96
97
98
99
100
101
102
103
104
105
106
107
108
109
110
111
112
113
114
115
116
117
118
119
120
121
122
123
124
125
126
127
128
129
130
131
132
133
134
135
136
137
138
139
140
141
142
143
144
145
146
147
148
149
150
151
152
153
154
155
156
157
158
159
160
161
162
163
164
165
166
167
168
169
170
171
172
173
174
175
176
177
178
179
180
181
182
183
184
185
186
187
188
189
190
191
192
193
194
195
196
197
198
199
200
201
202
203
204
205
206
207
208
209
210
211
212
213
214
215
216
217
218
219
233
234
235
236
237
238
239
240
241
242
243
244
245
246
247
248
249
250
251
252
343
344
345
346
347
348
349
350
351
352
353
354
355
356
357
358
359
1479
1480
1481
1482
1483
1484
1485
1486
1487
1488
1489
1490
1491
1492
1493
1494
1495
1496
1497
1498
1499
1541
1542
1543
1544
1545
1546
1547
1548
1549
1550
1551
1552
1553
1554
1555
1556
1557
1578
1579
1580
1581
1582
1583
1584
1585
1586
1587
1588
1589
1590
1607
1608
1609
1610
1611
1612
1613
1614
1615
1627
1628
1629
1630
1631
1762
1763
1764
1765
1766
1767
1768
1769
1770
1771
1772
1773
1774
1775
1776
1777
1778
1779
1780
1781
1782
1783
1784
1785
1786
1787
1788
1842
1843
1844
1845
1846
1847
1848
1849
1850
1851
1852
1853
1854
1877
1878
1879
1880
1881
1882
1883
1884
1885
1897
1898
1899
1900
1901
1907
2070
2071
2072
2073
2074
2075
2076
2077
2078
2079
2080
2081
2082
2083
2084
2085
2086
2087
2088
2089
2090
2091
2092
2093
2094
2095
2096
2097
2098
2099
2100
2101
2102
2103
2104
2105
2106
2152
2153
2154
2155
2156
2157
2158
2159
2160
2161
2162
2163
2164
2165
2166
2167
2168
2169
2170
2171
2172
2173
2174
2175
2176
2177
2178
2179
2180
2181
2182
2183
2184
2225
2226
2227
2228
2229
2230
2231
2232
2233
2234
2235
2236
2237
2238
2239
2240
2241
2242
2243
2244
2245
2246
2247
2248
2249
2250
2251
2252
2253
2254
2255
2256
2257
2258
2259
2260
2261
2262
2263
2264
2265
2267
2290
2291
2292
2293
2294
2295
2296
2297
2298
2299
2300
2301
2302
2303
2304
2305
2306
2307
2308
2309
2310
2311
2312
2313
2314
2316
2331
2332
2333
2334
2335
2336
2337
2412
2414
2415
2416
2417
2418
2419
2420
2421
2422
2423
2424
2425
2501
2502
2503
2504
2505
2506
2555
2556
2557
2558
2595
2596
2688
2689
2690
2691
2692
2693
2694
2695
2696
2697
2698
2699
2700
2701
2702
2703
2704
2705
2706
2707
2708
2709
2710
2711
2712
2713
2714
2715
2716
2764
2765
2766
2767
2768
2769
2770
2771
2772
2773
2774
2775
2776
2777
2778
2779
2780
2781
2782
2783
2784
2785
2786
2787
2788
2824
2825
2826
2827
2828
2829
2830
2831
2832
2833
2834
2835
2836
2837
2838
2839
2840
2841
2842
2843
2844
2875
2876
2877
2878
2879
2880
2881
2882
2883
2884
2885
2886
2887
2888
2889
2890
2891
2917
2918
2919
2920
2921
2922
2923
2924
2925
2926
2927
2928
2929
2930
2931
2932
2933
3424
3425
3427
3430
3433
3436
3439
3839
3842
3843
3844
3845
3846
3847
3982
3984
3985
4172
4173
4174
4175
4176
4177
4178
4605
4606
4608
4611
4614
4617
4620
4623
4626
4629
4632
4635
4962
4963
4964
4965
4966
4967
4968
4969
4970
4971
4972
4973
4974
4975
4976
4977
4978
4979
4980
4981
4982
5035
5036
5037
5038
5039
5040
5041
5042
5043
5044
5045
5046
5047
5048
5049
5050
5051
5052
5053
5086
5087
5088
5089
5090
5091
5092
5093
5094
5095
5096
5097
5098
6176
6177
6178
6179
6180
6181
6191
6193
6194
6195
6196
6197
6198
6199
6220
6221
6222
6229
6230
6231
6232
6233
6234
6250
6251
6252
6253
6254
6255
6256
6257
6258
6259
6260
6271
6272
6273
6274
6275
6276
6277
6284
6285
6286
6289
6290
6291
6292
6293
6294
6295
6306
6307
6308
6309
6310
39760
39761
39762
39763
39770
39771
39772
39773
39780
39781
39782
39790
39791
39792
39793
39794
39795
39796
39797
39798
39799
39800
39811
39812
39813
39814
39815
39816
39817
39818
39819
39832
39833
39834
39835
39836
39837
39838
39893
39894
39897
39898
39900
39904
39906
39907
39913
39914
39919
39920
39926
39928
39929
39931
39944
39947
39948
39949
39950
39951
39952
39954
39955
39956
39958
39959
39960
39961
39962
39965
39966
39967
39969
39971
39972
39973
39975
39976
39978
39979
39994
39996
39997
40005
40006
40008
40010
40013
40015
40017
40022
40023
40024
40025
40026
40027
40028
40029
40032
40033
40034
40035
40036
40039
40040
40041
40062
40063
40070
40071
40072
40073
40078
40079
40080
40081
40082
40083
40085
40086
40087
40088
40089
40090
40091
40093
40094
40095
40096
40098
40099
40100
40104
40110
40111
40112
40113
40114
40119
40120
40121
40122
40123
40127
40128
40129
40130
40131
40133
40134
40135
40136
40137
40138
40139
40140
40141
40146
40147
40148
40150
40151
40153
40154
40156
40157
40158
40160
40162
40163
40167
40168
40171
40172
40173
40174
40175
40176
40177
40178
40179
40180
40185
40190
40193
40194
40196
40197
40201
40202
40203
40204
40205
40206
40207
40208
40209
40213
40217
40219
40220
40221
40222
40223
40224
40225
40226
40227
40228
40229
40233
40234
40237
40238
40239
40240
40242
40243
40245
40246
40248
40250
40252
40254
40255
40256
40257
40260
40263
40265
40266
40267
40269
40271
40272
40273
40279
40282
40292
40294
40295
40300
40301
40305
40306
40309
40312
40315
40319
40321
40322
40325
40328
40330
40346
40347
40348
40349
40350
40361
40362
40363
40364
40365
40366
40367
40393
40400
40408
40409
40410
40412
40413
40414
40415
40417
40418
40420
40421
40431
40432
40433
40439
40440
40441
40442
40443
40444
40445
40446
40447
40448
40449
40450
40451
40452
40460
40465
40466
40467
40491
40494
40495
40496
40497
40498
40505
40507
40508
40509
40510
40511
40521
40523
40525
40542
40547
40553
40559
40560
40561
40562
40563
40566
40567
40568
40572
40573
40574
40583
40584
40585
40586
40587
40588
40589
40591
40595
40599
40600
40603
40604
40607
40608
40610
40614
40615
40617
40618
40620
40750
40756
40760
40763
40776
40796
40797
40803
40812
40814
40819
40821
40823
40825
40856
40864
40876
40885
40886
40919
40920
40925
40927
40929
40932
40933
40950
40952
40954
40971
40973
40975
40976
40981
40983
40999
41005
41026
41027
41028
41029
41030
41033
41039
41040
41045
41049
41050
41062
41074
41102
41103
41107
41108
41109
41110
41150
41176
41187
41191
41193
41205
41207
41215
41228
41249
41250
41251
41261
41272
41308
41309
41353
41354
41356
41357
41663
41664
41665
41666
41667
41668
41669
41670
41671
41672
41673
41674
41675
41676
41701
41702
41703
41704
41705
41706
41707
41708
41799
41801
41802
41803
41804
41805
41806
41807
41822
41823
41824
41825
41826
41827
41828
41829
41830
41852
41853
41854
41855
41856
41857
41868
41869
41870
41871
41872
41873
41874
41875
41882
41883
41927
41929
41930
41931
41932
41933
41934
41935
41936
41937
41938
41939
41940
41941
41942
41943
41944
41945
41946
41947
41948
41949
41950
41951
41952
41953
42018
42019
42020
42021
42022
42023
42024
42025
42026
42027
42028
42029
42030
42031
42032
42033
42034
42035
42036
42037
42038
42039
42040
42041
42042
42043
42044
42045
42085
42088
42089
42090
42091
42092
42093
42094
42095
42096
42097
42098
42099
42100
42101
42102
42103
42104
42105
42106
42107
42108
42109
42110
42111
42112
42113
42114
42115
42116
42117
42118
42119
42120
42121
42122
42123
42160
42161
42162
42163
42187
42188
42189
42190
42191
42192
42193
42194
42195
42196
42197
42198
42199
42200
42201
42202
42203
42204
42205
42206
42207
42208
42209
42210
42211
42212
42213
42214
42254
42255
42256
42257
42258
42259
42260
42261
42262
42263
42264
42265
42266
42267
42268
42269
42270
42271
42272
42273
42274
42275
42276
42277
42278
42279
42280
42281
42282
42283
42284
42285
42323
42324
42325
42326
42327
42328
42329
42330
42331
42332
42333
42334
42335
42336
42337
42338
42339
42340
42341
42342
42343
42344
42345
42346
42347
42348
42349
42350
42351
42352
42353
42354
42389
42390
42391
42392
42393
42394
42395
42396
42397
42398
42399
42400
42401
42402
42403
42404
42405
42406
42407
42408
42409
42410
42411
42412
42413
42449
42451
42452
42453
42454
42455
42456
42457
42458
42459
42460
42461
42479
42481
42482
42483
51546
51547
51548
51549
51550
51551
51552
51553
51554
51555
51563
51564
51565
51566
51567
51568
51577
51578
51579
51580
51581
51582
51583
51594
51595
51596
51597
51598
51599
51600
51601
51610
51611
51612
51613
51614
51615
51616
51617
51624
51625
51626
51627
51628
51632
51634
51637
51641
51642
51643
51645
51647
51648
51649
51652
51654
51656
51657
51658
51659
51660
51663
51664
51666
51667
51669
51671
51673
51674
51675
51678
51681
51682
51683
51684
51686
51688
51690
51692
51694
51701
51702
51703
51704
51705
51709
51710
51711
51712
51713
51732
51733
51734
51735
51736
51737
51738
51739
51740
51741
51742
51743
51744
51745
51746
51747
51748
51749
51750
51751
51752
51753
51754
51755
51756
51764
51765
51766
51767
51768
51769
51770
51771
51772
51773
51774
51775
51776
51777
51786
51787
51788
51789
51790
51791
51792
51793
51794
51795
51796
51806
51807
51808
51809
51810
51811
51812
51813
51814
51827
51846
51847
51848
51849
51850
51851
51852
51853
51854
51855
51856
51857
51858
51859
51860
51861
51862
51863
51864
51865
51866
51867
51868
51869
51870
52138
52139
52140
52141
52142
52143
52144
52145
52171
52172
52173
52174
52175
52176
52177
52178
52179
52180
52181
52182
52183
52184
52185
52186
52187
52188
52189
52190
52191
52192
52193
52215
52218
52219
52220
52221
52222
52223
52224
52225
52226
52227
52228
52229
52230
52231
52232
52233
52234
52235
52236
52237
52238
52239
52282
52284
52285
52286
52287
52288
52289
52290
52291
52292
52293
52294
52295
52296
52297
52298
52299
52300
52301
52302
52303
52333
52335
52346
52350
52351
52352
52353
52354
52355
52364
52365
52366
52367
52368
52379
52380
55955
55960
55961
55962
55963
55964
55965
55966
55967
55968
55969
55970
55971
55972
55973
55974
55976
55979
55982
55983
55985
55986
55987
55989
55992
55993
55994
55995
56000
56001
56002
56003
56004
56005
56007
56008
56009
56010
56011
56013
56014
56022
56023
56024
56025
56026
56031
56032
56033
56046
56048
56050
56051
56054
56055
56057
56065
56066
56067
56074
56075
56076
56077
56078
56079
56080
56081
56082
56083
56085
56086
56087
56088
56089
56096
56097
56098
56099
56100
56101
56102
56103
56104
56105
56106
56107
56108
56109
56110
56111
56112
56113
56114
56115
56116
56118
56119
56120
56121
56130
56131
56134
56142
56143
56144
56147
56151
56153
56158
56160
56161
56162
56163
56164
56165
56166
56167
56168
56169
56170
56171
56172
56178
56179
56180
56181
56182
56183
56184
56185
56186
56190
56194
56195
56196
56198
56199
56200
56201
56226
56227
56228
56229
56230
56235
56236
56237
56238
56243
56244
56245
56246
56247
56248
56249
56250
56251
56260
56261
56262
56263
56264
56265
56266
56267
56268
56269
56274
56275
56276
56277
56278
56279
56281
56282
56283
56284
56287
56288
56289
56290
56292
56293
56294
56295
56296
56297
56298
56300
56301
56302
56303
56305
56306
56307
56308
56309
56311
56312
56313
56314
56315
56317
56318
56319
56320
56321
56322
56323
56324
56325
56326
56334
56335
56336
56337
56338
56339
56341
56342
56344
56345
56353
56354
56356
56357
56359
56360
56365
56366
56380
56381
56382
56383
56384
56389
56390
56391
56392
56393
56398
56399
56400
56401
56402
56403
56404
56405
56406
56407
56417
56418
56419
56420
56421
56422
56423
56424
56425
56426
56427
56432
56433
56434
56435
56436
56437
56438
56439
56444
56445
56446
56447
56448
56449
56450
56451
56452
56453
56454
56456
56457
56458
56459
56461
56462
56463
56471
56472
56473
56474
56475
56476
56477
56478
56479
56480
56481
56482
56483
56484
56486
56487
56488
56490
56491
56493
56494
56495
56497
56498
56500
56501
56502
56503
56504
56505
56507
56508
56509
56511
56512
56513
56515
56516
56519
56520
56521
56522
56524
56525
56528
56529
56534
56535
56536
56537
56538
56539
56540
56541
56542
56543
56545
56547
56553
56556
56557
56559
56567
56572
56576
56578
56581
56584
56588
56591
56594
56597
56600
56603
56605
56611
56612
56613
56614
56615
56616
56617
56618
56619
56620
56621
56622
56623
56624
56625
56626
56627
56628
56629
56630
56631
56635
56639
56643
56645
56647
56648
56649
56650
56651
56652
56653
56654
56655
56656
56657
56658
56659
56663
56667
56669
56670
56671
56672
56673
56674
56675
56676
56677
56678
56679
56680
56681
56682
56683
56684
56685
56686
56687
56688
56689
56690
56694
56697
56700
56702
56707
56709
56712
56714
56715
56716
56717
56718
56719
56720
56721
56722
56723
56724
56725
56726
56727
56728
56729
56730
56731
56732
56733
56734
56735
56739
56741
56744
56746
56747
56748
56749
56750
56751
56752
56753
56760
56761
56762
56763
56764
56765
56766
56767
56769
56770
56771
56773
56775
56780
56781
56782
56783
56785
56786
56787
56788
56789
56792
56796
56799
56803
56805
56808
56810
56811
56812
56813
56814
56815
56816
56817
56818
56819
56820
56821
56822
56825
56826
56827
56831
56833
56835
56839
56842
56843
56845
56862
56863
56864
56865
56866
56867
56868
56869
56873
56874
56875
56876
56877
56878
56879
56880
56881
56882
56883
56887
56888
56889
56890
56895
56896
56897
56904
56905
56906
56907
56908
56909
56910
56911
56915
56916
56917
56924
56925
56926
56927
56928
56944
56945
56946
56947
56948
56949
56950
56951
56952
56953
56954
56955
56956
56957
56958
56964
56965
56966
56967
56979
56980
56981
56982
56983
56984
56985
56986
56987
57009
57010
57011
57012
57013
57014
57015
57016
57017
57018
57019
57020
57021
57022
57023
57024
57025
57026
57027
57028
57035
57036
57037
57038
57039
57056
57057
57061
57071
57072
57073
57076
57077
57079
57080
57081
57083
57084
57087
57088
57090
57094
57095
57096
57097
57098
57099
57100
57116
57117
57118
57119
57120
57121
57122
57123
57124
57125
57126
57127
57128
57129
57130
57131
57132
57133
57134
57135
57148
57149
57150
57151
57152
57153
57154
57155
57156
57157
57158
57159
57160
57161
57162
57163
57164
57165
57166
57167
57168
57169
57173
57174
57175
57181
57184
57188
57189
57191
57197
57198
57199
57204
57205
57206
57207
57208
57209
57227
57229
57231
57232
57233
57234
57235
57236
57242
57243
57244
57245
57246
57251
57252
57253
57254
57255
57256
57288
57289
57290
57291
57292
57295
57296
57297
57306
57307
57308
57309
57310
57311
57312
57313
57317
57318
57319
57323
57324
57336
57337
57338
57339
57340
57341
57342
57343
57344
57353
57354
57355
57356
57357
57364
57365
57366
57367
57368
57369
57377
57378
57379
57380
57381
57382
57383
57384
57385
57386
57387
57388
57389
57390
57391
57392
57393
57394
57395
57396
57397
57398
57399
57404
57405
57406
57407
57408
57409
57410
57411
57412
57413
57414
57415
57416
57417
57418
57419
57420
57421
57422
57426
57427
57428
57429
57430
57445
57446
57447
57448
57449
57450
57451
57458
57459
57460
57461
57462
57463
57464
57465
57466
57467
57468
57471
57472
57473
57483
57484
57485
57486
57487
57489
57492
57493
57494
57495
57525
57526
57527
57529
57547
57550
57555
57556
57566
57568
57569
57575
57576
57581
57582
57583
57584
57585
57587
57685
57686
57687
57688
57689
57690
57700
57703
57704
57705
57706
57707
57708
57709
57710
57711
57712
57798
57800
57803
57804
57805
57806
57807
57808
59145
59146
59147
59148
59149
59150
59151
59152
59153
59154
59155
59156
59157
59158
59159
59160
59161
59162
59163
59164
59165
59166
59167
59168
59169
59170
59171
59172
59173
59174
59175
59176
59177
59178
59179
59180
59181
59182
59183
59184
59185
59186
59187
59188
59189
59190
59191
59192
59193
59194
59195
59196
59197
59198
59199
59298
59299
59300
59301
59302
59303
59304
59305
59306
59307
59308
59309
59312
59313
59314
59316
59317
59318
59320
59325
59332
59333
59334
59335
59336
59338
59339
59340
59343
59344
59345
59346
59347
59348
59349
59350
59352
59358
59367
59370
59371
59372
59373
59375
59376
59377
59378
59379
59394
59395
59396
59399
59400
59401
59402
59403
59404
59405
59406
59408
59409
59410
59411
59412
59414
59415
59416
59417
59418
59420
59421
59429
59431
59432
59433
59434
59435
59436
59439
59440
59441
59443
59444
59445
59446
59447
59448
59453
59454
59456
59457
59458
59459
59460
59461
59462
59463
59464
59471
59472
59473
59477
59479
59484
59489
59491
59492
59493
59494
59496
59497
59498
59499
59500
59501
59502
59503
59504
59507
59509
59510
59511
59512
59513
59514
59515
59516
59517
59518
59519
59520
59521
59522
59523
59529
59531
59532
59533
59534
59535
59536
59537
59538
59540
59541
59543
59548
59549
59550
59551
59552
59553
59554
59556
59557
59559
59563
59566
59569
59571
59572
59574
59575
59576
59577
59578
59579
59580
59581
59582
59583
59585
59587
59588
59593
59594
59604
59605
59606
59607
59608
59609
59610
59613
59614
59615
59616
59617
59618
59619
59620
59621
59626
59627
59628
59629
59632
59646
59647
59648
59649
59650
59651
59652
59653
59654
59655
59656
59668
59669
59670
59671
59672
59673
59674
59675
59676
59677
59684
59685
59686
59687
59688
59693
59694
59700
59701
59702
59703
59704
59705
59709
59710
59711
59712
59713
59714
59715
59717
59719
59740
59741
59742
59743
59744
59745
59746
59747
59753
59754
59755
59756
59757
59758
59759
59760
59761
59762
59781
59782
59783
59784
59785
59786
59787
59788
59789
59790
59791
59792
59793
59794
59795
59796
59797
59798
59799
59802
59803
59804
59805
59806
59807
59808
59809
59810
59811
59812
59813
59814
59820
59821
59822
59823
59827
59970
59971
59973
59984
59985
59986
59987
59988
59989
59990
59991
59992
59993
59994
59995
59996
59997
59998
59999
60000
60001
60002
60003
60004
60005
60006
60007
60008
60009
60010
60011
60012
60013
60014
60015
60016
60017
60018
60019
60020
60021
60022
60023
60024
60025
60026
60027
60028
60029
60030
60031
60032
60033
60034
60035
60036
60037
60039
60041
60046
60047
60048
60050
60052
60053
60054
60056
60058
60059
60061
60063
60064
60065
60067
60071
60072
60073
60074
60077
60078
60079
60080
60082
60084
60086
60088
60089
60091
60094
60096
60097
60098
60099
60100
60102
60105
60106
60107
60109
60111
60114
60115
60117
60118
60121
60123
60125
60129
60130
60131
60132
60133
60137
60138
60139
60142
60143
60144
60148
60150
60151
60153
60155
60156
60158
60162
60167
60168
60169
60171
60172
60173
60176
60177
60178
60179
60180
60185
60191
60192
60193
60194
60195
60196
60200
60201
60209
60210
60215
60216
60217
60218
60219
60220
60222
60223
60224
60225
60226
60228
60229
60231
60232
60235
60240
60241
60242
60243
60244
60246
60247
60248
60249
60250
60252
60253
60257
60258
60259
60260
60262
60263
60264
60268
60271
60274
60276
60277
60280
60281
60282
60283
60284
60285
60286
60287
60288
60289
60293
60297
60299
60300
60301
60302
60303
60304
60305
60306
60307
60310
60311
60315
60316
60317
60318
60319
60321
60322
60324
60326
60328
60329
60331
60332
60333
60336
60339
60342
60344
60345
60346
60347
60348
60351
60353
60355
60356
60357
60358
60359
60361
60369
60370
60371
60372
60373
60374
60375
60379
60380
60381
60382
60383
60387
60388
60391
60392
60394
60401
60402
60403
60404
60405
60406
60414
60415
60416
60417
60418
60422
60424
60429
60430
60431
60432
60433
60437
60438
60439
60440
60441
60442
60443
60448
60449
60450
60458
60459
60460
60461
60462
60463
60464
60465
60466
60467
60468
60469
60486
60487
60488
60489
60490
60497
60498
60499
60500
60501
60502
60503
60504
60505
60506
60507
60508
60509
60510
60514
60515
60516
60517
60523
60524
60525
60527
61177
61178
61179
61180
61181
61182
61183
61184
61185
61186
61187
61188
61189
61190
61191
61192
61193
61194
61195
61196
61197
61198
61199
61200
61201
61202
61203
61204
61205
61206
61207
61208
61209
61210
61211
61212
61213
61214
61215
61216
61217
61218
61219
61227
61228
61229
61230
61231
61232
61233
61234
61235
61236
61237
61238
61239
61248
61249
61250
61251
61252
61253
61254
61255
61256
61257
61258
61268
61269
61270
61271
61272
61273
61274
61275
61276
61287
61289
61290
61291
61292
61293
61304
61306
61307
62836
62837
62849
62850
62851
62852
62853
62854
62855
62856
62868
62869
62870
62871
62872
62873
62874
62875
62876
62877
62878
62891
62892
62893
62894
65045
65051
65052
65053
65054
65055
65061
65063
65064
65070
65072
65074
65078
65079
65080
65081
65082
65083
65086
65087
65088
65102
65103
65104
65105
65106
65107
65109
65110
65112
65113
65114
65115
65116
65127
65131
65132
65133
65140
65146
65153
65157
65162
65163
65166
65167
65168
65170
65171
65173
65175
65176
65204
65205
65206
65207
65208
65217
65225
65226
65227
65228
65229
65230
65231
65232
65234
65235
65236
65237
65238
65239
65240
65242
65243
65244
65245
65246
65248
65249
65250
65252
65253
65254
65257
65258
65259
65260
65263
65264
65265
65266
65267
65268
65270
65273
65276
65278
65279
65280
65283
65284
65285
65286
65287
65288
65289
65290
65291
65293
65294
65295
65297
65298
65299
65300
65302
65303
65305
65306
65307
65308
65309
65311
65312
65314
65350
65351
65353
65354
65359
65360
65362
65363
65369
65371
65373
65378
65379
65382
65384
65385
65387
65404
65406
65407
65409
65414
65418
65421
65423
65424
65428
65431
65432
65433
65434
65435
65436
65437
65438
65439
65440
65441
65442
65443
65447
65456
65457
65458
65459
65460
65461
65463
65464
65465
65466
65467
65468
65469
65470
65475
65476
65477
65478
65479
65481
65482
65483
65484
65485
65486
65488
65489
65490
65491
65492
65499
65500
65501
65502
65503
65504
65505
65506
65510
65511
65512
65513
65514
65515
65584
65585
65590
65591
65592
65593
65602
65603
65604
65605
65606
65607
65608
65609
65618
65619
65620
65621
65626
65627
65628
65629
65630
65631
65632
65633
65634
65635
65636
65637
65638
65640
65641
65643
65644
65645
65647
65648
65649
65650
65651
65652
65653
65654
65655
65656
65657
65658
65660
65661
65662
65663
65664
65666
65667
65668
65669
65670
65672
65673
65674
65675
65676
65677
65678
65679
65680
65681
65683
65684
65685
65686
65701
65702
65703
65704
65705
65714
65715
65716
65717
65718
65719
65720
65721
65722
65723
65731
65732
65733
65734
65735
65740
65741
65742
65743
65744
65745
65746
65747
65748
65749
65751
65752
65753
65758
65762
65763
65764
65765
65766
65767
65768
65769
65770
65772
65773
65774
65775
65776
65778
65779
65780
65781
65782
65783
65788
65789
65790
65791
65792
65794
65795
65796
65798
65799
65801
65802
65803
65804
65805
65806
65807
65808
65809
65810
65811
65812
65813
65819
65820
65821
65823
65824
65826
65827
65828
65830
65831
65832
65833
65834
65835
65838
65842
65845
65846
65849
65851
65852
65853
65854
65857
65858
65859
65860
65861
65867
65868
65869
65872
65873
65874
65875
65880
65885
65887
65888
65889
65890
65891
65892
65893
65894
65895
65896
65897
65898
65899
65900
65901
65902
65903
65904
65905
65906
65907
65912
65917
65920
65921
65932
65933
65934
65935
65936
65937
65938
65939
65940
65941
65942
65943
65944
65945
65946
65947
65948
65949
65950
65951
65952
65953
65961
65962
65963
65964
65968
65972
65975
65976
65978
65979
65980
65981
65982
65983
65984
65985
65986
65987
65988
65992
65996
65998
65999
66000
66001
66002
66003
66004
66005
66006
66007
66008
66009
66010
66011
66012
66013
66014
66015
66016
66017
66022
66023
66026
66027
66032
66033
66034
66035
66038
66039
66040
66041
66042
66043
66044
66045
66046
66049
66050
66051
66052
66054
66055
66056
66057
66060
66063
66065
66066
66074
66075
66076
66077
66078
66079
66080
66081
66082
66084
66085
66086
66087
66089
66091
66093
66095
66097
66101
66104
66108
66110
66111
66112
66113
66114
66115
66119
66120
66121
66122
66123
66128
66131
66133
66135
66136
66137
66138
66139
66140
66141
66142
66143
66144
66147
66148
66149
66150
66151
66152
66153
66162
66168
66169
66175
66177
66178
66208
66210
66212
66214
66220
66222
66223
66227
66228
66235
66238
66240
66241
66242
66245
66248
66251
66255
66258
66260
66261
66262
66263
66265
66266
66267
66271
66272
66276
66279
66282
66283
66284
66285
66286
66290
66291
66292
66293
66294
66295
66296
66297
66298
66299
66303
66305
66309
66310
66311
66313
66314
66315
66322
66323
66324
66325
66326
66342
66353
66354
66355
66356
66357
66358
66387
66393
66394
66395
66396
66397
66398
66399
66400
66401
66402
66427
66440
66441
66442
66443
66444
66445
66466
66467
66480
66481
66482
66483
66484
66485
66504
66505
66506
66507
66508
66509
66528
66529
66530
66537
66538
66539
66546
66547
66548
66549
66551
66552
66553
66554
66555
66559
66560
66561
66562
66564
66565
66566
66568
66569
66570
66571
66573
66574
66575
66576
66577
66580
66581
66582
66584
66585
66586
66591
66592
66593
66594
66595
66596
66597
66598
66599
66600
66601
66602
66622
66623
66624
66625
66642
66643
66644
66645
66646
66647
66648
66649
66650
66651
66652
66653
66654
66655
66656
66657
66658
66659
66660
66661
66665
66672
66673
66674
66675
66676
66677
66678
66679
66680
66681
66682
66686
66687
66688
66695
66703
66704
66705
66709
66710
66711
66712
66713
66714
66715
66719
66720
66722
66726
66728
66729
66730
66732
66775
66776
66777
66778
66779
66783
66806
66807
66808
66809
66810
66811
66812
66813
66814
66815
66828
66829
66831
66833
66834
66836
66838
66839
66842
66849
66850
66851
66852
66857
66858
66859
66860
66861
66862
66863
66864
66865
66867
66868
66870
66911
66912
66913
66914
66915
66916
66917
66918
66919
66920
66972
66974
66982
66985
66993
66994
66995
66999
67000
67001
67002
67003
67004
67005
67006
67007
67008
67009
67010
67014
67015
67018
67019
67033
67034
67035
67038
67039
67040
67041
67042
67043
67044
67046
67049
67054
67055
67066
67067
67068
67070
67073
67074
67075
67076
67077
67078
67079
67082
67083
67087
67088
67089
67091
67094
67098
67099
67100
67102
67104
67105
67106
67107
67108
67109
67110
67111
67112
67113
67116
67117
67118
67119
67120
67121
67122
67124
67128
67134
67138
67139
67141
67142
67144
67147
67148
67149
67150
67151
67152
67153
67154
67158
67159
67160
67161
67162
67163
67164
67165
67166
67167
67168
67169
67170
67171
67176
67180
67181
67182
67183
67184
67185
67973
67974
67975
67978
67979
67981
67982
67985
67986
67987
67988
67989
67991
67992
67994
67995
68007
68009
68011
68012
68023
68028
68029
68030
68031
68032
68033
68034
68036
68037
68038
68039
68040
68042
68043
68044
68045
68050
68051
68052
68053
68054
68055
68056
68057
68058
68059
68060
68061
68062
68063
68064
68065
68066
68068
68077
68078
68083
68086
68094
68101
68104
68106
68108
68109
68110
68111
68112
68113
68114
68115
68116
68121
68122
68123
68124
68125
68126
68127
68128
68132
68133
68134
68135
68136
68137
68163
68165
68167
68168
68169
68170
68171
68172
68177
68178
68179
68180
68185
68186
68187
68188
68189
68190
68191
68192
68194
68195
68196
68197
68198
68199
68202
68203
68205
68206
68207
68208
68209
68210
68211
68212
68213
68215
68216
68217
68218
68220
68221
68222
68223
68224
68226
68227
68228
68229
68231
68232
68233
68234
68248
68249
68250
68251
68252
68257
68258
68259
68260
68261
68266
68267
68268
68269
68270
68271
68272
68273
68274
68275
68278
68282
68283
68284
68285
68286
68288
68289
68290
68291
68292
68294
68295
68296
68297
68298
68299
68301
68302
68303
68311
68312
68313
68314
68315
68316
68317
68318
68319
68320
68322
68323
68325
68326
68327
68329
68330
68331
68332
68333
68334
68340
68346
68347
68349
68351
68352
68353
68354
68358
68362
68365
68367
68372
68377
68379
68380
68381
68382
68383
68384
68389
68390
68391
68392
68393
68394
68398
68399
68400
68401
68402
68403
68404
68405
68406
68407
68408
68409
68410
68411
68412
68413
68414
68415
68419
68424
68426
68427
68429
68430
68431
68432
68433
68434
68435
68436
68437
68438
68439
68443
68448
68449
68450
68451
68452
68453
68454
68455
68456
68457
68458
68459
68460
68461
68462
68463
68464
68465
68466
68467
68468
68477
68478
68479
68480
68485
68486
68487
68488
68493
68494
68495
68496
68497
68498
68499
68500
68501
68502
68503
68504
68505
68507
68508
68511
68512
68513
68514
68515
68518
68519
68521
68523
68524
68533
68534
68535
68536
68541
68542
68543
68544
68549
68550
68551
68552
68553
68554
68555
68556
68557
68558
68559
68561
68562
68563
68565
68566
68568
68569
68570
68571
68572
68573
68575
68576
68577
68580
68583
68585
68587
68588
68591
68594
68598
68601
68605
68608
68612
68614
68615
68616
68617
68618
68619
68620
68621
68622
68623
68627
68630
68633
68635
68637
68638
68639
68640
68641
68642
68643
68644
68645
68649
68651
68654
68656
68657
68658
68659
68660
68661
68662
68663
68664
68665
68666
68667
68668
68669
68670
68671
68672
68679
68681
68683
68684
68703
68705
68707
68708
68709
68710
68711
68712
68713
68714
68715
68719
68720
68721
68722
68723
68724
68725
68726
68727
68728
68729
68733
68734
68735
68736
68737
68738
68739
68740
68741
68742
68751
68752
68753
68757
68758
68759
68763
68764
68765
68766
68767
68768
68771
68778
68779
68780
68781
68782
68783
68798
68799
68800
68801
68802
68803
68804
68805
68806
68807
68808
68815
68816
68817
68818
68819
68820
68833
68834
68835
68836
68837
68838
68839
68840
68841
68842
68857
68858
68860
68861
68862
68864
68865
68866
68875
68876
68877
68878
68889
68890
68891
68892
68893
68894
68895
68896
68897
68898
68899
68900
68901
68902
68903
68904
68911
68912
68913
68914
68915
68916
68917
68918
68919
68920
68921
68922
68923
68924
68925
68926
68927
68928
68929
68930
68932
68936
68938
68940
68941
68944
68948
68949
68950
68951
68958
68959
68960
68961
68962
68963
68966
68969
68970
68971
68998
68999
69000
69001
69007
69008
69009
69010
69011
69016
69017
69018
69019
69020
69021
69022
69023
69032
69033
69034
69035
69036
69037
69038
69039
69040
69041
69042
69043
69044
69045
69046
69047
69048
69049
69050
69051
69086
69087
69088
69089
69090
69091
69092
69093
69104
69105
69110
69111
69112
69113
69114
69115
69116
69117
69118
69119
69120
69124
69125
69126
69127
69128
69129
69130
69131
69132
69133
69134
69135
69136
69137
69138
69139
69140
69141
69142
69143
69144
69149
69150
69151
69152
69153
69154
69155
69156
69157
69158
69159
69160
69161
69162
69163
69164
69168
69169
69170
69171
69172
69173
69174
69175
69176
69177
69178
69179
69180
69181
69197
69198
69199
69200
69204
69205
69206
69209
69210
69211
69212
69213
69214
69694
69695
69696
69697
69698
69699
69700
69701
69702
69703
69704
69705
69706
69707
69708
69709
69710
69711
69748
69749
69750
69751
69752
69753
69754
69755
69756
69781
69782
69783
69784
69785
69786
69810
69811
69812
69813
69814
69815
69816
69817
69818
69819
69845
69846
69847
69848
69849
69850
69851
69852
69853
69854
69855
69856
69857
69858
69859
69885
69886
69887
69888
69889
69890
69891
69892
69893
69894
69895
69896
69897
69898
69899
69900
69901
69902
69903
69924
69925
69926
69927
69928
69929
69930
69931
69932
69933
69934
69935
69936
69937
69938
69939
69940
69941
69942
69956
69957
69958
69959
69960
69961
69962
69963
69964
69965
69966
69967
69975
69976
69977
69978
70272
70273
70274
70275
70276
70277
70295
70296
70297
70298
70299
70300
70319
70320
70321
70322
70323
70324
70342
70343
70344
70345
70346
70347
70348
70361
70362
70363
70364
70365
70988
70990
70994
70996
70997
70999
71000
71002
71004
71010
71012
71015
71018
71019
71028
71029
71030
71031
71032
71034
71035
71037
71039
71049
71051
71052
71056
71057
71058
71060
71061
71069
71074
71082
71086
71087
71088
71090
71092
71095
71096
71099
71100
71101
71104
71105
71106
71107
71113
71120
71121
71122
71123
71124
71125
71126
71129
71130
71133
71135
71140
71141
71147
71148
71149
71150
71151
71152
71154
71155
71158
71159
71163
71170
71177
71179
71181
71182
71185
71189
71191
71194
71196
71197
71198
71199
71200
71201
71202
71203
71212
71218
71219
71221
71225
71231
71232
71233
71246
71254
71255
71256
71257
71258
71265
71266
71267
71272
71273
71274
71276
71278
71280
71282
71287
71288
71289
71292
71315
71316
71317
71319
71323
71324
71337
71340
71341
71342
71343
71344
71348
71349
71350
71351
71353
71358
71359
71361
71364
71365
71449
71451
71452
71453
71454
71455
71456
71457
71458
71459
71460
71463
71465
71469
71480
71481
71482
71483
71484
71485
71486
71487
71488
71489
71490
71491
71492
71493
71494
71495
71496
71497
71498
71509
71510
71511
71512
71513
71514
71515
71516
71517
71518
71519
71520
71521
71522
71523
71524
71525
71526
71527
71528
71529
71541
71542
71543
71544
71545
71546
71547
71548
71549
71550
71551
71552
71553
71554
71555
71565
71566
71567
71568
71569
71570
71571
71572
71573
71574
71575
71576
71577
71593
71594
71595
71596
71597
71598
71599
71600
71601
71602
71603
72027
72028
72029
72030
72033
72035
72036
72038
72039
72041
72042
72043
72046
72047
72048
72050
72051
72054
72057
72059
72061
72062
72063
72064
72065
72066
72067
72070
72071
72074
72076
72077
72079
72080
72081
72082
72086
72087
72089
72092
72093
72095
72098
72099
72102
72104
72105
72107
72110
72113
72114
72115
72116
72117
72121
72122
72123
72124
72125
72132
72133
72147
72148
72171
72172
72178
72180
72185
72188
72191
72195
72197
72209
72220
72221
72222
72224
72226
72227
72229
72230
72233
72234
72236
72237
72247
72250
72253
72259
72263
72264
72265
72267
72277
72290
72291
72300
72301
72302
72303
72304
72305
72328
72330
72331
72332
72334
72335
72337
72338
72339
72344
72346
72347
72357
72358
72359
72361
72362
72371
72372
72383
72385
72386
72387
72394
72396
72397
72398
72399
72400
72411
72434
72435
72436
72443
72444
72445
72447
72448
72449
72451
72452
72457
72458
72459
72460
72461
72463
72464
72468
72469
72470
72480
72481
72518
72521
72524
72525
72530
72531
72533
72534
72563
72565
72566
72568
72569
72570
72571
72572
72581
72584
72588
72590
72594
72595
72596
72597
72598
72599
72600
72601
72602
72603
72604
72605
72606
72607
72608
72609
72625
72628
72629
72631
72632
72637
72638
72640
72641
72642
72643
72644
72645
72649
72651
72659
72667
72669
72670
72671
72672
72675
72680
72682
72683
72685
72686
72687
72688
72689
72690
72691
72692
72716
72739
72743
72747
72748
72749
72750
72753
72755
72756
72757
72758
72759
72760
72762
72763
72764
72765
72766
72767
72771
72773
72777
72778
72779
72812
72813
72820
72821
72822
72823
72824
72825
72838
72839
72841
72842
72843
72848
72849
72889
72890
72906
72907
72908
72909
72910
72920
72921
72922
72923
72924
72935
72937
72950
72951
72971
72972
72973
72990
72991
72992
72993
72994
72995
73000
73001
73002
73003
73004
73005
73006
73007
73014
73024
73025
73026
73030
73031
73032
73033
73089
73097
73100
73101
73103
73104
73105
73106
73107
73108
73136
73138
73140
73141
73142
73143
73144
73148
73181
73183
73184
73185
73186
73187
73195
73196
73197
73198
73199
73200
73201
73202
73203
73204
73221
73223
73224
73225
73226
73227
73228
73229
73230
73234
73257
73258
73302
73308
73387
73446
73447
73448
73497
73498
73499
73500
73501
73502
73503
73504
73505
73506
73507
73508
73509
73510
73511
73512
73513
73514
73515
73527
73528
73529
73530
73531
73532
73533
73534
73535
73536
73537
73538
73539
73540
73541
73542
73543
73544
73545
73564
73565
73566
73567
73568
73569
73570
73571
73572
73573
73574
73575
73576
73577
73578
73579
73580
73581
73582
73597
73598
73599
73600
73601
73602
73603
73604
73605
73606
73607
73608
73609
73610
73611
73612
73613
73614
73615
73626
73627
73628
73629
73630
73631
73632
73633
73634
73635
73636
73637
73638
73639
73640
73641
73642
73643
73644
73760
73761
73762
73763
73764
73765
73766
73767
73768
73769
73770
73771
73772
73773
73779
73780
73781
73782
73783
73784
73785
73786
73787
73788
73789
73790
73791
73792
73793
73794
73795
73796
73797
73798
73799
73800
73801
73802
73803
73804
73805
73806
73807
73808
73809
73810
73811
73812
73813
73814
73815
73816
73817
73818
73819
73820
73821
73822
73823
73824
73825
73826
73827
73828
73829
73830
73831
73832
73833
73834
73835
73997
74021
74051
74073
74074
74075
74076
74077
74078
74079
74080
74105
74106
74107
74108
74109
74110
74111
74112
74113
74114
74115
74116
74117
74118
74141
74142
74143
74144
74145
74146
74147
74148
74149
74150
74151
74152
74153
74154
74172
74173
74174
74175
74176
74177
74178
74179
74180
74181
74182
74183
74184
74185
74200
74201
74202
74203
74204
74205
74206
74207
74208
74209
74210
74211
74212
74222
74223
74224
74225
74226
74227
74228
74229
74230
74231
74233
74236
74237
74238
74239
74240
74241
74244
74245
74255
74256
74258
74262
74263
74264
74266
74268
74270
74272
74274
74275
74276
74277
74278
74281
74284
74285
74293
74295
74296
74297
74298
74299
74300
74301
74302
74306
74308
74309
74310
74311
74312
74315
74317
74327
74329
74330
74331
74333
74334
74335
74341
74343
74345
74347
74348
74351
74352
74353
74354
74355
74356
74361
74362
74363
74364
74365
74366
74371
74372
74373
74374
74379
74381
74382
74383
74384
74386
74390
74391
74393
74394
74395
74396
74398
74399
74400
74401
74402
74404
74405
74406
74408
74409
74410
74411
74412
74413
74414
74415
74416
74420
74421
74422
74423
74425
74427
74428
74429
74430
74431
74432
74438
74439
74440
74441
74442
74443
74449
74450
74451
74452
74453
74461
74462
74463
74464
74465
74466
74467
74468
74473
74474
74475
74479
74480
74481
74485
74486
74488
74489
74490
74491
74492
74493
74499
74500
74501
74502
74505
74506
74507
74508
74509
74510
74511
74513
74514
74516
74517
74519
74520
74522
74523
74525
74526
74533
74534
74537
74539
74540
74542
74543
74545
74549
74552
74556
74557
74558
74560
74562
74564
74565
74566
74567
74568
74569
74570
74576
74577
74578
74579
74580
74581
74586
74588
74589
74593
74594
74595
74596
74597
74600
74602
74604
74605
74606
74607
74608
74609
74610
74611
74612
74613
74614
74615
74616
74617
74618
74619
74620
74630
74631
74632
74633
74634
74635
74636
74637
74638
74639
74640
74641
74642
74643
74644
74645
74649
74654
74656
74657
74659
74660
74661
74662
74663
74664
74665
74678
74679
74680
74681
74682
74683
74684
74691
74692
74693
74694
74695
74696
74701
74702
74705
74706
74707
74708
74713
74714
74715
74716
74717
74718
74719
74720
74721
74722
74723
74725
74727
74729
74730
74731
74732
74734
74735
74736
74738
74739
74740
74741
74742
74743
74745
74746
74748
74750
74754
74755
74756
74757
74758
74764
74765
74766
74767
74768
74773
74775
74776
74777
74778
74783
74784
74785
74787
74788
74790
74791
74792
74793
74794
74795
74797
74798
74799
74801
74804
74805
74806
74807
74808
74809
74810
74811
74812
74814
74823
74824
74825
74826
74827
74833
74834
74836
74838
74843
74847
74851
74853
74856
74858
74859
74860
74861
74862
74863
74864
74865
74866
74867
74868
74869
74870
74871
74872
74873
74874
74875
74876
74877
74881
74884
74895
74896
74897
74898
74899
74900
74901
74902
74903
74904
74905
74906
74907
74908
74909
74910
74911
74912
74913
74916
74919
74923
74926
74927
74928
74929
74930
74931
74932
74936
74939
74940
74941
74942
74943
74944
74945
74946
74954
74955
74956
74971
74973
74974
74976
74977
74979
74983
74985
74987
74989
75001
75003
75004
75005
75006
75010
75011
75012
75013
75017
75018
75019
75027
75028
75029
75035
75036
75037
75038
75039
75043
75046
75047
75051
75052
75065
75066
75071
75072
75073
75074
75075
75084
75085
75106
75107
75111
75112
75113
75114
75115
75116
75117
75127
75136
75138
75140
75146
75147
75148
75149
75150
75151
75152
75153
75154
75155
75156
75157
75158
75159
75160
75161
75178
75179
75180
75181
75182
75197
75201
75202
75203
75204
75205
75206
75210
75211
75212
75219
75221
75223
75225
75226
75227
75230
75231
75236
75237
75238
75239
75246
75247
75248
75249
75250
75251
75252
75279
75280
75307
75308
75312
75313
75314
75315
75316
75317
75318
75319
75325
75326
75327
75328
75329
75330
75335
75336
75337
75338
75343
75344
75345
75350
75351
75352
75353
75354
75355
75356
75357
75358
75359
75360
75361
75362
75363
75364
75366
75367
75368
75369
75370
75371
75372
75373
75374
75375
75376
75381
75382
75386
75387
75435
75436
75438
75439
75440
75441
75442
75447
75448
75449
75450
75451
75452
75458
75459
75460
75471
75472
75473
75474
75475
75483
75484
75485
75486
75487
75488
75489
75490
75495
75496
75497
75501
75502
75505
75513
75514
75516
75520
75523
75524
75526
75530
75531
75533
75534
75537
75540
75541
75542
75544
75545
75546
75547
75550
75551
75554
75556
75562
75564
75565
75566
75567
75571
75577
75578
75579
75580
75581
75582
75583
75584
75585
75586
75593
75594
75595
75597
75598
75599
75600
75601
75603
75604
75605
75606
75608
75609
75615
75616
75617
75618
75619
75620
75621
75623
75626
75627
75633
75634
75635
75636
75637
75638
75639
75640
75641
75642
75643
75650
75651
75652
75653
75655
75656
75657
75660
75661
75662
75667
75669
75670
75671
75672
75673
75674
75675
75676
75678
75680
75681
75682
75684
75685
75686
75687
75691
75692
75693
75696
75697
75704
75707
75709
75710
75711
75712
75713
75714
75721
75725
75727
75730
75733
75735
75736
75737
75738
75739
75740
75741
75742
75743
75744
75745
75746
75747
75748
75749
75750
75751
75752
75753
75754
75755
75756
75757
75758
75759
75760
75761
75762
75766
75769
75777
75778
75779
75781
75782
75783
75784
75789
75794
75795
75796
75797
75798
75799
75800
75801
75802
75803
75805
75806
75808
75809
75811
75812
75813
75814
75821
75822
75823
75824
75825
75827
75828
75829
75831
75832
75833
75834
75835
75840
75842
75847
75848
75849
75850
75851
75852
75853
75854
75855
75856
75857
75858
75859
75860
75861
75862
75866
75869
75873
75876
75877
75878
75879
75887
75888
75889
75890
75891
75892
75903
75904
75908
75920
75921
75922
75923
75924
75925
75926
75927
75933
75934
75936
75937
75938
75943
75947
75948
75949
75950
75973
75974
75981
75989
75990
75991
75992
75993
75994
76010
76011
76012
76013
76014
76024
76025
76028
76029
76030
76031
76032
76033
76034
76035
76042
76043
76053
76054
76055
76056
76057
76058
76062
76063
76064
76070
76072
76074
76075
76076
76080
76081
76082
76110
76128
76129
76130
76131
76132
76133
76134
76140
76141
76142
76143
76144
76145
76146
76147
76148
76153
76154
76155
76156
76157
76158
76159
76160
76161
76162
76199
76200
76201
76202
76203
76204
76205
76206
76207
76208
76209
76210
76211
76212
76220
76221
76224
76225
76226
76227
76228
76229
76236
76237
76240
76241
76243
76284
76285
76300
76361
76363
76456
76466
76520
76521
76522
76641
76642
76644
76645
76646
76692
76694
76751
76752
76753
76754
76755
76756
76757
76758
76759
76760
76768
76769
76770
76771
76772
76773
76774
76775
76776
76777
76778
76779
76780
76781
76782
76783
76784
76785
76786
76787
76788
76799
76800
76801
76802
76803
76804
76805
76806
76807
76808
76809
76810
76811
76812
76813
76814
76815
76816
76817
76833
76834
76835
76836
76837
76838
76839
76840
76841
76842
76843
76844
76845
76846
76847
76848
76849
76868
76869
76870
76871
76872
76873
76874
76875
76876
76877
76878
76879
76880
76881
76882
76904
76905
76906
76907
76908
76909
76910
76911
76912
76913
76914
76915
76916
76960
76961
76962
76963
76964
76965
76966
76967
76968
76980
76981
76982
76983
76984
76985
76986
76997
76998
76999
77000
77001
77010
77011
77012
77018
77022
77023
77025
77027
77029
77030
77034
77035
77036
77039
77040
77041
77042
77044
77046
77049
77051
77052
77053
77054
77055
77057
77059
77062
77063
77065
77067
77069
77070
77073
77077
77078
77079
77081
77083
77100
77101
77102
77105
77106
77107
77108
77109
77110
77111
77112
77117
77118
77119
77120
77121
77122
77123
77130
77131
77132
77145
77146
77148
77149
77150
77152
77154
77157
77158
77163
77164
77165
77166
77167
77169
77170
77171
77172
77175
77176
77178
77179
77180
77181
77184
77185
77192
77195
77196
77197
77198
77201
77202
77207
77208
77209
77210
77211
77212
77217
77218
77219
77220
77222
77223
77224
77225
77226
77228
77229
77230
77231
77232
77233
77234
77235
77236
77238
77239
77240
77244
77245
77247
77253
77254
77255
77256
77257
77258
77264
77265
77266
77267
77268
77273
77274
77275
77276
77281
77282
77283
77284
77285
77286
77287
77288
77291
77292
77293
77298
77299
77300
77301
77302
77303
77305
77307
77308
77309
77311
77312
77313
77315
77316
77322
77324
77325
77327
77329
77330
77332
77334
77337
77340
77343
77345
77347
77348
77349
77352
77355
77357
77358
77359
77360
77361
77362
77363
77364
77365
77366
77369
77371
77373
77374
77375
77376
77380
77385
77387
77388
77390
77391
77392
77393
77394
77395
77396
77397
77398
77399
77400
77401
77405
77410
77411
77412
77413
77414
77415
77416
77417
77418
77419
77421
77423
77424
77431
77433
77434
77436
77438
77439
77441
77446
77448
77449
77451
77455
77456
77457
77458
77462
77463
77464
77479
77480
77481
77482
77483
77486
77487
77493
77494
77495
77496
77497
77503
77504
77505
77506
77507
77509
77511
77515
77516
77517
77527
77528
77529
77530
77531
77532
77533
77534
77535
77537
77555
77556
77557
77558
77559
77560
77561
77562
77567
77568
77569
77570
77571
77575
77576
77577
77578
77579
77580
77581
77582
77583
77584
77585
77586
77591
77592
77593
77594
77595
77599
77600
77616
77617
77618
77620
77624
77625
77626
77627
77630
77631
77633
77634
77636
77639
77640
77641
77643
77644
77645
77649
77650
77651
77655
77657
77658
77660
77661
77662
77663
77666
77667
77668
77670
77673
77675
77676
77677
77678
77681
77682
77685
77686
77694
77695
77696
77697
77698
77703
77704
77709
77710
77712
77713
77714
77716
77854
77855
77856
77857
77858
77859
77863
77867
77868
77873
77874
77875
77876
77877
77878
77879
77880
77881
77885
77889
77890
77891
77892
77896
77897
77898
77899
77900
77901
77902
77903
77904
77907
77908
77911
77912
77915
77916
77917
77918
77920
77922
77924
77925
77926
77927
77930
77931
77934
77935
77936
77937
77938
77939
77940
77945
77946
77947
77948
77949
77950
77953
77956
77957
77958
77959
77965
77966
77967
77969
77970
77972
77976
77978
77979
77980
77981
77982
77984
77986
77988
77989
77991
77993
77994
77996
77997
77998
77999
78002
78003
78006
78007
78011
78014
78015
78017
78028
78029
78030
78031
78032
78033
78034
78035
78036
78037
78044
78045
78048
78049
78055
78056
78057
78058
78061
78064
78065
78068
78069
78071
78073
78074
78076
78078
78171
78173
78174
78175
78176
78177
78178
78179
78180
78181
78182
78183
78184
78185
78186
78187
78188
78189
78190
78191
78192
78193
78194
78195
78196
78197
78198
78199
78200
78201
78202
78203
78263
78264
78265
78266
78267
78268
78269
78270
78271
78272
78273
78274
78275
78276
78277
78278
78279
78280
78281
78282
78283
78284
78285
78286
78287
78288
78289
78290
78291
78292
78339
78340
78341
78342
78343
78344
78345
78346
78347
78348
78349
78350
78351
78352
78353
78354
78355
78356
78357
78358
78359
78360
78361
78362
78363
78364
78365
78366
78406
78407
78408
78409
78410
78411
78412
78413
78414
78415
78416
78417
78418
78419
78420
78421
78422
78423
78424
78425
78426
78427
78428
78429
78430
78431
78472
78473
78474
78475
78476
78477
78478
78479
78480
78481
78482
78483
78484
78485
78486
78487
78488
78489
78490
78491
78492
78493
78494
78495
78842
78843
78844
78845
78846
78847
78875
78877
78878
78879
82314
82317
82318
82319
82321
82322
82324
82326
82335
82336
82338
82340
82342
82351
82354
82363
82373
82378
82395
82400
82403
82428
82429
82430
82433
82434
82446
82447
82448
82449
82468
82469
82470
82471
82480
82481
82482
82483
82484
82485
82486
82487
82488
82489
82492
82493
82495
82496
82502
82520
82522
82530
82531
82532
82535
82536
82543
82544
82546
82547
82557
82558
82559
82560
82569
82570
82571
82572
82573
82578
82603
82605
82628
82630
82632
82633
82634
82635
82636
82637
82638
82639
82640
82641
82644
82647
82648
82649
82650
82659
82680
82682
82683
82684
82685
82686
82687
82688
82689
82690
82691
82692
82693
82708
82722
82723
82726
82727
82737
82748
82749
82750
82777
82778
82784
82785
82786
82787
82788
82789
82798
82802
82803
82804
82805
82827
82828
82833
82834
82846
82849
82851
82856
82861
82862
82883
82884
82885
82886
82887
82909
82910
82922
82924
82932
82934
82935
82936
82937
82940
82970
82971
82972
82973
82978
82979
82991
82992
82993
82994
86170
86172
86184
86186
86187
86189
86191
86198
86202
86220
86226
86227
86239
86241
86242
86243
86252
86269
86272
86291
86292
86293
86300
86301
86304
86305
86308
86335
86337
86360
86364
86365
86366
86367
86373
86375
86379
86380
86381
86420
86425
86426
86442
86453
86454
86455
86456
86484
86485
86491
86492
86508
86509
86510
86550
86552
86562
86563
86564
86568
86850
86851
86852
86853
86854
86855
86886
86887
86888
86889
86890
86891
86892
86919
86920
86921
86922
86923
86924
86925
86926
86927
86928
86956
86957
86958
86959
86960
86961
86962
86963
86964
86965
86966
86995
86996
86997
86998
86999
87000
87001
87002
87003
87004
87005
87006
87007
87008
87037
87038
87039
87040
87041
87042
87043
87044
87045
87046
87047
87048
87049
87050
87051
87052
87053
87079
87080
87081
87082
87083
87084
87085
87086
87087
87088
87089
87090
87091
87092
87093
87094
87095
87096
87097
87098
87099
87122
87123
87124
87125
87126
87127
87128
87129
87130
87131
87132
87133
87134
87135
87136
87137
87138
87139
87156
87157
87158
87159
87160
87161
87162
87163
87164
87165
87171
87208
87209
87210
87211
87212
87223
87224
87225
87226
87227
87239
87240
87241
87242
87243
87244
87245
87253
87254
87255
87256
87257
87262
87263
87264
87317
87318
87319
87325
87326
87327
87328
87329
87333
87334
87335
87336
87337
87338
87339
87340
87341
87344
87346
87347
87349
87350
87351
87352
87355
87357
87359
87363
87364
87365
87367
87370
87371
87372
87373
87374
87375
87381
87382
87383
87384
87385
87386
87391
87392
87393
87394
87396
87397
87398
87399
87400
87401
87402
87403
87404
87405
87406
87415
87417
87418
87419
87424
87425
87427
87428
87432
87438
87439
87440
87441
87442
87443
87446
87447
87522
87523
87524
87525
87526
87527
87528
87529
87535
87536
87537
87538
87539
87540
87543
87544
87545
87546
87577
87578
87579
87595
87596
87597
87598
87599
87600
87601
87602
87615
87616
87617
87618
87619
87620
87621
87622
87623
87624
87625
87626
87636
87637
87638
87639
87640
87641
87642
87643
87644
87645
87646
87647
87648
87652
87653
87654
87655
87656
87657
87658
87659
87660
87661
87662
87663
87664
87665
87667
87668
87669
87670
87671
87672
87673
87674
87675
87676
87677
87678
87679
87680
87681
87682
87683
87684
87685
87686
87687
87688
87689
87691
87692
87695
87696
87699
87700
87702
87705
87706
87707
87708
87709
87711
87713
87715
87716
87720
87721
87722
87723
87725
87726
87728
87730
87732
87734
87735
87736
87737
87738
87739
87744
87745
87746
87747
87748
87752
87753
87754
87755
87756
87758
87760
87763
87765
87767
87769
87771
87773
87775
87777
87780
87781
87782
87786
87787
87790
87791
87792
87793
87794
87795
87799
87805
87807
87809
87812
87814
87816
87819
87820
87824
87826
87830
87831
87832
87833
87834
87835
87836
87839
87840
87841
87842
87843
87847
87851
87852
87853
87854
87856
87857
87858
87859
87861
87868
87869
87870
87873
87874
87877
87878
87879
87880
87881
87882
87889
87890
87891
87892
87893
87894
87900
87901
87902
87903
87904
87905
87908
87909
87910
87911
87912
87913
87914
87915
87916
87917
87918
87920
87922
87924
87926
87927
87928
87929
87930
87931
87938
87939
87940
87941
87942
87943
87952
87953
87954
87955
87956
87957
87958
87961
87963
87964
87965
87966
87967
87968
87969
87970
87971
87973
87974
87975
87983
87984
87985
87986
87987
87988
87989
87990
87991
87997
87998
87999
88001
88003
88006
88009
88013
88016
88017
88020
88021
88023
88024
88025
88026
88027
88028
88029
88030
88031
88034
88037
88040
88041
88042
88043
88048
88049
88050
88051
88052
88053
88054
88055
88056
88057
88058
88059
88060
88061
88062
88063
88064
88065
88066
88067
88068
88071
88074
88079
88084
88087
88088
88090
88091
88092
88093
88094
88095
88096
88097
88098
88099
88100
88112
88113
88114
88115
88117
88118
88120
88121
88123
88128
88129
88130
88131
88132
88133
88134
88136
88138
88142
88145
88148
88150
88151
88152
88153
88154
88155
88156
88157
88158
88159
88167
88169
88172
88180
88182
88183
88184
88187
88188
88191
88192
88193
88194
88195
88201
88202
88203
88204
88205
88212
88213
88214
88219
88220
88221
88222
88223
88236
88237
88238
88239
88240
88241
88242
88243
88253
88254
88255
88256
88257
88258
88265
88267
88269
88270
88275
88276
88277
88278
88284
88285
88286
88287
88288
88289
88290
88291
88292
88293
88294
88295
88306
88308
88310
88312
88326
88327
88328
88329
88330
88331
88332
88333
88334
88335
88336
88337
88338
88339
88340
88341
88342
88343
88349
88350
88351
88352
88356
88358
88388
88389
88390
88391
88395
88396
88397
88398
88399
88400
88401
88402
88407
88408
88411
88412
88413
88414
88415
88416
88417
88418
88419
88420
88429
88430
88431
88432
88437
88438
88441
88442
88444
88445
88448
88450
88451
88452
88453
88458
88459
88470
88775
88776
88777
88778
88779
88780
88781
88782
88783
88784
88785
88786
88787
88788
88789
88790
88791
88792
88793
88794
88811
88812
88813
88814
88815
88816
88817
88818
88819
88820
88821
88822
88823
88824
88825
88826
88827
88828
88829
88830
88831
88832
88833
88834
88860
88861
88862
88863
88864
88865
88866
88867
88868
88869
88870
88871
88872
88873
88874
88875
88876
88877
88878
88879
88880
88881
88882
88883
88884
88910
88911
88912
88913
88914
88915
88916
88917
88918
88919
88920
88921
88922
88923
88924
88925
88926
88927
88928
88929
88930
88931
88932
88933
88934
88964
88965
88966
88967
88968
88969
88970
88971
88972
88973
88974
88975
88976
88977
88978
88979
88980
88981
88982
88983
88984
89095
89096
89097
89098
89099
89100
89101
89105
89106
89107
89108
89109
89110
89111
89128
89129
89130
89131
89132
89133
89134
89149
89150
89151
89152
89153
89154
89155
89163
89164
89165
89166
89167
89168
89169
89240
89258
89261
89263
89264
89265
89268
89269
89270
89272
89279
89280
89282
89284
89289
89290
89291
89292
89295
89296
89297
89298
89299
89300
89302
89303
89307
89308
89309
89312
89313
89314
89315
89316
89317
89318
89319
89323
89324
89329
89333
89335
89336
89337
89338
89339
89340
89341
89342
89343
89345
89349
89350
89351
89352
89353
89355
89369
89370
89371
89372
89373
89374
89375
89376
89379
89380
89381
89382
89387
89388
89391
89392
89393
89394
89395
89396
89403
89404
89405
89406
89407
89408
89411
89412
89413
89414
89415
89416
89417
89419
89420
89422
89423
89424
89425
89426
89427
89428
89429
89430
89431
89432
89434
89435
89436
89437
89438
89439
89441
89442
89443
89444
89446
89447
89460
89461
89462
89463
89464
89465
89466
89468
89469
89470
89471
89472
89478
89480
89481
89482
89483
89484
89485
89492
89493
89494
89495
89496
89497
89499
89504
89505
89506
89507
89510
89511
89512
89513
89515
89516
89517
89520
89521
89522
89523
89524
89525
89526
89527
89528
89530
89535
89537
89538
89539
89540
89542
89543
89545
89552
89553
89555
89556
89557
89559
89560
89561
89566
89567
89568
89569
89570
89571
89572
89573
89574
89575
89576
89577
89578
89583
89585
89586
89587
89589
89590
89591
89598
89599
89601
89603
89604
89606
89611
89617
89618
89621
89626
89632
89635
89637
89640
89642
89644
89645
89646
89649
89651
89653
89654
89655
89656
89657
89658
89659
89660
89661
89662
89663
89664
89665
89666
89667
89668
89669
89670
89671
89672
89673
89674
89675
89676
89679
89682
89683
89684
89685
89686
89687
89688
89689
89690
89691
89692
89693
89694
89695
89700
89705
89709
89711
89713
89714
89715
89720
89721
89722
89723
89724
89725
89726
89727
89728
89729
89730
89731
89732
89733
89734
89735
89736
89737
89742
89747
89749
89750
89754
89755
89756
89757
89758
89759
89760
89761
89762
89763
89766
89767
89768
89769
89772
89773
89774
89776
89778
89781
89782
89783
89784
89810
89811
89813
89815
89818
89820
89828
89831
89832
89833
89834
89835
89836
89837
89840
89841
89842
89846
89847
89850
89851
89852
89853
89854
89860
89861
89862
89863
89865
89867
89880
89881
89882
89883
89884
89892
89893
89946
89947
89948
89949
89950
89951
89952
89953
89954
89955
89956
89957
89958
89959
89960
89961
89969
89971
89972
89973
89974
89975
89981
89985
89986
89988
89990
90000
90001
90002
90003
90004
90005
90006
90007
90008
90016
90017
90018
90019
90020
90021
90022
90034
90035
90036
90037
90038
90039
90040
90041
90042
90043
90044
90045
90046
90047
90048
90049
90056
90134
90135
90136
90137
90138
90139
90140
90141
90142
90143
90144
90145
90146
90147
90153
90154
90155
90156
90157
90158
90159
90160
90161
90162
90163
90164
90165
90166
90167
90168
90169
90170
90171
90172
90173
90177
90178
90199
90200
90201
90204
90205
90206
90207
90223
90224
90225
90228
90229
90230
90231
90232
90233
90234
90235
90236
90237
90238
90239
90240
90243
90244
90245
90246
90247
90248
90249
90256
90259
90260
90261
90262
90263
90264
90265
90271
90272
90273
90562
90563
90565
90566
90568
90572
90573
90574
90575
90576
90577
90580
90581
90583
90584
90586
90589
90590
90591
90592
90599
90600
90601
90602
90609
90611
90612
90614
90615
90616
90617
90619
90621
90622
90629
90630
90631
90632
90633
90639
90641
90642
90643
90644
90646
90647
90650
90651
90652
90659
90660
90661
90663
90665
90667
90672
90673
90676
90677
90678
90679
90680
90681
90682
90683
90688
90693
90695
90697
90703
90704
90705
90706
90707
90708
90709
90710
90711
90725
90726
90729
90731
90732
90734
90736
90741
90743
90744
90745
90746
90751
90756
90759
90760
90766
90767
90768
90774
90781
90782
90783
90785
90790
90791
90792
90793
90801
90802
90805
90812
90813
90815
90816
90817
90819
90820
90821
90825
90834
90835
90836
90837
90838
90847
90848
90849
90850
90851
90868
90869
90870
90872
90873
90874
90875
90876
90885
90886
90887
90888
90976
90977
90978
90979
90980
90981
90982
90983
90984
90985
90986
90987
90988
90989
91010
91011
91012
91013
91014
91015
91016
91025
91026
91027
91028
91029
91038
91039
91040
91046
91066
91067
91068
91069
91070
91071
91072
91073
91074
91075
91076
91077
91078
91079
91080
91081
91082
91101
91102
91103
91104
91105
91106
91107
91108
91109
91110
91111
91112
91113
91114
91115
91134
91135
91136
91137
91138
91139
91140
91141
91142
91143
91144
91145
91146
91164
91165
91166
91167
91168
91169
91170
91171
91172
91173
91174
91191
91192
91193
91194
91195
91196
91197
91198
91199
91233
91234
91235
91236
91237
91238
91239
91251
91252
91253
91254
91255
91263
91264
91265
91287
91288
91289
91295
91296
91297
91298
91299
91300
91301
91302
91303
91304
91305
91306
91307
91308
91309
91310
91311
91312
91313
91314
91315
91316
91318
91319
91320
91323
91324
91325
91327
91328
91333
91334
91335
91336
91339
91340
91341
91347
91348
91349
91350
91351
91353
91355
91356
91357
91359
91360
91361
91362
91365
91366
91367
91368
91369
91370
91371
91372
91376
91381
91383
91384
91386
91387
91388
91389
91390
91391
91392
91398
91399
91400
91404
91405
91406
91409
91412
91414
91417
91418
91420
91421
91422
91423
91435
91436
91437
91438
91439
91440
91443
91444
91445
91446
91447
91452
91453
91455
91458
91459
91461
91463
91464
91465
91468
91469
91470
91471
91473
91475
91477
91478
91481
91482
91484
91486
91489
91490
91491
91492
91497
91498
91564
91566
91569
91571
91578
91579
91584
91586
91588
91589
91590
91591
91592
91595
91596
91598
91606
91607
91609
91610
91611
91613
91614
91615
91624
91626
91628
91631
91632
91634
91636
91638
91640
91641
91646
91647
91648
91649
91650
91655
91656
91657
91662
91663
91664
91665
91671
91672
91673
91674
91675
91676
91677
91678
91680
91681
91682
91683
91684
91685
91687
91692
91693
91696
91697
91701
91702
91703
91704
91705
91706
91707
91708
91709
91710
91711
91712
91713
91714
91715
91716
91720
91721
91722
91723
91727
91728
91729
91735
91738
91740
91741
91742
91743
91744
91746
91747
91748
91749
91750
91751
91752
91756
91757
91761
91762
91763
91764
91765
91766
91767
91768
91770
91777
91778
91779
91780
91781
91782
91783
91784
91787
91788
91789
91791
91795
91796
91799
91800
91813
91815
91816
91817
91818
91819
91822
91823
91824
91825
91826
91827
91832
91833
91834
91835
91840
91841
91842
91843
91852
91853
91854
91855
91856
91857
91858
91859
91864
91865
91866
91867
91872
91873
91874
91875
91880
91881
91882
91883
91888
91889
91890
91891
91892
91893
91894
91895
91902
91903
91904
91905
91908
91909
91912
91913
91914
91915
91916
91917
91918
91920
91921
91922
91923
91924
91925
91927
91931
91932
91933
91934
91935
91936
91937
91939
91940
91941
91942
91944
91945
91946
91947
91948
91949
91951
91952
91953
91954
91955
91956
91957
91958
91960
91961
91962
91963
91965
91966
91967
91968
91969
91970
91971
91972
91974
91975
91976
91978
91979
91980
91981
91982
91983
91985
91986
91987
91988
91989
91990
91992
91993
92001
92003
92004
92005
92006
92007
92008
92014
92015
92016
92017
92018
92024
92025
92026
92027
92028
92039
92040
92041
92042
92043
92044
92045
92046
92047
92048
92054
92055
92056
92057
92058
92064
92065
92066
92067
92068
92074
92075
92076
92077
92078
92084
92085
92086
92087
92088
92089
92090
92091
92092
92093
92100
92101
92103
92107
92108
92109
92110
92114
92115
92116
92121
92122
92123
92128
92129
92130
92131
92132
92134
92135
92136
92137
92138
92140
92141
92142
92143
92144
92146
92147
92152
92153
92154
92156
92157
92158
92161
92162
92163
92164
92165
92166
92168
92169
92170
92171
92172
92173
92175
92176
92178
92179
92184
92185
92187
92188
92189
92190
92200
92201
92203
92204
92205
92210
92211
92212
92213
92214
92215
92221
92222
92223
92224
92225
92226
92227
92228
92229
92230
92231
92233
92234
92235
92237
92238
92239
92241
92242
92243
92245
92246
92247
92248
92249
92251
92252
92254
92255
92256
92258
92259
92264
92265
92266
92267
92268
92269
92270
92275
92277
92278
92279
92281
92282
92283
92285
92286
92296
92299
92300
92302
92304
92307
92308
92310
92312
92314
92316
92317
92320
92321
92323
92326
92330
92336
92342
92345
92347
92350
92352
92356
92357
92358
92362
92363
92364
92365
92366
92367
92368
92371
92372
92373
92374
92375
92376
92377
92378
92379
92380
92381
92382
92383
92384
92387
92390
92393
92394
92395
92396
92397
92398
92399
92400
92401
92402
92403
92404
92405
92406
92407
92408
92409
92410
92411
92412
92413
92414
92415
92419
92424
92427
92428
92431
92432
92433
92434
92435
92436
92437
92438
92439
92451
92452
92453
92454
92455
92456
92457
92458
92459
92460
92461
92462
92463
92464
92465
92466
92467
92472
92477
92481
92483
92496
92497
92498
92499
92500
92501
92502
92503
92504
92505
92506
92507
92508
92509
92510
92511
92512
92513
92514
92515
92516
92517
92518
92519
92520
92521
92525
92530
92532
92533
92535
92536
92537
92538
92539
92540
92541
92542
92543
92544
92545
92546
92547
92552
92557
92560
92561
92563
92564
92565
92566
92567
92568
92569
92577
92578
92579
92580
92581
92582
92583
92584
92585
92589
92594
92596
92597
92599
92600
92601
92602
92603
92604
92605
92606
92607
92608
92609
92610
92611
92612
92613
92614
92615
92616
92617
92618
92628
92630
92631
92632
92633
92634
92635
92636
92639
92640
92641
92642
92653
92654
92659
92660
92661
92662
92667
92668
92669
92670
92671
92672
92673
92674
92675
92676
92677
92678
92679
92680
92681
92682
92683
92684
92687
92688
92691
92692
92693
92694
92695
92696
92699
92701
92702
92704
92705
92706
92716
92721
92722
92723
92724
92729
92730
92731
92732
92733
92734
92735
92736
92737
92738
92739
92740
92742
92743
92744
92745
92747
92748
92749
92751
92752
92754
92755
92756
92757
92759
92760
92762
92763
92764
92765
92768
92769
92773
92775
92776
92777
92780
92783
92789
92792
92796
92799
92802
92805
92808
92810
92811
92812
92813
92814
92815
92819
92822
92825
92827
92829
92830
92831
92832
92833
92834
92835
92836
92837
92841
92843
92846
92848
92849
92850
92851
92852
92853
92854
92855
92856
92857
92858
92859
92860
92861
92862
92863
92864
92865
92866
92867
92868
92869
92870
92871
92872
92873
92895
92897
92899
92902
92903
92905
92907
92909
92911
92912
92915
92916
92918
92937
92939
92940
92941
92942
92943
92946
92947
92948
92949
92950
92954
92955
92956
92960
92961
92962
92969
92970
92971
92972
92973
92974
92978
92979
92980
92984
92985
92986
92990
92991
92992
92996
92997
92998
92999
93000
93001
93006
93007
93009
93018
93019
93023
93024
93025
93029
93030
93031
93032
93033
93034
93035
93036
93037
93045
93046
93047
93048
93049
93058
93059
93060
93061
93062
93073
93074
93075
93076
93077
93084
93085
93086
93087
93088
93133
93134
93135
93136
93137
93138
93146
93147
93148
93149
93150
93151
93152
93153
93154
93155
93156
93157
93158
93159
93160
93161
93172
93173
93174
93175
93176
93177
93178
93179
93180
93181
93195
93196
93197
93198
93199
93200
93206
93207
93208
93209
93210
93212
93220
93222
93224
93227
93228
93230
93232
93234
93236
93237
93249
93250
93251
93252
93253
93254
93255
93256
93257
93258
93259
93260
93261
93262
93273
93274
93275
93276
93277
93278
93279
93280
93290
93291
93292
93293
93294
93295
93296
93297
93298
93299
93312
93313
93314
93315
93316
93317
93318
93319
93320
93332
93333
93334
93335
93344
93345
93346
93347
93348
93349
93350
93351
93352
93353
93354
93355
93356
93357
93358
93359
93360
93361
93362
93363
93364
93371
93372
93373
93374
93375
93376
93385
93386
93390
93392
93393
93394
93401
93402
93403
93404
93405
93406
93414
93415
93416
93417
93418
93419
93420
93425
93426
93427
93428
93487
93488
93489
93490
93491
93492
93493
93494
93502
93503
93504
93505
93506
93507
93508
93514
93515
93516
93517
93518
93524
93525
93526
93527
93528
93529
93530
93531
93532
93533
93534
93535
93536
93537
93538
93539
93540
93541
93542
93543
93554
93555
93556
93557
93558
93559
93560
93561
93562
93563
93564
93565
93566
93567
93572
93573
93574
93575
93580
93581
93582
93586
93587
93588
93589
93590
93591
93592
93593
93594
93595
93596
93597
93598
93602
93603
93604
93605
93609
93610
93611
93612
93616
93617
93618
93619
93622
93707
93708
93709
93710
93711
93712
93713
93714
93715
93716
93717
93718
93721
93722
93723
93724
93725
93726
93727
93728
93729
93730
93731
93732
93733
93734
93735
93736
93737
93738
93739
93740
93741
93746
93747
93748
93749
93750
93751
93752
93753
93754
93755
93762
93763
93764
93765
93770
93771
93772
93773
93774
93775
93786
93787
93788
93789
93790
93791
93792
93793
93794
93795
93801
93802
93803
93804
93805
93806
93807
93808
93814
93815
93816
93819
93820
93821
93826
93827
93828
93829
93830
93831
93834
93845
93846
93847
93851
93852
93853
93856
93857
93858
93859
93860
93861
93862
93863
93864
94458
94459
94460
94461
94462
94463
94464
94465
94468
94469
94470
94471
94472
94473
94474
94475
94476
94477
94478
94479
94480
94481
94482
94483
94484
94485
94486
94487
94488
94489
94490
94491
94492
94493
94494
94495
94496
94497
94498
94499
94500
94501
94502
94503
94504
94506
94507
94508
94510
94513
94514
94515
94518
94519
94522
94523
94524
94525
94526
94532
94533
94534
94535
94536
94539
94540
94541
94542
94544
94547
94548
94549
94550
94551
94552
94558
94559
94560
94563
94564
94565
94566
94575
94576
94577
94578
94579
94580
94581
94582
94583
94584
94585
94587
94588
94589
94590
94592
94593
94594
94595
94596
94597
94603
94605
94606
94607
94608
94609
94620
94621
94622
94623
94624
94625
94626
94630
94632
94633
94634
94635
94637
94638
94639
94641
94642
94643
94648
94649
94650
94651
94653
94654
94655
94657
94658
94659
94661
94662
94663
94665
94666
94667
94669
94671
94674
94677
94680
94683
94684
94685
94686
94687
94688
94689
94690
94691
94692
94693
94694
94695
94696
94697
94698
94699
94700
94701
94702
94703
94716
94718
94719
94720
94721
94722
94723
94726
94727
94728
94729
94730
94731
94732
94733
94734
94735
94736
94737
94738
94743
94748
94750
94751
94759
94760
94761
94762
94763
94764
94765
94771
94773
94775
94778
94781
94782
94783
94784
94785
94790
94791
94793
94794
94795
94802
94803
94804
94805
94806
94817
94818
94819
94820
94821
94823
94825
94829
94830
94831
94833
94836
94837
94838
94839
94840
94841
94842
94843
94853
94854
94859
94860
94861
94864
94865
94866
94867
94868
94869
94898
94899
94900
94901
94902
94907
94908
94909
94910
94911
94912
94913
94914
94915
94916
94917
94918
94920
94921
94926
94927
94928
94929
94930
94931
94932
94937
94938
94939
94940
94941
94942
94943
94944
94950
94951
94952
94953
94954
94961
94962
94963
94964
94969
94970
94971
94972
94975
94976
94977
94979
94980
94983
94984
94985
94986
94987
94988
94991
94993
94996
94997
94998
95001
95002
95005
95006
95008
95011
95012
95013
95014
95015
95020
95023
95024
95175
95176
95177
95178
95179
95181
95183
95185
95186
95188
95189
95191
95193
95194
95195
95196
95197
95198
95200
95202
95203
95204
95205
95208
95210
95211
95212
95213
95218
95224
95226
95227
95228
95230
95232
95234
95235
95236
95238
95239
95240
95242
95243
95244
95246
95248
95250
95251
95252
95254
95255
95256
95258
95271
95274
95275
95277
95290
95292
95295
95301
95303
95306
95309
95310
95311
95312
95315
95316
95335
95339
95341
95346
95355
95356
95367
95370
95374
95375
95377
95379
95381
95382
95386
95388
95389
95390
95392
95394
95402
95405
95406
95411
95412
95414
95415
95418
95419
95420
95421
95423
95425
95427
95437
95439
95441
95442
95445
95448
95452
95453
95454
95456
95461
95465
95469
95471
95497
95499
95500
95501
95503
95504
95508
95511
95513
95515
95520
95523
95540
95543
95549
95550
95551
95558
95559
95560
95561
95562
95565
95566
95567
95569
95575
95576
95577
95578
95580
95582
95585
95589
95590
95593
95594
95595
95596
95599
95604
95607
95614
95628
95630
95642
95644
95654
95655
95674
95677
95678
95679
95680
95682
95694
95695
95711
95714
95719
95721
95986
95987
96003
96006
96010
96015
96019
96022
96024
96027
96028
96029
96030
96102
96103
96121
96122
96159
96169
96179
96187
96201
96208
96214
96327
96362
96376
96384
96385
96386
96387
96389
96390
96391
96392
96393
96394
96396
96397
96398
96399
96403
96405
96406
96414
96420
96422
96425
96429
96431
96434
96436
96437
96458
96459
96462
96463
96466
96467
96472
96473
96482
96485
96486
96487
96488
96489
96490
96491
96492
96493
96494
96495
96496
96498
96499
96503
96504
96505
96509
96510
96511
96512
96515
96520
96523
96525
96526
96527
96529
96530
96531
96532
96533
96539
96540
96542
96543
96544
96545
96546
96547
96548
96550
96551
96553
96554
96557
96559
96560
96561
96562
96563
96564
96567
96569
96571
96572
96574
96576
96582
96583
96584
96585
96586
96590
96593
96594
96596
96597
96598
96599
96600
96601
96602
96603
96604
96605
96606
96607
96608
96609
96610
96611
96612
96613
96614
96615
96616
96620
96621
96622
96624
96627
96628
96630
96631
96632
96633
96634
96635
96636
96637
96638
96639
96640
96641
96642
96643
96644
96645
96647
96650
96651
96652
96654
96657
96661
96662
96677
96679
96680
96681
96682
96691
96692
96693
96694
96695
96696
96697
96698
96699
96705
96707
96709
96711
96713
96714
96715
96716
96717
96718
96719
96720
96721
96722
96723
96724
96725
96726
96727
96734
96736
96737
96739
96741
96743
96745
96751
96752
96753
96754
96755
96756
96757
96758
96760
96762
96764
96766
96769
96770
96771
96772
96774
96780
96790
96792
96795
96798
97271
97273
97294
97306
97317
97325
97326
97327
97334
97335
97338
97347
97350
97354
97355
97358
97360
97371
97374
97375
97377
97381
97384
97392
97397
97398
97400
97402
97403
97409
97411
97417
97576
97583
97587
97588
97589
97590
97622
97630
97640
97648
97678
97698
97700
97717
97719
97739
97755
97756
97757
97758
97766
97770
97773
97775
97781
97782
97783
97784
97785
97806
97808
97813
97815
97816
97848
97853
97854
97863
97865
97868
97876
97877
97878
97879
97885
97890
97897
97900
97906
97907
97908
97909
97910
97917
97926
97932
97944
97947
97950
97952
97955
97960
97966
97969
97970
97971
97981
97982
97987
97997
98000
98003
98005
98013
98016
98018
98024
98026
98028
98030
98031
98033
98034
98035
98037
98045
98046
98050
98051
98052
98053
98056
98057
98063
98064
98066
98067
98068
98069
98070
98073
98075
98076
98077
98078
98079
98082
98083
98123
98124
98125
98126
98127
98128
98132
98134
98135
98137
98138
98139
98141
98145
98147
98149
98151
98153
98155
98156
98158
98160
98161
98163
98164
98166
98168
98172
98173
98174
98179
98183
98184
98185
98186
98187
98188
98189
98190
98191
98192
98193
98194
98195
98196
98197
98198
98199
98201
98202
98203
98204
98209
98212
98224
98227
98231
98232
98233
98235
98236
98237
98238
98240
98242
98244
98248
98250
98252
98253
98254
98256
98257
98259
98265
98269
98273
98278
98279
98280
98283
98284
98286
98292
98298
98303
98310
98314
98315
98316
98317
98352
98354
98360
98361
98367
98368
98369
98370
98371
98373
98374
98376
98377
98378
98383
98432
98434
98447
98448
98449
98450
98453
98454
98464
98468
98469
98470
98471
98472
98473
98474
98478
98479
98480
98482
98484
98493
98497
98498
98500
98501
98502
98503
98504
98505
98506
98507
98508
98512
98513
98522
98525
98527
98528
98529
98531
98532
98533
98534
98535
98536
98538
98539
98540
98541
98545
98546
98549
98550
98551
98552
98553
98555
98556
98557
98560
98564
98566
98568
98570
98571
98573
98576
98578
98581
98584
98587
98589
98591
98593
98594
98596
98597
98599
98601
98603
98605
98607
98608
98610
98614
98619
98622
98625
98628
98631
98636
98638
98639
98641
98642
98643
98646
98647
98649
98650
98652
98653
98654
98655
98656
98657
98658
98659
98660
98661
98662
98663
98664
98665
98666
98667
98668
98669
98670
98671
98672
98673
98674
98675
98676
98677
98678
98679
98680
98681
98682
98683
98684
98685
98686
98687
98689
98690
98691
98692
98693
98694
98695
98697
98699
98700
98702
98703
98705
98706
98708
98709
98710
98711
98712
98713
98714
98719
98720
98721
98725
98730
98732
98734
98736
98738
98739
98740
98741
98742
98743
98744
98745
98746
98747
98748
98749
98750
98751
98752
98753
98754
98756
98757
98760
98761
98762
98763
98764
98765
98766
98767
98768
98769
98770
98771
98772
98773
98774
98775
98776
98777
98778
98779
98780
98781
98782
98784
98786
98788
98789
98790
98791
98793
98794
98795
98796
98797
98798
98799
98800
98801
98802
98803
98804
98808
98809
98811
98815
98816
98817
98818
98820
98821
98824
98826
98831
98834
98840
98844
98846
98851
98860
98861
98862
98863
98864
98865
98866
98867
98869
98870
98873
98874
98875
98876
98877
98878
98879
98880
98882
98883
98885
98886
98887
98889
98890
98892
98893
98895
98896
98899
98901
98902
98904
98905
98907
98908
98909
98910
98911
98912
98913
98914
98915
98917
98918
98919
98920
98921
98922
98923
98924
98925
98926
98927
98928
98929
98930
98933
98934
98935
98936
98939
98940
98941
98942
98943
98944
98945
98946
98947
98950
98951
98952
98953
98954
98955
98956
98957
98958
98959
98960
98961
98962
98963
98964
98965
98966
98967
98968
98970
98972
98973
98974
98975
98976
98978
98981
98982
98983
98984
98986
98987
98988
98989
98990
98994
98999
99003
99005
99007
99009
99011
99012
99013
99014
99015
99016
99017
99023
99027
99028
99030
99032
99033
99034
99036
99037
99038
99039
99040
99042
99043
99044
99045
99047
99048
99050
99051
99055
99056
99057
99058
99059
99060
99061
99062
99063
99064
99065
99066
99067
99073
99075
99078
99081
99083
99085
99087
99089
99091
99092
99093
99094
99095
99096
99097
99098
99099
99100
99101
99102
99103
99105
99113
99115
99119
99120
99121
99123
99124
99125
99126
99127
99128
99130
99131
99132
99136
99137
99138
99140
99141
99142
99144
99147
99148
99150
99153
99190
99191
99193
99194
99209
99218
99231
99233
99235
99238
99241
99242
99243
99245
99246
99247
99249
99251
99252
99254
99255
99257
99258
99259
99261
99262
99264
99266
99267
99272
99273
99274
99294
99299
99321
99322
99324
99327
99330
99452
99453
99454
99455
99456
99457
99458
99466
99467
99468
99469
99470
99471
99472
99473
99474
99475
99481
99489
99492
99494
99496
99499
99503
99508
99510
99516
99517
99525
99526
99528
99529
99530
99531
99532
99534
99535
99537
99547
99549
99551
99552
99553
99554
99559
99560
99563
99564
99565
99566
99567
99568
99570
99571
99572
99573
99574
99576
99577
99579
99582
99585
99592
99596
99601
99616
99619
99620
99621
99624
99636
99640
99649
99655
99656
99658
99661
99664
99666
99667
99672
99673
99674
99676
99677
99681
99685
99691
99692
99693
99697
99698
99699
99700
99701
99705
99706
99707
99709
99710
99713
99714
99715
99716
99717
99718
99719
99720
99721
99722
99723
99724
99725
99726
99727
99728
99729
99731
99733
99737
99740
99742
99745
99746
99748
99750
99752
99753
99754
99759
99762
99764
99766
99768
99769
99770
99776
99778
99779
99781
99785
99787
99789
99791
99793
99794
99798
99801
99804
99807
99808
99809
99810
99811
99812
99813
99814
99815
99816
99817
99818
99819
99820
99821
99825
99834
99835
99836
99839
99840
99841
99842
99843
99845
99847
99849
99850
99852
99853
99855
99857
99859
99861
99871
99876
99877
99878
99879
99880
99881
99882
99883
99884
99885
99886
99889
99894
99896
99897
99898
99899
99901
99903
99906
99908
99909
99910
99911
99915
99916
99919
99925
99926
99927
99928
99930
99931
99933
99934
99936
99938
99942
99945
99949
99951
99954
99956
99958
99959
99962
99966
99971
99977
99981
99982
99984
99985
99987
99988
100000
100015
100027
100030
100032
100033
100034
100036
100041
100042
100043
100044
100045
100046
100047
100048
100055
100056
100061
100062
100065
100067
100068
100153
100155
100157
100158
100159
100160
100161
100162
100165
100166
100168
100170
100172
100173
100174
100176
100178
100179
100185
100186
100187
100188
100190
100191
100192
100193
100201
100202
100204
100205
100209
100210
100212
100213
100216
100217
100218
100220
100224
100225
100226
100227
100231
100232
100233
100235
100237
100239
100240
100241
100246
100252
100254
100256
100260
100263
100266
100267
100269
100271
100273
100274
100276
100281
100284
100285
100286
100289
100290
100291
100293
100294
100295
100297
100300
100301
100302
100303
100305
100308
100309
100310
100311
100312
100315
100316
100317
100321
100322
100325
100326
100327
100328
100330
100331
100332
100333
100335
100336
100337
100338
100339
100340
100341
100342
100343
100346
100349
100350
100352
100354
100355
100356
100357
100358
100359
100361
100363
100365
100368
100370
100371
100372
100373
100374
100375
100377
100379
100381
100382
100387
100393
100396
100400
100402
100403
100407
100410
100413
100415
100416
100418
100420
100421
100423
100424
100426
100427
100429
100431
100432
100433
100434
100436
100437
100438
100439
100440
100442
100444
100447
100449
100451
100453
100457
100458
100461
100462
100464
100466
100467
100472
100476
100478
100486
100489
100492
100493
100497
100498
100501
100506
100507
100511
100512
100514
100517
100520
100521
100522
100523
100528
100529
100530
100532
100533
100534
100535
100536
100537
100538
100539
100540
100542
100543
100544
100545
100546
100547
100548
100551
100553
100555
100557
100559
100561
100562
100563
100564
100565
100566
100567
100568
100569
100570
100571
100572
100573
100574
100575
100577
100579
100580
100581
100582
100583
100584
100585
100586
100587
100588
100590
100591
100592
100593
100594
100595
100596
100597
100598
100600
100602
100603
100608
100610
100614
100616
100620
100622
100624
100625
100633
100635
100638
100640
100641
100642
100645
100646
100649
100650
100652
100654
100656
100657
100658
100659
100664
100665
100666
100667
100668
100671
100672
100673
100674
100675
100676
100677
100678
100679
100680
100682
100683
100684
100688
100689
100691
100692
100693
100695
100697
100698
100699
100700
100701
100703
100704
100705
100707
100708
100709
100710
100711
100712
100713
100714
100715
100717
100720
100721
100725
100726
100728
100731
100734
100736
100738
100739
100740
100741
100742
100743
100744
100745
100746
100747
100748
100749
100750
100751
100752
100753
100754
100767
100768
100771
100775
100777
100783
100784
100785
100787
100789
100791
100792
100793
100795
100796
100797
100798
100799
100800
100806
100809
100811
100812
100813
100814
100815
100816
100817
100818
100819
100820
100821
100822
100824
100825
100827
100828
100830
100833
100834
100835
100836
100837
100838
100841
100842
100843
100844
100845
100846
100847
100848
100849
100852
100860
100862
100864
100887
100889
100892
100896
100899
100900
100903
100904
100905
100906
100907
100909
100910
100911
100912
100913
100914
100916
100923
100927
100928
100929
100930
100931
100932
100933
100934
100935
100936
100937
100938
100939
100940
100941
100942
100953
100954
100955
100956
100957
100958
100968
100970
100974
100982
100989
100994
100999
101008
101009
101010
101011
101012
101013
101014
101015
101016
101017
101018
101020
101029
101033
101037
101041
101044
101045
101046
101047
101048
101049
101052
101053
101054
101055
101056
101057
101058
101059
101060
101062
101063
101064
101065
101066
101067
101068
101069
101070
101071
101072
101073
101074
101075
101076
101079
101086
101087
101099
101102
101103
101105
101107
101108
101112
101114
101115
101120
101123
101125
101128
101130
101131
101132
101133
101134
101135
101136
101137
101138
101139
101140
101141
101142
101143
101144
101145
101147
101156
101223
101228
101233
101236
101239
101245
101246
101248
101249
101252
101253
101256
101259
101260
101266
101267
101269
101275
101310
101311
101312
101313
101314
101316
101318
101325
101328
101334
101337
101361
101368
101374
101380
101383
101388
101391
101392
101397
101398
101406
101409
101414
101424
101425
101426
101431
101432
101434
101435
101438
101447
101448
101501
101502
101505
101506
101508
101510
101511
101515
101517
101521
101522
101523
101525
101527
101528
101530
101532
101544
101547
101558
101568
101575
101584
101590
101609
101615
101636
101639
101641
101645
101647
101673
101676
101680
101682
101684
101686
101687
101689
101693
101698
101709
101710
101712
101717
101720
101724
101727
101731
101734
101738
101740
101782
101817
101827
101828
101829
101830
101831
101833
101834
101835
101836
101837
101838
101839
101840
101841
101842
101843
101844
101845
101846
101847
101848
101849
101851
101858
101860
101862
101864
101884
101886
101887
102020
102024
102992
102994
102995
102997
102999
103000
103002
103003
103004
103006
103007
103009
103010
103012
103013
103016
103017
103018
103019
103021
103022
103023
103024
103025
103026
103027
103038
103039
103046
103049
103059
103063
103066
103069
103070
103073
103074
103076
103077
103078
103079
103080
103081
103082
103086
103089
103092
103097
103099
103100
103101
103102
103103
103104
103105
103107
103110
103115
103116
103123
103124
103127
103128
103134
103135
103139
103140
103141
103143
103147
103149
103152
103153
103155
103157
103158
103159
103160
103162
103163
103164
103165
103166
103167
103168
103169
)


// ************************************************************************* //
