/*--------------------------------*- C++ -*----------------------------------*\
  =========                 |
  \\      /  F ield         | OpenFOAM: The Open Source CFD Toolbox
   \\    /   O peration     | Website:  https://openfoam.org
    \\  /    A nd           | Version:  12
     \\/     M anipulation  |
\*---------------------------------------------------------------------------*/
FoamFile
{
    format      ascii;
    class       labelList;
    location    "constant/polyMesh";
    object      cellProcAddressing;
}
// * * * * * * * * * * * * * * * * * * * * * * * * * * * * * * * * * * * * * //


14688
(
2080
2403
2441
2447
2663
2802
2833
2843
2849
3077
3087
3238
3271
3272
3282
3288
3513
3542
3543
3553
3713
3750
3751
3752
3762
3768
4015
4016
4049
4050
4051
4061
4232
4271
4272
4273
4274
4284
4290
4540
4560
4561
4562
4599
4600
4601
4602
4612
4794
4835
4836
4837
4838
4839
4849
4855
5127
5132
5149
5150
5151
5152
5193
5194
5195
5196
5197
5207
5398
5443
5444
5445
5446
5447
5448
5458
5464
5700
5760
5765
5770
5783
5784
5785
5786
5787
5832
5833
5834
5835
5836
5837
5847
6050
6097
6098
6099
6100
6101
6102
6103
6113
6119
6372
6381
6382
6437
6442
6447
6450
6462
6463
6464
6465
6466
6467
6515
6516
6517
6518
6519
6520
6521
6531
6748
6797
6798
6799
6800
6801
6802
6803
6804
6814
6820
7082
7095
7096
7105
7106
7107
7162
7167
7172
7175
7178
7188
7189
7190
7191
7192
7193
7194
7244
7245
7246
7247
7248
7249
7250
7251
7261
7490
7544
7545
7546
7547
7548
7549
7550
7551
7552
7562
7568
7832
7851
7854
7865
7866
7867
7876
7877
7878
7879
7935
7940
7945
7948
7951
7952
7962
7963
7964
7965
7966
7967
7968
7969
8020
8021
8022
8023
8024
8025
8026
8027
8028
8038
8279
8338
8339
8340
8341
8342
8343
8344
8345
8346
8347
8357
8363
8604
8649
8654
8669
8672
8673
8684
8685
8686
8687
8696
8697
8698
8699
8700
8758
8763
8768
8771
8774
8775
8776
8786
8787
8788
8789
8790
8791
8792
8793
8794
8845
8846
8847
8848
8849
8850
8851
8852
8853
8854
8864
9123
9187
9188
9189
9190
9191
9192
9193
9194
9195
9196
9197
9207
9213
9455
9474
9479
9521
9526
9529
9542
9545
9546
9547
9558
9559
9560
9561
9562
9571
9572
9573
9574
9575
9576
9636
9641
9646
9649
9652
9653
9654
9655
9665
9666
9667
9668
9669
9670
9671
9672
9673
9674
9725
9726
9727
9728
9729
9730
9731
9732
9733
9734
9735
9745
10022
10092
10093
10094
10095
10096
10097
10098
10099
10100
10101
10102
10103
10113
10119
10353
10380
10381
10401
10406
10411
10450
10455
10458
10459
10472
10475
10476
10477
10478
10489
10490
10491
10492
10493
10494
10503
10504
10505
10506
10507
10508
10509
10571
10576
10581
10584
10587
10588
10589
10590
10591
10601
10602
10603
10604
10605
10606
10607
10608
10609
10610
10611
10662
10663
10664
10665
10666
10667
10668
10669
10670
10671
10672
10673
10683
10976
11052
11053
11054
11055
11056
11057
11058
11059
11060
11061
11062
11063
11064
11074
11080
11327
11329
11330
11362
11363
11364
11385
11390
11395
11398
11436
11441
11444
11445
11446
11459
11462
11463
11464
11465
11466
11477
11478
11479
11480
11481
11482
11483
11492
11493
11494
11495
11496
11497
11498
11499
11563
11568
11573
11576
11579
11580
11581
11582
11583
11584
11594
11595
11596
11597
11598
11599
11600
11601
11602
11603
11604
11605
11656
11657
11658
11659
11660
11661
11662
11663
11664
11665
11666
11667
11668
11678
11986
12068
12069
12070
12071
12072
12073
12074
12075
12076
12077
12078
12079
12080
12081
12091
12097
12362
12364
12365
12367
12368
12369
12406
12407
12408
12409
12431
12436
12441
12444
12445
12484
12489
12492
12493
12494
12495
12508
12511
12512
12513
12514
12515
12516
12527
12528
12529
12530
12531
12532
12533
12534
12543
12544
12545
12546
12547
12548
12549
12550
12551
12621
12622
12627
12630
12633
12634
12635
12636
12637
12638
12639
12649
12650
12651
12652
12653
12654
12655
12656
12657
12658
12659
12660
12661
12712
12713
12714
12715
12716
12717
12718
12719
12720
12721
12722
12723
12724
12725
12735
12982
13057
13145
13146
13147
13148
13149
13150
13151
13152
13153
13154
13155
13156
13157
13158
13159
13169
13175
13462
13464
13465
13467
13468
13469
13471
13472
13473
13474
13516
13517
13518
13519
13520
13543
13548
13553
13556
13557
13558
13598
13603
13606
13607
13608
13609
13610
13623
13626
13627
13628
13629
13630
13631
13632
13643
13644
13645
13646
13647
13648
13649
13650
13651
13660
13661
13662
13663
13664
13665
13666
13667
13668
13669
13743
13746
13747
13750
13753
13754
13755
13756
13757
13758
13759
13760
13770
13771
13772
13773
13774
13775
13776
13777
13778
13779
13780
13781
13782
13783
13803
13834
13835
13836
13837
13838
13839
13840
13841
13842
13843
13844
13845
13846
13847
13848
13858
14110
14191
14285
14286
14287
14288
14289
14290
14291
14292
14293
14294
14295
14296
14297
14298
14299
14300
14310
14316
14629
14631
14632
14634
14635
14636
14638
14639
14640
14641
14643
14644
14645
14646
14647
14694
14695
14696
14697
14698
14699
14723
14728
14733
14736
14737
14738
14739
14781
14785
14788
14789
14790
14791
14792
14793
14806
14809
14810
14811
14812
14813
14814
14815
14816
14827
14828
14829
14830
14831
14832
14833
14834
14835
14836
14845
14846
14847
14848
14849
14850
14851
14852
14853
14854
14855
14929
14934
14937
14938
14941
14942
14943
14944
14945
14946
14947
14948
14949
14959
14960
14961
14962
14963
14964
14965
14966
14967
14968
14969
14970
14971
14972
14973
14994
15021
15022
15023
15024
15025
15026
15027
15028
15029
15030
15031
15032
15033
15034
15035
15036
15046
15301
15388
15489
15490
15491
15492
15493
15494
15495
15496
15497
15498
15499
15500
15501
15502
15503
15504
15505
15515
15521
15860
15862
15863
15865
15866
15867
15869
15870
15871
15872
15874
15875
15876
15877
15878
15880
15881
15882
15883
15884
15885
15937
15938
15939
15940
15941
15942
15943
15969
15973
15978
15981
15982
15983
15984
15985
16027
16032
16035
16036
16037
16038
16039
16040
16041
16054
16057
16058
16059
16060
16061
16062
16063
16064
16065
16076
16077
16078
16079
16080
16081
16082
16083
16084
16085
16086
16095
16096
16097
16098
16099
16100
16101
16102
16103
16104
16105
16106
16180
16181
16186
16191
16193
16194
16195
16196
16197
16198
16199
16200
16201
16202
16203
16213
16214
16215
16216
16217
16218
16219
16220
16221
16222
16223
16224
16225
16226
16227
16228
16253
16276
16277
16278
16279
16280
16281
16282
16283
16284
16285
16286
16287
16288
16289
16290
16291
16292
16302
16557
16650
16759
16760
16761
16762
16763
16764
16765
16766
16767
16768
16769
16770
16771
16772
16773
16774
16775
16776
16786
16792
17161
17163
17164
17166
17167
17168
17170
17171
17172
17173
17175
17176
17177
17178
17179
17181
17182
17183
17184
17185
17186
17188
17189
17190
17191
17192
17193
17194
17251
17252
17253
17254
17255
17256
17257
17258
17285
17290
17294
17297
17298
17299
17300
17301
17302
17345
17350
17353
17354
17355
17356
17357
17358
17359
17360
17375
17376
17377
17378
17379
17380
17381
17382
17383
17384
17385
17396
17397
17398
17399
17400
17401
17402
17403
17404
17405
17406
17407
17416
17417
17418
17419
17420
17421
17422
17423
17424
17425
17426
17427
17428
17503
17504
17505
17510
17513
17515
17516
17517
17518
17519
17520
17521
17522
17523
17524
17525
17535
17536
17537
17538
17539
17540
17541
17542
17543
17544
17545
17546
17547
17548
17549
17550
17551
17580
17599
17600
17601
17602
17603
17604
17605
17606
17607
17608
17609
17610
17611
17612
17613
17614
17615
17616
17626
17877
17886
17986
18103
18104
18105
18106
18107
18108
18109
18110
18111
18112
18113
18114
18115
18116
18117
18118
18119
18120
18121
18131
18137
18540
18542
18543
18545
18546
18547
18549
18550
18551
18552
18554
18555
18556
18557
18558
18560
18561
18562
18563
18564
18565
18567
18568
18569
18570
18571
18572
18573
18575
18576
18577
18578
18579
18580
18581
18582
18644
18645
18646
18647
18648
18649
18650
18651
18652
18679
18684
18689
18692
18693
18694
18695
18696
18697
18698
18746
18747
18750
18751
18752
18753
18754
18755
18756
18757
18758
18772
18774
18775
18776
18777
18778
18779
18780
18781
18782
18783
18784
18795
18796
18797
18798
18799
18800
18801
18802
18803
18804
18805
18806
18807
18815
18816
18817
18818
18819
18820
18821
18822
18823
18824
18825
18826
18827
18828
18829
18912
18913
18914
18915
18918
18921
18922
18923
18924
18925
18926
18927
18928
18929
18930
18931
18932
18942
18943
18944
18945
18946
18947
18948
18949
18950
18951
18952
18953
18954
18955
18956
18957
18958
18959
18983
18992
19007
19008
19009
19010
19011
19012
19013
19014
19015
19016
19017
19018
19019
19020
19021
19022
19023
19024
19025
19035
19283
19292
19400
19524
19525
19526
19527
19528
19529
19530
19531
19532
19533
19534
19535
19536
19537
19538
19539
19540
19541
19542
19543
19553
19559
19999
20001
20002
20004
20005
20006
20008
20009
20010
20011
20013
20014
20015
20016
20017
20019
20020
20021
20022
20023
20024
20026
20027
20028
20029
20030
20031
20032
20034
20035
20036
20037
20038
20039
20040
20041
20043
20044
20045
20046
20047
20048
20049
20050
20051
20118
20119
20120
20121
20122
20123
20124
20125
20126
20127
20161
20162
20167
20170
20171
20172
20173
20174
20175
20176
20177
20226
20229
20230
20231
20232
20233
20234
20235
20236
20237
20238
20239
20252
20255
20256
20257
20258
20259
20260
20261
20262
20263
20264
20265
20266
20277
20278
20279
20280
20281
20282
20283
20284
20285
20286
20287
20288
20289
20290
20298
20299
20300
20301
20302
20303
20304
20305
20306
20307
20308
20309
20310
20311
20312
20313
20397
20398
20399
20400
20401
20404
20405
20406
20407
20408
20409
20410
20411
20412
20413
20414
20415
20416
20426
20427
20428
20429
20430
20431
20432
20433
20434
20435
20436
20437
20438
20439
20440
20441
20442
20443
20444
20467
20476
20489
20490
20491
20492
20493
20494
20495
20496
20497
20498
20499
20500
20501
20502
20503
20504
20505
20506
20507
20508
20518
20771
20774
20783
20899
21028
21029
21030
21031
21032
21033
21034
21035
21036
21037
21038
21039
21040
21041
21042
21043
21044
21045
21046
21047
21048
21058
21537
21539
21540
21542
21543
21544
21546
21547
21548
21549
21551
21552
21553
21554
21555
21557
21558
21559
21560
21561
21562
21564
21565
21566
21567
21568
21569
21570
21572
21573
21574
21575
21576
21577
21578
21579
21581
21582
21583
21584
21585
21586
21587
21588
21589
21591
21592
21593
21594
21595
21596
21597
21598
21599
21600
21674
21675
21676
21677
21678
21679
21680
21681
21682
21683
21684
21723
21726
21727
21730
21731
21732
21733
21734
21735
21736
21737
21738
21788
21793
21795
21796
21797
21798
21799
21800
21801
21802
21803
21804
21805
21818
21821
21822
21823
21824
21825
21826
21827
21828
21829
21830
21831
21832
21833
21842
21843
21844
21845
21846
21847
21848
21849
21850
21851
21852
21853
21854
21855
21856
21864
21865
21866
21867
21868
21869
21870
21871
21872
21873
21874
21875
21876
21877
21878
21879
21880
21949
21960
21961
21962
21963
21964
21965
21966
21967
21968
21969
21970
21971
21972
21973
21974
21975
21976
21977
21978
21988
21989
21990
21991
21992
21993
21994
21995
21996
21997
21998
21999
22000
22001
22002
22003
22004
22005
22006
22007
22030
22033
22042
22052
22053
22054
22055
22056
22057
22058
22059
22060
22061
22062
22063
22064
22065
22066
22067
22068
22069
22070
22071
22072
22082
22351
22354
22363
22618
22619
22620
22621
22622
22623
22624
22625
22626
22627
22628
22629
22630
22631
22632
22633
22634
22635
22636
22637
22638
22639
23155
23157
23158
23160
23161
23162
23164
23165
23166
23167
23169
23170
23171
23172
23173
23175
23176
23177
23178
23179
23180
23182
23183
23184
23185
23186
23187
23188
23190
23191
23192
23193
23194
23195
23196
23197
23199
23200
23201
23202
23203
23204
23205
23206
23207
23209
23210
23211
23212
23213
23214
23215
23216
23217
23218
23220
23221
23222
23223
23224
23225
23226
23227
23228
23229
23230
23313
23314
23315
23316
23317
23318
23319
23320
23321
23322
23323
23324
23367
23372
23375
23376
23377
23378
23379
23380
23381
23382
23383
23384
23385
23429
23434
23437
23438
23439
23440
23441
23442
23443
23444
23445
23446
23447
23448
23459
23462
23463
23464
23465
23466
23467
23468
23469
23470
23471
23472
23473
23474
23475
23484
23485
23486
23487
23488
23489
23490
23491
23492
23493
23494
23495
23496
23497
23498
23499
23507
23508
23509
23510
23511
23512
23513
23514
23515
23516
23517
23518
23519
23520
23521
23522
23523
23524
23589
23596
23597
23598
23599
23600
23601
23602
23603
23604
23605
23606
23607
23608
23609
23610
23611
23612
23613
23614
23615
23625
23626
23627
23628
23629
23630
23631
23632
23633
23634
23635
23636
23637
23638
23639
23640
23641
23642
23643
23644
23645
23667
23670
23679
23687
23688
23689
23690
23691
23692
23693
23694
23695
23696
23697
23698
23699
23700
23701
23702
23703
23704
23705
23706
23707
23708
24006
24010
24013
24286
24287
24288
24289
24290
24291
24292
24293
24294
24295
24296
24297
24298
24299
24300
24301
24302
24303
24304
24305
24306
24307
24849
24851
24852
24854
24855
24856
24858
24859
24860
24861
24863
24864
24865
24866
24867
24869
24870
24871
24872
24873
24874
24876
24877
24878
24879
24880
24881
24882
24884
24885
24886
24887
24888
24889
24890
24891
24893
24894
24895
24896
24897
24898
24899
24900
24901
24903
24904
24905
24906
24907
24908
24909
24910
24911
24912
24914
24915
24916
24917
24918
24919
24920
24921
24922
24923
24924
24926
24927
24928
24929
24930
24931
24932
24933
24934
24935
24936
24937
25031
25032
25033
25034
25035
25036
25037
25038
25039
25040
25041
25042
25043
25082
25087
25092
25094
25095
25096
25097
25098
25099
25100
25101
25102
25103
25104
25144
25149
25152
25153
25154
25155
25156
25157
25158
25159
25160
25161
25162
25163
25164
25175
25176
25177
25178
25179
25180
25181
25182
25183
25184
25185
25186
25187
25188
25189
25190
25198
25199
25200
25201
25202
25203
25204
25205
25206
25207
25208
25209
25210
25211
25212
25213
25214
25215
25223
25224
25225
25226
25227
25228
25229
25230
25231
25232
25233
25234
25235
25236
25237
25238
25239
25240
25241
25300
25304
25309
25310
25311
25312
25313
25314
25315
25316
25317
25318
25319
25320
25321
25322
25323
25324
25325
25326
25327
25328
25329
25339
25340
25341
25342
25343
25344
25345
25346
25347
25348
25349
25350
25351
25352
25353
25354
25355
25356
25357
25358
25359
25360
25378
25382
25385
25398
25399
25400
25401
25402
25403
25404
25405
25406
25407
25408
25409
25410
25411
25412
25413
25414
25415
25416
25417
25418
25419
25746
25747
25749
26037
26038
26039
26040
26041
26042
26043
26044
26045
26046
26047
26048
26049
26050
26051
26052
26053
26054
26055
26056
26057
26058
26642
26644
26645
26647
26648
26649
26651
26652
26653
26654
26656
26657
26658
26659
26660
26662
26663
26664
26665
26666
26667
26669
26670
26671
26672
26673
26674
26675
26677
26678
26679
26680
26681
26682
26683
26684
26686
26687
26688
26689
26690
26691
26692
26693
26694
26696
26697
26698
26699
26700
26701
26702
26703
26704
26705
26707
26708
26709
26710
26711
26712
26713
26714
26715
26716
26717
26719
26720
26721
26722
26723
26724
26725
26726
26727
26728
26729
26730
26732
26733
26734
26735
26736
26737
26738
26739
26740
26741
26742
26743
26744
26855
26856
26857
26858
26859
26860
26861
26862
26863
26864
26865
26866
26867
26868
26906
26911
26916
26919
26920
26921
26922
26923
26924
26925
26926
26927
26928
26929
26930
26966
26969
26972
26973
26974
26975
26976
26977
26978
26979
26980
26981
26982
26983
26984
26985
26995
26996
26997
26998
26999
27000
27001
27002
27003
27004
27005
27006
27007
27008
27009
27010
27011
27012
27020
27021
27022
27023
27024
27025
27026
27027
27028
27029
27030
27031
27032
27033
27034
27035
27036
27037
27038
27046
27047
27048
27049
27050
27051
27052
27053
27054
27055
27056
27057
27058
27059
27060
27061
27062
27063
27064
27065
27126
27127
27128
27131
27132
27133
27134
27135
27136
27137
27138
27139
27140
27141
27142
27143
27144
27145
27146
27147
27148
27149
27150
27151
27152
27162
27163
27164
27165
27166
27167
27168
27169
27170
27171
27172
27173
27174
27175
27176
27177
27178
27179
27180
27181
27182
27183
27201
27202
27203
27215
27216
27217
27218
27219
27220
27221
27222
27223
27224
27225
27226
27227
27228
27229
27230
27231
27232
27233
27234
27235
27236
27587
27588
27589
27898
27899
27900
27901
27902
27903
27904
27905
27906
27907
27908
27909
27910
27911
27912
27913
27914
27915
27916
27917
27918
28533
28535
28536
28538
28539
28540
28542
28543
28544
28545
28547
28548
28549
28550
28551
28553
28554
28555
28556
28557
28558
28560
28561
28562
28563
28564
28565
28566
28568
28569
28570
28571
28572
28573
28574
28575
28577
28578
28579
28580
28581
28582
28583
28584
28585
28587
28588
28589
28590
28591
28592
28593
28594
28595
28596
28598
28599
28600
28601
28602
28603
28604
28605
28606
28607
28608
28612
28613
28614
28615
28616
28617
28618
28619
28620
28621
28622
28623
28625
28626
28627
28628
28629
28630
28631
28632
28633
28634
28635
28636
28637
28639
28640
28641
28642
28643
28644
28645
28646
28647
28648
28649
28650
28651
28652
28776
28777
28778
28779
28780
28781
28782
28783
28784
28785
28786
28787
28788
28789
28790
28826
28831
28836
28839
28840
28841
28842
28843
28844
28845
28846
28847
28848
28849
28850
28851
28883
28884
28887
28888
28889
28890
28891
28892
28893
28894
28895
28896
28897
28898
28899
28900
28901
28902
28910
28911
28912
28913
28914
28915
28916
28917
28918
28919
28920
28921
28922
28923
28924
28925
28926
28927
28928
28936
28937
28938
28939
28940
28941
28942
28943
28944
28945
28946
28947
28948
28949
28950
28951
28952
28953
28954
28955
28963
28964
28965
28966
28967
28968
28969
28970
28971
28972
28973
28974
28975
28976
28977
28978
28979
28980
28981
28982
28983
29047
29048
29049
29050
29051
29052
29053
29054
29055
29056
29057
29058
29059
29060
29061
29062
29063
29064
29065
29066
29067
29068
29069
29070
29071
29072
29082
29083
29084
29085
29086
29087
29088
29089
29090
29091
29092
29093
29094
29095
29096
29097
29098
29099
29100
29101
29102
29103
29122
29123
29124
29134
29135
29136
29137
29138
29139
29140
29141
29142
29143
29144
29145
29146
29147
29148
29149
29150
29151
29152
29153
29154
29530
29531
29532
29864
29865
29866
29867
29868
29869
29870
29871
29872
29873
29874
29875
29876
29877
29878
29879
29880
29881
29882
29883
30535
30537
30538
30540
30541
30542
30544
30545
30546
30547
30549
30550
30551
30552
30553
30555
30556
30557
30558
30559
30560
30562
30563
30564
30565
30566
30567
30568
30570
30571
30572
30573
30574
30575
30576
30577
30579
30580
30581
30582
30583
30584
30585
30586
30587
30589
30590
30591
30592
30593
30594
30595
30596
30597
30598
30600
30601
30602
30603
30604
30605
30606
30607
30608
30609
30610
30614
30615
30616
30617
30618
30619
30620
30621
30622
30623
30624
30625
30631
30632
30633
30634
30635
30636
30637
30638
30639
30640
30641
30642
30643
30645
30646
30647
30648
30649
30650
30651
30652
30653
30654
30655
30656
30657
30658
30662
30663
30664
30665
30666
30667
30668
30669
30670
30671
30672
30673
30674
30675
30676
30807
30810
30811
30812
30813
30814
30815
30816
30817
30818
30819
30820
30821
30822
30823
30824
30855
30856
30861
30864
30867
30868
30869
30870
30871
30872
30873
30874
30875
30876
30877
30878
30879
30880
30908
30909
30910
30911
30912
30913
30914
30915
30916
30917
30918
30919
30920
30921
30922
30923
30924
30925
30926
30934
30935
30936
30937
30938
30939
30940
30941
30942
30943
30944
30945
30946
30947
30948
30949
30950
30951
30952
30953
30961
30962
30963
30964
30965
30966
30967
30968
30969
30970
30971
30972
30973
30974
30975
30976
30977
30978
30979
30980
30981
30989
30990
30991
30992
30993
30994
30995
30996
30997
30998
30999
31000
31001
31002
31003
31004
31005
31006
31007
31008
31009
31010
31073
31076
31077
31078
31079
31080
31081
31082
31083
31084
31085
31086
31087
31088
31089
31090
31091
31092
31093
31094
31095
31096
31097
31098
31099
31100
31110
31111
31112
31113
31114
31115
31116
31117
31118
31119
31120
31121
31122
31123
31124
31125
31126
31127
31128
31129
31130
31147
31148
31149
31156
31157
31158
31159
31160
31161
31162
31163
31164
31165
31166
31167
31168
31169
31170
31171
31172
31173
31174
31175
31576
31577
31578
31932
31933
31934
31935
31936
31937
31938
31939
31940
31941
31942
31943
31944
31945
31946
31947
31948
31949
31950
31951
32630
32632
32633
32635
32636
32637
32639
32640
32641
32642
32644
32645
32646
32647
32648
32650
32651
32652
32653
32654
32655
32657
32658
32659
32660
32661
32662
32663
32665
32666
32667
32668
32669
32670
32671
32672
32674
32675
32676
32677
32678
32679
32680
32681
32682
32684
32685
32686
32687
32688
32689
32690
32691
32692
32693
32697
32698
32699
32700
32701
32702
32703
32704
32705
32706
32707
32709
32710
32711
32712
32713
32714
32715
32716
32717
32718
32719
32720
32726
32727
32728
32729
32730
32731
32732
32733
32734
32735
32736
32737
32738
32744
32747
32748
32749
32750
32751
32752
32753
32754
32755
32756
32757
32758
32759
32763
32764
32765
32766
32767
32768
32769
32770
32771
32772
32773
32774
32775
32776
32777
32783
32784
32785
32786
32787
32788
32789
32790
32791
32792
32793
32794
32795
32796
32797
32798
32930
32931
32936
32939
32940
32941
32942
32943
32944
32945
32946
32947
32948
32949
32950
32951
32952
32953
32980
32981
32982
32985
32986
32987
32988
32989
32990
32991
32992
32993
32994
32995
32996
32997
32998
32999
33000
33027
33028
33029
33030
33031
33032
33033
33034
33035
33036
33037
33038
33039
33040
33041
33042
33043
33044
33045
33046
33054
33055
33056
33057
33058
33059
33060
33061
33062
33063
33064
33065
33066
33067
33068
33069
33070
33071
33072
33073
33074
33082
33083
33084
33085
33086
33087
33088
33089
33090
33091
33092
33093
33094
33095
33096
33097
33098
33099
33100
33101
33102
33103
33111
33112
33113
33114
33115
33116
33117
33118
33119
33120
33121
33122
33123
33124
33125
33126
33127
33128
33129
33130
33131
33132
33199
33200
33201
33202
33203
33204
33205
33206
33207
33208
33209
33210
33211
33212
33213
33214
33215
33216
33217
33218
33219
33220
33221
33222
33223
33234
33235
33236
33237
33238
33239
33240
33241
33242
33243
33244
33245
33246
33247
33248
33249
33250
33251
33252
33253
33270
33271
33272
33278
33279
33280
33281
33282
33283
33284
33285
33286
33287
33288
33289
33290
33291
33292
33293
33294
33295
33296
33297
33698
33700
33701
34072
34073
34074
34075
34076
34077
34078
34079
34080
34081
34082
34083
34084
34085
34086
34087
34088
34089
34090
34806
34808
34809
34811
34812
34813
34815
34816
34817
34818
34820
34821
34822
34823
34824
34826
34827
34828
34829
34830
34831
34833
34834
34835
34836
34837
34838
34839
34841
34842
34843
34844
34845
34846
34847
34848
34850
34851
34852
34853
34854
34855
34856
34857
34858
34860
34861
34862
34863
34864
34865
34866
34867
34868
34869
34873
34874
34875
34876
34877
34878
34879
34880
34881
34882
34883
34889
34890
34891
34892
34893
34894
34895
34896
34897
34898
34899
34900
34904
34905
34906
34907
34908
34909
34910
34911
34912
34913
34914
34915
34916
34922
34925
34926
34927
34928
34929
34930
34931
34932
34933
34934
34935
34936
34937
34942
34943
34948
34951
34952
34953
34954
34955
34956
34957
34958
34959
34960
34961
34962
34963
34969
34970
34971
34972
34973
34974
34975
34976
34977
34978
34979
34980
34981
34982
34983
34984
34993
34996
34997
34998
34999
35000
35001
35002
35003
35004
35005
35006
35007
35008
35009
35010
35011
35136
35137
35138
35143
35145
35146
35147
35148
35149
35150
35151
35152
35153
35154
35155
35156
35157
35158
35159
35185
35186
35187
35188
35189
35190
35191
35192
35193
35194
35195
35196
35197
35198
35199
35200
35201
35202
35203
35204
35231
35232
35233
35234
35235
35236
35237
35238
35239
35240
35241
35242
35243
35244
35245
35246
35247
35248
35249
35250
35251
35259
35260
35261
35262
35263
35264
35265
35266
35267
35268
35269
35270
35271
35272
35273
35274
35275
35276
35277
35278
35279
35280
35288
35289
35290
35291
35292
35293
35294
35295
35296
35297
35298
35299
35300
35301
35302
35303
35304
35305
35306
35307
35308
35309
35317
35318
35319
35320
35321
35322
35323
35324
35325
35326
35327
35328
35329
35330
35331
35332
35333
35334
35335
35336
35337
35407
35410
35411
35412
35413
35414
35415
35416
35417
35418
35419
35420
35421
35422
35423
35424
35425
35426
35427
35428
35429
35430
35431
35432
35444
35445
35446
35447
35448
35449
35450
35451
35452
35453
35454
35455
35456
35457
35458
35459
35460
35461
35462
35463
35482
35483
35484
35487
35488
35489
35490
35491
35492
35493
35494
35495
35496
35497
35498
35499
35500
35501
35502
35503
35504
35505
35905
35907
36288
36289
36290
36291
36292
36293
36294
36295
36296
36297
36298
36299
36300
36301
36302
36303
36304
36305
37046
37048
37049
37051
37052
37053
37055
37056
37057
37058
37060
37061
37062
37063
37064
37066
37067
37068
37069
37070
37071
37073
37074
37075
37076
37077
37078
37079
37081
37082
37083
37084
37085
37086
37087
37088
37090
37091
37092
37093
37094
37095
37096
37097
37098
37100
37101
37102
37103
37104
37105
37106
37107
37108
37109
37113
37114
37115
37116
37117
37118
37119
37120
37121
37122
37123
37129
37130
37131
37132
37133
37134
37135
37136
37137
37138
37139
37140
37146
37149
37150
37151
37152
37153
37154
37155
37156
37157
37158
37159
37160
37166
37167
37168
37169
37170
37171
37172
37173
37174
37175
37176
37177
37178
37179
37185
37190
37193
37194
37195
37196
37197
37198
37199
37200
37201
37202
37203
37204
37205
37208
37209
37210
37215
37218
37219
37220
37221
37222
37223
37224
37225
37226
37227
37228
37229
37230
37239
37242
37243
37244
37245
37246
37247
37248
37249
37250
37251
37252
37253
37254
37255
37256
37257
37264
37265
37268
37269
37270
37271
37272
37273
37274
37275
37276
37277
37278
37279
37280
37281
37282
37283
37402
37403
37404
37405
37408
37409
37410
37411
37412
37413
37414
37415
37416
37417
37418
37419
37420
37421
37422
37423
37448
37449
37450
37451
37452
37453
37454
37455
37456
37457
37458
37459
37460
37461
37462
37463
37464
37465
37466
37467
37468
37495
37496
37497
37498
37499
37500
37501
37502
37503
37504
37505
37506
37507
37508
37509
37510
37511
37512
37513
37514
37515
37516
37524
37525
37526
37527
37528
37529
37530
37531
37532
37533
37534
37535
37536
37537
37538
37539
37540
37541
37542
37543
37544
37545
37553
37554
37555
37556
37557
37558
37559
37560
37561
37562
37563
37564
37565
37566
37567
37568
37569
37570
37571
37572
37573
37582
37583
37584
37585
37586
37587
37588
37589
37590
37591
37592
37593
37594
37595
37596
37597
37598
37599
37600
37601
37672
37674
37675
37676
37677
37678
37679
37680
37681
37682
37683
37684
37685
37686
37687
37688
37689
37690
37691
37692
37693
37694
37695
37707
37708
37709
37710
37711
37712
37713
37714
37715
37716
37717
37718
37719
37720
37721
37722
37723
37724
37725
37745
37746
37747
37748
37749
37750
37751
37752
37753
37754
37755
37756
37757
37758
37759
37760
37761
37762
37763
37764
38163
38166
38545
38546
38547
38548
38549
38550
38551
38552
38553
38554
38555
38556
38557
38558
38559
38560
38561
39318
39322
39323
39325
39326
39327
39329
39330
39331
39332
39334
39335
39336
39337
39338
39340
39341
39342
39343
39344
39345
39347
39348
39349
39350
39351
39352
39353
39355
39356
39357
39358
39359
39360
39361
39362
39364
39365
39366
39367
39368
39369
39370
39371
39372
39374
39375
39376
39377
39378
39379
39380
39381
39382
39383
39387
39388
39389
39390
39391
39392
39393
39394
39395
39396
39397
39403
39404
39405
39406
39407
39408
39409
39410
39411
39412
39413
39414
39420
39423
39424
39425
39426
39427
39428
39429
39430
39431
39432
39433
39434
39440
39445
39448
39449
39450
39451
39452
39453
39454
39455
39456
39457
39458
39459
39468
39471
39472
39473
39474
39475
39476
39477
39478
39479
39480
39481
39482
39483
39484
39485
39486
39490
39495
39498
39499
39500
39501
39502
39503
39504
39505
39506
39507
39508
39509
39510
39513
39514
39515
39516
39521
39522
39523
39524
39525
39526
39527
39528
39529
39530
39531
39532
39533
39534
39536
39542
39545
39546
39547
39548
39549
39550
39551
39552
39553
39554
39555
39556
39557
39558
39559
39560
39567
39568
39571
39572
39573
39574
39575
39576
39577
39578
39579
39580
39581
39582
39583
39584
39585
39586
39698
39699
39700
39701
39702
39703
39704
39705
39706
39707
39708
39709
39710
39711
39712
39713
39714
39715
39716
39717
39718
39743
39744
39745
39746
39747
39748
39749
39750
39751
39752
39753
39754
39755
39756
39757
39758
39759
39760
39761
39762
39763
39764
39791
39792
39793
39794
39795
39796
39797
39798
39799
39800
39801
39802
39803
39804
39805
39806
39807
39808
39809
39810
39811
39812
39820
39821
39822
39823
39824
39825
39826
39827
39828
39829
39830
39831
39832
39833
39834
39835
39836
39837
39838
39839
39840
39849
39850
39851
39852
39853
39854
39855
39856
39857
39858
39859
39860
39861
39862
39863
39864
39865
39866
39867
39868
39878
39879
39880
39881
39882
39883
39884
39885
39886
39887
39888
39889
39890
39891
39892
39893
39894
39895
39896
39897
39957
39967
39968
39969
39970
39971
39972
39973
39974
39975
39976
39977
39978
39979
39980
39981
39982
39983
39984
39985
39986
39987
40000
40001
40002
40003
40004
40005
40006
40007
40008
40009
40010
40011
40012
40013
40014
40015
40016
40017
40035
40038
40039
40040
40041
40042
40043
40044
40045
40046
40047
40048
40049
40050
40051
40052
40053
40054
40055
40487
40488
40862
40863
40864
40865
40866
40867
40868
40869
40870
40871
40872
40873
40874
40875
40876
40877
41652
41660
41661
41665
41666
41667
41669
41670
41671
41672
41674
41675
41676
41677
41678
41680
41681
41682
41683
41684
41685
41687
41688
41689
41690
41691
41692
41693
41695
41696
41697
41698
41699
41700
41701
41702
41704
41705
41706
41707
41708
41709
41710
41711
41712
41714
41715
41716
41717
41718
41719
41720
41721
41722
41723
41727
41728
41729
41730
41731
41732
41733
41734
41735
41736
41737
41743
41744
41745
41746
41747
41748
41749
41750
41751
41752
41753
41754
41760
41763
41764
41765
41766
41767
41768
41769
41770
41771
41772
41773
41774
41780
41785
41788
41789
41790
41791
41792
41793
41794
41795
41796
41797
41798
41799
41802
41803
41808
41813
41816
41817
41818
41819
41820
41821
41822
41823
41824
41825
41826
41827
41829
41835
41838
41839
41840
41841
41842
41843
41844
41845
41846
41847
41848
41849
41850
41851
41852
41853
41854
41858
41863
41865
41866
41867
41868
41869
41870
41871
41872
41873
41874
41875
41876
41877
41880
41881
41882
41883
41884
41885
41886
41887
41888
41889
41890
41891
41892
41893
41894
41895
41896
41897
41898
41900
41906
41909
41910
41911
41912
41913
41914
41915
41916
41917
41918
41919
41920
41921
41922
41923
41924
41931
41932
41935
41936
41937
41938
41939
41940
41941
41942
41943
41944
41945
41946
41947
41948
41949
41950
42056
42057
42058
42059
42060
42061
42062
42063
42064
42065
42066
42067
42068
42069
42070
42071
42072
42073
42074
42075
42076
42077
42102
42103
42104
42105
42106
42107
42108
42109
42110
42111
42112
42113
42114
42115
42116
42117
42118
42119
42120
42121
42122
42123
42150
42151
42152
42153
42154
42155
42156
42157
42158
42159
42160
42161
42162
42163
42164
42165
42166
42167
42168
42169
42170
42179
42180
42181
42182
42183
42184
42185
42186
42187
42188
42189
42190
42191
42192
42193
42194
42195
42196
42197
42198
42208
42209
42210
42211
42212
42213
42214
42215
42216
42217
42218
42219
42220
42221
42222
42223
42224
42225
42226
42227
42237
42238
42239
42240
42241
42242
42243
42244
42245
42246
42247
42248
42249
42250
42251
42252
42253
42254
42255
42319
42320
42325
42326
42327
42328
42329
42330
42331
42332
42333
42334
42335
42336
42337
42338
42339
42340
42341
42342
42343
42357
42358
42359
42360
42361
42362
42363
42364
42365
42366
42367
42368
42369
42370
42371
42372
42373
42392
42393
42394
42395
42396
42397
42398
42399
42400
42401
42402
42403
42404
42405
42406
42407
42408
42409
42873
42874
43240
43241
43242
43243
43244
43245
43246
43247
43248
43249
43250
43251
43252
43253
43254
44034
44041
44042
44051
44053
44054
44058
44059
44060
44061
44063
44064
44065
44066
44067
44069
44070
44071
44072
44073
44074
44076
44077
44078
44079
44080
44081
44082
44084
44085
44086
44087
44088
44089
44090
44091
44093
44094
44095
44096
44097
44098
44099
44100
44101
44103
44104
44105
44106
44107
44108
44109
44110
44111
44112
44116
44117
44118
44119
44120
44121
44122
44123
44124
44125
44126
44132
44133
44134
44135
44136
44137
44138
44139
44140
44141
44142
44143
44149
44152
44153
44154
44155
44156
44157
44158
44159
44160
44161
44162
44163
44169
44174
44177
44178
44179
44180
44181
44182
44183
44184
44185
44186
44187
44188
44193
44194
44199
44204
44207
44208
44209
44210
44211
44212
44213
44214
44215
44216
44217
44218
44219
44220
44221
44226
44231
44234
44235
44236
44237
44238
44239
44240
44241
44242
44243
44244
44245
44247
44253
44256
44257
44258
44259
44260
44261
44262
44263
44264
44265
44266
44267
44268
44269
44270
44271
44272
44273
44277
44280
44281
44282
44283
44284
44285
44286
44287
44288
44289
44290
44291
44292
44293
44294
44295
44296
44297
44298
44299
44300
44301
44302
44303
44304
44305
44306
44307
44308
44309
44310
44311
44312
44313
44315
44321
44324
44325
44326
44327
44328
44329
44330
44331
44332
44333
44334
44335
44336
44337
44338
44339
44346
44347
44350
44351
44352
44353
44354
44355
44356
44357
44358
44359
44360
44361
44362
44363
44364
44365
44464
44465
44466
44467
44468
44469
44470
44471
44472
44473
44474
44475
44476
44477
44478
44479
44480
44481
44482
44483
44484
44485
44510
44511
44512
44513
44514
44515
44516
44517
44518
44519
44520
44521
44522
44523
44524
44525
44526
44527
44528
44529
44530
44558
44559
44560
44561
44562
44563
44564
44565
44566
44567
44568
44569
44570
44571
44572
44573
44574
44575
44576
44577
44587
44588
44589
44590
44591
44592
44593
44594
44595
44596
44597
44598
44599
44600
44601
44602
44603
44604
44605
44606
44616
44617
44618
44619
44620
44621
44622
44623
44624
44625
44626
44627
44628
44629
44630
44631
44632
44633
44634
44645
44646
44647
44648
44649
44650
44651
44652
44653
44654
44655
44656
44657
44658
44659
44660
44661
44662
44730
44731
44732
44736
44737
44738
44739
44740
44741
44742
44743
44744
44745
44746
44747
44748
44749
44750
44751
44752
44767
44768
44769
44770
44771
44772
44773
44774
44775
44776
44777
44778
44779
44780
44781
44782
44803
44804
44805
44806
44807
44808
44809
44810
44811
44812
44813
44814
44815
44816
44817
44818
44819
45312
45313
45670
45671
45672
45673
45674
45675
45676
45677
45678
45679
45680
45681
45682
45683
46457
46458
46468
46472
46473
46482
46485
46487
46488
46492
46493
46494
46495
46496
46498
46499
46500
46501
46502
46503
46505
46506
46507
46508
46509
46510
46511
46513
46514
46515
46516
46517
46518
46519
46520
46522
46523
46524
46525
46526
46527
46528
46529
46530
46532
46533
46534
46535
46536
46537
46538
46539
46540
46541
46545
46546
46547
46548
46549
46550
46551
46552
46553
46554
46555
46561
46562
46563
46564
46565
46566
46567
46568
46569
46570
46571
46572
46578
46581
46582
46583
46584
46585
46586
46587
46588
46589
46590
46591
46592
46598
46603
46606
46607
46608
46609
46610
46611
46612
46613
46614
46615
46616
46617
46622
46623
46628
46633
46636
46637
46638
46639
46640
46641
46642
46643
46644
46645
46646
46647
46649
46650
46651
46656
46661
46664
46665
46666
46667
46668
46669
46670
46671
46672
46673
46674
46675
46676
46677
46678
46679
46684
46689
46690
46691
46692
46693
46694
46695
46696
46697
46698
46699
46700
46701
46703
46709
46712
46713
46714
46715
46716
46717
46718
46719
46720
46721
46722
46723
46724
46725
46726
46727
46728
46729
46730
46731
46732
46733
46734
46735
46736
46737
46738
46739
46740
46741
46742
46743
46744
46745
46746
46747
46748
46749
46750
46751
46752
46753
46754
46755
46756
46757
46758
46759
46760
46761
46762
46763
46764
46765
46767
46773
46776
46777
46778
46779
46780
46781
46782
46783
46784
46785
46786
46787
46788
46789
46790
46791
46798
46799
46800
46801
46802
46803
46804
46805
46806
46807
46808
46809
46810
46811
46812
46813
46814
46815
46908
46909
46910
46911
46912
46913
46914
46915
46916
46917
46918
46919
46920
46921
46922
46923
46924
46925
46926
46927
46928
46954
46955
46956
46957
46958
46959
46960
46961
46962
46963
46964
46965
46966
46967
46968
46969
46970
46971
46972
46973
47002
47003
47004
47005
47006
47007
47008
47009
47010
47011
47012
47013
47014
47015
47016
47017
47018
47019
47020
47021
47031
47032
47033
47034
47035
47036
47037
47038
47039
47040
47041
47042
47043
47044
47045
47046
47047
47048
47049
47060
47061
47062
47063
47064
47065
47066
47067
47068
47069
47070
47071
47072
47073
47074
47075
47076
47077
47089
47090
47091
47092
47093
47094
47095
47096
47097
47098
47099
47100
47101
47102
47103
47104
47105
47176
47177
47178
47181
47182
47183
47184
47185
47186
47187
47188
47189
47190
47191
47192
47193
47194
47195
47196
47212
47213
47214
47215
47216
47217
47218
47219
47220
47221
47222
47223
47224
47225
47226
47247
47248
47249
47250
47251
47252
47253
47254
47255
47256
47257
47258
47259
47260
47261
47262
47779
47782
48134
48135
48136
48137
48138
48139
48140
48141
48142
48143
48144
48145
48146
48908
48909
48910
48920
48927
48931
48932
48941
48944
48947
48949
48950
48954
48955
48956
48957
48958
48959
48961
48962
48963
48964
48965
48966
48967
48969
48970
48971
48972
48973
48974
48975
48976
48978
48979
48980
48981
48982
48983
48984
48985
48986
48988
48989
48990
48991
48992
48993
48994
48995
48996
48997
49001
49002
49003
49004
49005
49006
49007
49008
49009
49010
49011
49017
49018
49019
49020
49021
49022
49023
49024
49025
49026
49027
49028
49034
49037
49038
49039
49040
49041
49042
49043
49044
49045
49046
49047
49048
49054
49059
49062
49063
49064
49065
49066
49067
49068
49069
49070
49071
49072
49073
49078
49079
49084
49089
49092
49093
49094
49095
49096
49097
49098
49099
49100
49101
49102
49103
49106
49107
49108
49113
49118
49121
49122
49123
49124
49125
49126
49127
49128
49129
49130
49131
49132
49134
49135
49136
49137
49142
49147
49149
49150
49151
49152
49153
49154
49155
49156
49157
49158
49159
49160
49161
49162
49163
49164
49165
49167
49169
49170
49171
49172
49173
49174
49175
49176
49177
49178
49179
49180
49181
49183
49189
49192
49193
49194
49195
49196
49197
49198
49199
49200
49201
49202
49203
49204
49205
49206
49207
49208
49209
49210
49211
49212
49213
49214
49215
49216
49217
49218
49219
49220
49221
49222
49223
49224
49225
49226
49227
49228
49229
49230
49231
49232
49233
49234
49235
49236
49237
49238
49239
49240
49241
49242
49243
49244
49245
49247
49253
49254
49255
49256
49257
49258
49259
49260
49261
49262
49263
49264
49265
49266
49267
49268
49269
49272
49273
49274
49275
49276
49277
49278
49279
49280
49281
49282
49283
49284
49285
49286
49287
49288
49380
49381
49382
49383
49384
49385
49386
49387
49388
49389
49390
49391
49392
49393
49394
49395
49396
49397
49398
49399
49426
49427
49428
49429
49430
49431
49432
49433
49434
49435
49436
49437
49438
49439
49440
49441
49442
49443
49444
49445
49474
49475
49476
49477
49478
49479
49480
49481
49482
49483
49484
49485
49486
49487
49488
49489
49490
49491
49492
49503
49504
49505
49506
49507
49508
49509
49510
49511
49512
49513
49514
49515
49516
49517
49518
49519
49520
49532
49533
49534
49535
49536
49537
49538
49539
49540
49541
49542
49543
49544
49545
49546
49547
49548
49561
49562
49563
49564
49565
49566
49567
49568
49569
49570
49571
49572
49573
49574
49575
49576
49648
49651
49652
49654
49655
49656
49657
49658
49659
49660
49661
49662
49663
49664
49665
49666
49667
49668
49685
49686
49687
49688
49689
49690
49691
49692
49693
49694
49695
49696
49697
49698
49719
49720
49721
49722
49723
49724
49725
49726
49727
49728
49729
49730
49731
49732
49733
50267
50272
50618
50619
50620
50621
50622
50623
50624
50625
50626
50627
50628
50629
51377
51378
51379
51380
51391
51397
51404
51408
51409
51418
51421
51424
51427
51429
51430
51434
51435
51436
51437
51438
51439
51440
51442
51443
51444
51445
51446
51447
51448
51449
51451
51452
51453
51454
51455
51456
51457
51458
51459
51461
51462
51463
51464
51465
51466
51467
51468
51469
51470
51474
51475
51476
51477
51478
51479
51480
51481
51482
51483
51484
51490
51491
51492
51493
51494
51495
51496
51497
51498
51499
51500
51501
51507
51510
51511
51512
51513
51514
51515
51516
51517
51518
51519
51520
51521
51527
51532
51535
51536
51537
51538
51539
51540
51541
51542
51543
51544
51545
51546
51551
51552
51557
51562
51565
51566
51567
51568
51569
51570
51571
51572
51573
51574
51575
51576
51579
51580
51581
51586
51591
51594
51595
51596
51597
51598
51599
51600
51601
51602
51603
51604
51605
51608
51609
51610
51611
51616
51621
51624
51625
51626
51627
51628
51629
51630
51631
51632
51633
51634
51635
51637
51638
51639
51640
51641
51645
51649
51650
51651
51652
51653
51654
51655
51656
51657
51658
51659
51660
51661
51662
51663
51664
51665
51666
51667
51668
51669
51670
51671
51672
51673
51674
51675
51676
51677
51678
51679
51680
51682
51688
51689
51690
51691
51692
51693
51694
51695
51696
51697
51698
51699
51700
51701
51702
51703
51704
51705
51706
51707
51708
51709
51710
51711
51712
51713
51714
51715
51716
51717
51718
51719
51720
51721
51722
51723
51724
51725
51726
51727
51728
51729
51730
51731
51732
51733
51734
51735
51736
51737
51738
51739
51740
51741
51742
51744
51746
51747
51748
51749
51750
51751
51752
51753
51754
51755
51756
51757
51758
51759
51760
51761
51763
51764
51765
51766
51767
51768
51769
51770
51771
51772
51773
51774
51775
51776
51777
51778
51871
51872
51873
51874
51875
51876
51877
51878
51879
51880
51881
51882
51883
51884
51885
51886
51887
51888
51889
51890
51917
51918
51919
51920
51921
51922
51923
51924
51925
51926
51927
51928
51929
51930
51931
51932
51933
51934
51935
51965
51966
51967
51968
51969
51970
51971
51972
51973
51974
51975
51976
51977
51978
51979
51980
51981
51982
51994
51995
51996
51997
51998
51999
52000
52001
52002
52003
52004
52005
52006
52007
52008
52009
52010
52023
52024
52025
52026
52027
52028
52029
52030
52031
52032
52033
52034
52035
52036
52037
52038
52052
52053
52054
52055
52056
52057
52058
52059
52060
52061
52062
52063
52064
52065
52066
52139
52142
52144
52145
52146
52147
52148
52149
52150
52151
52152
52153
52154
52155
52156
52157
52158
52176
52177
52178
52179
52180
52181
52182
52183
52184
52185
52186
52187
52188
52210
52211
52212
52213
52214
52215
52216
52217
52218
52219
52220
52221
52222
52223
52793
52798
53142
53143
53144
53145
53146
53147
53148
53149
53150
53151
53152
53886
53887
53888
53889
53890
53901
53908
53914
53921
53925
53926
53933
53936
53939
53942
53945
53947
53948
53952
53953
53954
53955
53956
53957
53958
53959
53961
53962
53963
53964
53965
53966
53967
53968
53969
53971
53972
53973
53974
53975
53976
53977
53978
53979
53980
53984
53985
53986
53987
53988
53989
53990
53991
53992
53993
53994
54000
54001
54002
54003
54004
54005
54006
54007
54008
54009
54010
54011
54017
54020
54021
54022
54023
54024
54025
54026
54027
54028
54029
54030
54031
54037
54042
54045
54046
54047
54048
54049
54050
54051
54052
54053
54054
54055
54056
54061
54062
54067
54072
54075
54076
54077
54078
54079
54080
54081
54082
54083
54084
54085
54086
54089
54090
54091
54096
54101
54104
54105
54106
54107
54108
54109
54110
54111
54112
54113
54114
54115
54118
54119
54120
54121
54126
54131
54132
54133
54134
54135
54136
54137
54138
54139
54140
54141
54142
54143
54146
54147
54148
54149
54150
54155
54160
54161
54162
54163
54164
54165
54166
54167
54168
54169
54170
54171
54172
54173
54174
54175
54176
54177
54179
54180
54181
54182
54183
54184
54185
54186
54187
54188
54189
54190
54191
54192
54193
54194
54195
54196
54197
54198
54199
54200
54201
54202
54203
54204
54205
54206
54207
54208
54209
54210
54211
54213
54215
54216
54217
54218
54219
54220
54221
54222
54223
54224
54225
54226
54227
54228
54229
54230
54231
54232
54233
54234
54235
54236
54237
54238
54239
54240
54241
54242
54243
54244
54245
54246
54247
54248
54249
54250
54251
54252
54253
54254
54255
54256
54257
54258
54259
54260
54261
54262
54263
54264
54265
54266
54267
54268
54269
54270
54271
54272
54273
54274
54275
54276
54277
54278
54279
54280
54281
54282
54283
54284
54285
54288
54289
54290
54291
54292
54293
54294
54295
54296
54297
54298
54299
54300
54301
54302
54396
54397
54398
54399
54400
54401
54402
54403
54404
54405
54406
54407
54408
54409
54410
54411
54412
54413
54414
54442
54443
54444
54445
54446
54447
54448
54449
54450
54451
54452
54453
54454
54455
54456
54457
54458
54459
54490
54491
54492
54493
54494
54495
54496
54497
54498
54499
54500
54501
54502
54503
54504
54505
54506
54519
54520
54521
54522
54523
54524
54525
54526
54527
54528
54529
54530
54531
54532
54533
54534
54548
54549
54550
54551
54552
54553
54554
54555
54556
54557
54558
54559
54560
54561
54562
54577
54578
54579
54580
54581
54582
54583
54584
54585
54586
54587
54588
54589
54590
54664
54667
54669
54670
54671
54672
54673
54674
54675
54676
54677
54678
54679
54680
54681
54682
54701
54702
54703
54704
54705
54706
54707
54708
54709
54710
54711
54712
54735
54736
54737
54738
54739
54740
54741
54742
54743
54744
54745
54746
54747
55359
55364
55705
55706
55707
55708
55709
55710
55711
55712
55713
55714
56423
56424
56425
56426
56427
56428
56439
56446
56453
56459
56466
56470
56471
56477
56480
56483
56486
56489
56492
56493
56494
56498
56499
56500
56501
56502
56503
56504
56505
56506
56508
56509
56510
56511
56512
56513
56514
56515
56516
56517
56521
56522
56523
56524
56525
56526
56527
56528
56529
56530
56531
56537
56538
56539
56540
56541
56542
56543
56544
56545
56546
56547
56548
56554
56557
56558
56559
56560
56561
56562
56563
56564
56565
56566
56567
56568
56574
56579
56582
56583
56584
56585
56586
56587
56588
56589
56590
56591
56592
56593
56598
56599
56604
56609
56612
56613
56614
56615
56616
56617
56618
56619
56620
56621
56622
56623
56626
56627
56628
56633
56638
56641
56642
56643
56644
56645
56646
56647
56648
56649
56650
56651
56652
56655
56656
56657
56658
56663
56668
56669
56670
56671
56672
56673
56674
56675
56676
56677
56678
56679
56680
56683
56684
56685
56686
56687
56692
56695
56696
56697
56698
56699
56700
56701
56702
56703
56704
56705
56706
56707
56708
56709
56710
56711
56712
56715
56716
56717
56718
56719
56720
56721
56722
56723
56724
56725
56726
56727
56728
56729
56730
56731
56732
56733
56734
56735
56736
56737
56738
56739
56740
56741
56742
56743
56744
56745
56746
56747
56748
56749
56750
56751
56752
56753
56754
56755
56756
56757
56758
56759
56760
56761
56762
56763
56764
56765
56766
56767
56768
56769
56770
56771
56772
56773
56774
56775
56776
56777
56778
56779
56780
56781
56782
56783
56784
56785
56786
56787
56788
56789
56790
56791
56792
56793
56794
56795
56796
56797
56798
56799
56800
56801
56802
56803
56804
56805
56806
56807
56808
56809
56810
56811
56812
56813
56814
56815
56816
56817
56818
56819
56820
56821
56823
56824
56825
56826
56827
56828
56829
56830
56831
56832
56833
56834
56835
56836
56837
56841
56842
56843
56844
56845
56846
56847
56848
56849
56850
56851
56852
56853
56854
56949
56950
56951
56952
56953
56954
56955
56956
56957
56958
56959
56960
56961
56962
56963
56964
56965
56966
56995
56996
56997
56998
56999
57000
57001
57002
57003
57004
57005
57006
57007
57008
57009
57010
57011
57043
57044
57045
57046
57047
57048
57049
57050
57051
57052
57053
57054
57055
57056
57057
57058
57072
57073
57074
57075
57076
57077
57078
57079
57080
57081
57082
57083
57084
57085
57086
57101
57102
57103
57104
57105
57106
57107
57108
57109
57110
57111
57112
57113
57114
57130
57131
57132
57133
57134
57135
57136
57137
57138
57139
57140
57141
57142
57217
57220
57222
57223
57224
57225
57226
57227
57228
57229
57230
57231
57232
57233
57234
57254
57255
57256
57257
57258
57259
57260
57261
57262
57263
57264
57288
57289
57290
57291
57292
57293
57294
57295
57296
57297
57298
57299
57959
57964
58299
58300
58301
58302
58303
58304
58305
58306
58307
58982
58983
58984
58985
58986
58987
58988
58999
59006
59013
59020
59026
59033
59035
59036
59043
59045
59048
59051
59054
59057
59058
59059
59060
59064
59065
59066
59067
59068
59069
59070
59071
59072
59073
59077
59078
59079
59080
59081
59082
59083
59084
59085
59086
59087
59093
59094
59095
59096
59097
59098
59099
59100
59101
59102
59103
59104
59110
59113
59114
59115
59116
59117
59118
59119
59120
59121
59122
59123
59124
59130
59135
59138
59139
59140
59141
59142
59143
59144
59145
59146
59147
59148
59149
59154
59155
59160
59165
59168
59169
59170
59171
59172
59173
59174
59175
59176
59177
59178
59179
59182
59183
59184
59189
59194
59197
59198
59199
59200
59201
59202
59203
59204
59205
59206
59207
59208
59211
59212
59213
59214
59219
59224
59226
59227
59228
59229
59230
59231
59232
59233
59234
59235
59236
59237
59240
59241
59242
59243
59244
59249
59252
59253
59254
59255
59256
59257
59258
59259
59260
59261
59262
59263
59264
59265
59266
59267
59268
59269
59272
59273
59274
59275
59276
59277
59278
59279
59280
59281
59282
59283
59284
59285
59286
59287
59288
59289
59290
59291
59292
59293
59294
59295
59296
59297
59298
59299
59300
59301
59302
59303
59304
59305
59306
59307
59308
59309
59310
59311
59312
59313
59314
59315
59316
59317
59318
59319
59320
59321
59322
59323
59324
59325
59326
59327
59328
59329
59330
59331
59332
59333
59334
59335
59336
59337
59338
59339
59340
59341
59342
59343
59344
59345
59346
59347
59348
59349
59350
59351
59352
59353
59354
59355
59356
59357
59358
59359
59360
59361
59362
59363
59364
59365
59366
59367
59368
59369
59370
59371
59372
59373
59374
59375
59376
59377
59379
59380
59381
59382
59383
59384
59385
59386
59387
59388
59389
59390
59391
59392
59393
59394
59395
59396
59399
59400
59401
59402
59403
59404
59405
59406
59407
59408
59409
59410
59411
59412
59417
59418
59419
59420
59421
59422
59423
59424
59425
59426
59427
59428
59429
59525
59526
59527
59528
59529
59530
59531
59532
59533
59534
59535
59536
59537
59538
59539
59540
59541
59571
59572
59573
59574
59575
59576
59577
59578
59579
59580
59581
59582
59583
59584
59585
59586
59619
59620
59621
59622
59623
59624
59625
59626
59627
59628
59629
59630
59631
59632
59633
59648
59649
59650
59651
59652
59653
59654
59655
59656
59657
59658
59659
59660
59661
59677
59678
59679
59680
59681
59682
59683
59684
59685
59686
59687
59688
59689
59706
59707
59708
59709
59710
59711
59712
59713
59714
59715
59716
59717
59793
59796
59798
59799
59800
59801
59802
59803
59804
59805
59806
59807
59808
59809
59830
59831
59832
59833
59834
59835
59836
59837
59838
59839
59864
59865
59866
59867
59868
59869
59870
59871
59872
59873
59874
60593
60598
60931
60932
60933
60934
60935
60936
60937
60938
61570
61571
61572
61573
61574
61575
61576
61577
61588
61592
61599
61606
61613
61619
61622
61623
61624
61631
61634
61636
61639
61642
61645
61646
61647
61648
61649
61654
61655
61656
61657
61658
61659
61660
61661
61662
61663
61664
61670
61671
61672
61673
61674
61675
61676
61677
61678
61679
61680
61681
61687
61690
61691
61692
61693
61694
61695
61696
61697
61698
61699
61700
61701
61707
61712
61715
61716
61717
61718
61719
61720
61721
61722
61723
61724
61725
61726
61731
61732
61737
61742
61745
61746
61747
61748
61749
61750
61751
61752
61753
61754
61755
61756
61759
61760
61761
61766
61771
61774
61775
61776
61777
61778
61779
61780
61781
61782
61783
61784
61785
61788
61789
61790
61791
61796
61801
61804
61805
61806
61807
61808
61809
61810
61811
61812
61813
61814
61815
61818
61819
61820
61821
61822
61827
61831
61832
61833
61834
61835
61836
61837
61838
61839
61840
61841
61842
61843
61844
61845
61846
61847
61848
61851
61852
61853
61854
61855
61856
61857
61858
61859
61860
61861
61862
61863
61864
61865
61866
61867
61868
61869
61870
61871
61872
61873
61874
61875
61876
61877
61878
61879
61880
61881
61882
61883
61884
61885
61886
61887
61888
61889
61890
61891
61892
61893
61894
61895
61896
61897
61898
61899
61900
61901
61902
61903
61904
61905
61906
61907
61908
61909
61910
61911
61912
61913
61914
61915
61916
61917
61918
61919
61920
61921
61922
61923
61924
61925
61926
61927
61928
61929
61930
61931
61932
61933
61934
61935
61936
61937
61938
61939
61940
61941
61942
61943
61944
61945
61946
61947
61948
61949
61950
61951
61952
61953
61954
61955
61957
61958
61959
61960
61961
61962
61963
61964
61965
61966
61967
61968
61969
61970
61971
61972
61973
61974
61977
61978
61979
61980
61981
61982
61983
61984
61985
61986
61987
61988
61989
61990
61991
61992
61993
61997
61998
61999
62000
62001
62002
62003
62004
62005
62006
62007
62008
62009
62015
62016
62017
62018
62019
62020
62021
62022
62023
62024
62025
62026
62123
62124
62125
62126
62127
62128
62129
62130
62131
62132
62133
62134
62135
62136
62137
62138
62169
62170
62171
62172
62173
62174
62175
62176
62177
62178
62179
62180
62181
62182
62183
62217
62218
62219
62220
62221
62222
62223
62224
62225
62226
62227
62228
62229
62230
62246
62247
62248
62249
62250
62251
62252
62253
62254
62255
62256
62257
62258
62275
62276
62277
62278
62279
62280
62281
62282
62283
62284
62285
62286
62304
62305
62306
62307
62308
62309
62310
62311
62312
62313
62314
62391
62394
62396
62397
62398
62399
62400
62401
62402
62403
62404
62405
62406
62428
62429
62430
62431
62432
62433
62434
62435
62436
62462
62463
62464
62465
62466
62467
62468
62469
62470
62471
63252
63257
63587
63588
63589
63590
63591
63592
63593
64194
64195
64196
64197
64198
64199
64200
64201
64202
64215
64222
64226
64233
64240
64247
64250
64251
64252
64253
64260
64263
64266
64268
64271
64274
64275
64276
64277
64278
64279
64285
64287
64288
64289
64290
64291
64292
64293
64294
64295
64296
64297
64303
64306
64307
64308
64309
64310
64311
64312
64313
64314
64315
64316
64317
64323
64328
64331
64332
64333
64334
64335
64336
64337
64338
64339
64340
64341
64342
64347
64348
64353
64358
64361
64362
64363
64364
64365
64366
64367
64368
64369
64370
64371
64372
64375
64376
64377
64382
64387
64390
64391
64392
64393
64394
64395
64396
64397
64398
64399
64400
64401
64404
64405
64406
64407
64412
64417
64418
64419
64420
64421
64422
64423
64424
64425
64426
64427
64428
64429
64432
64433
64434
64435
64436
64441
64446
64447
64448
64449
64450
64451
64452
64453
64454
64455
64456
64457
64458
64459
64460
64461
64462
64463
64466
64467
64468
64469
64470
64471
64472
64473
64474
64475
64476
64477
64478
64479
64480
64481
64482
64483
64484
64485
64486
64487
64488
64489
64490
64491
64492
64493
64494
64495
64496
64497
64498
64499
64500
64501
64502
64503
64504
64505
64506
64507
64508
64509
64510
64511
64512
64513
64514
64515
64516
64517
64518
64519
64520
64521
64522
64523
64524
64525
64526
64527
64528
64529
64530
64531
64532
64533
64534
64535
64536
64537
64538
64539
64540
64541
64542
64543
64544
64545
64546
64547
64548
64549
64550
64551
64552
64553
64554
64555
64556
64557
64558
64559
64560
64561
64562
64563
64564
64565
64566
64567
64568
64569
64570
64571
64572
64573
64575
64576
64577
64578
64579
64580
64581
64582
64583
64584
64585
64586
64587
64588
64591
64592
64593
64594
64595
64596
64597
64598
64599
64600
64601
64602
64603
64604
64605
64606
64607
64611
64612
64613
64614
64615
64616
64617
64618
64619
64620
64621
64622
64623
64624
64625
64626
64631
64632
64633
64634
64635
64636
64637
64638
64639
64640
64641
64642
64649
64650
64651
64652
64653
64654
64655
64656
64657
64658
64659
64757
64758
64759
64760
64761
64762
64763
64764
64765
64766
64767
64768
64769
64770
64771
64803
64804
64805
64806
64807
64808
64809
64810
64811
64812
64813
64814
64815
64816
64851
64852
64853
64854
64855
64856
64857
64858
64859
64860
64861
64862
64863
64880
64881
64882
64883
64884
64885
64886
64887
64888
64889
64890
64891
64909
64910
64911
64912
64913
64914
64915
64916
64917
64918
64919
64938
64939
64940
64941
64942
64943
64944
64945
64946
64947
65025
65028
65030
65031
65032
65033
65034
65035
65036
65037
65038
65039
65062
65063
65064
65065
65066
65067
65068
65069
65096
65097
65098
65099
65100
65101
65102
65103
65104
65931
65932
65937
66268
66269
66270
66271
66272
66273
66848
66849
66850
66851
66852
66853
66854
66855
66856
66857
66870
66877
66884
66888
66895
66902
66905
66906
66907
66908
66909
66916
66920
66923
66926
66928
66931
66932
66933
66934
66935
66936
66937
66943
66947
66949
66950
66951
66952
66953
66954
66955
66956
66957
66958
66959
66965
66970
66973
66974
66975
66976
66977
66978
66979
66980
66981
66982
66983
66984
66989
66990
66995
67000
67003
67004
67005
67006
67007
67008
67009
67010
67011
67012
67013
67014
67017
67018
67019
67024
67029
67032
67033
67034
67035
67036
67037
67038
67039
67040
67041
67042
67043
67046
67047
67048
67049
67054
67059
67060
67061
67062
67063
67064
67065
67066
67067
67068
67069
67070
67071
67074
67075
67076
67077
67078
67083
67086
67087
67088
67089
67090
67091
67092
67093
67094
67095
67096
67097
67098
67099
67100
67101
67102
67103
67106
67107
67108
67109
67110
67111
67112
67113
67114
67115
67116
67117
67118
67119
67120
67121
67122
67123
67124
67125
67126
67127
67128
67129
67130
67131
67132
67133
67134
67135
67136
67137
67138
67139
67140
67141
67142
67143
67144
67145
67146
67147
67148
67149
67150
67151
67152
67153
67154
67155
67156
67157
67158
67159
67160
67161
67162
67163
67164
67165
67166
67167
67168
67169
67170
67171
67172
67173
67174
67175
67176
67177
67178
67179
67180
67181
67182
67183
67184
67185
67186
67187
67188
67189
67190
67191
67192
67193
67194
67195
67196
67197
67198
67199
67200
67201
67202
67203
67204
67205
67206
67207
67208
67209
67210
67211
67212
67213
67215
67216
67217
67218
67219
67220
67221
67222
67223
67224
67225
67226
67227
67228
67229
67230
67231
67234
67235
67236
67237
67238
67239
67240
67241
67242
67243
67244
67245
67246
67250
67251
67252
67253
67254
67255
67256
67257
67258
67259
67260
67261
67262
67263
67264
67265
67270
67271
67272
67273
67274
67275
67276
67277
67278
67279
67280
67281
67282
67283
67284
67290
67291
67292
67293
67294
67295
67296
67297
67298
67299
67300
67308
67309
67310
67311
67312
67313
67314
67315
67316
67317
67416
67417
67418
67419
67420
67421
67422
67423
67424
67425
67426
67427
67428
67429
67462
67463
67464
67465
67466
67467
67468
67469
67470
67471
67472
67473
67474
67510
67511
67512
67513
67514
67515
67516
67517
67518
67519
67520
67521
67539
67540
67541
67542
67543
67544
67545
67546
67547
67548
67549
67568
67569
67570
67571
67572
67573
67574
67575
67576
67577
67597
67598
67599
67600
67601
67602
67603
67604
67605
67684
67687
67689
67690
67691
67692
67693
67694
67695
67696
67697
67721
67722
67723
67724
67725
67726
67727
67754
67755
67756
67757
67758
67759
67760
67761
67762
68632
68633
68634
68964
68965
68966
68967
68968
69521
69522
69523
69524
69525
69526
69527
69528
69529
69530
69531
69544
69551
69558
69565
69569
69576
69579
69580
69581
69582
69583
69584
69591
69596
69600
69603
69606
69608
69609
69610
69611
69612
69613
69614
69615
69621
69626
69630
69632
69633
69634
69635
69636
69637
69638
69639
69640
69641
69642
69644
69645
69650
69655
69658
69659
69660
69661
69662
69663
69664
69665
69666
69667
69668
69669
69672
69673
69674
69679
69684
69687
69688
69689
69690
69691
69692
69693
69694
69695
69696
69697
69698
69701
69702
69703
69704
69709
69714
69716
69717
69718
69719
69720
69721
69722
69723
69724
69725
69726
69727
69730
69731
69732
69733
69734
69739
69742
69743
69744
69745
69746
69747
69748
69749
69750
69751
69752
69753
69754
69755
69756
69757
69758
69759
69762
69763
69764
69765
69766
69767
69768
69769
69770
69771
69772
69773
69774
69775
69776
69777
69778
69779
69780
69781
69782
69783
69784
69785
69786
69787
69788
69789
69790
69791
69792
69793
69794
69795
69796
69797
69798
69799
69800
69801
69802
69803
69804
69805
69806
69807
69808
69809
69810
69811
69812
69813
69814
69815
69816
69817
69818
69819
69820
69821
69822
69823
69824
69825
69826
69827
69828
69829
69830
69831
69832
69833
69834
69835
69836
69837
69838
69839
69840
69841
69842
69843
69844
69845
69846
69847
69848
69849
69850
69851
69852
69853
69854
69855
69856
69857
69858
69859
69860
69861
69862
69863
69864
69865
69866
69867
69868
69869
69871
69872
69873
69874
69875
69876
69877
69878
69879
69880
69881
69882
69883
69884
69885
69886
69887
69890
69891
69892
69893
69894
69895
69896
69897
69898
69899
69900
69901
69902
69903
69904
69905
69909
69910
69911
69912
69913
69914
69915
69916
69917
69918
69919
69920
69925
69926
69927
69928
69929
69930
69931
69932
69933
69934
69935
69936
69937
69938
69939
69945
69946
69947
69948
69949
69950
69951
69952
69953
69954
69955
69956
69957
69958
69965
69966
69967
69968
69969
69970
69971
69972
69973
69974
69983
69984
69985
69986
69987
69988
69989
69990
69991
70091
70092
70093
70094
70095
70096
70097
70098
70099
70100
70101
70102
70103
70137
70138
70139
70140
70141
70142
70143
70144
70145
70146
70147
70148
70185
70186
70187
70188
70189
70190
70191
70192
70193
70194
70195
70214
70215
70216
70217
70218
70219
70220
70221
70222
70223
70243
70244
70245
70246
70247
70248
70249
70250
70251
70272
70273
70274
70275
70276
70277
70278
70279
70356
70357
70359
70360
70361
70362
70363
70364
70365
70366
70391
70392
70393
70394
70395
70396
70422
70423
70424
70425
70426
70427
70428
70429
71369
71370
71371
71684
71685
71686
71687
72219
72220
72221
72222
72223
72224
72225
72226
72227
72228
72229
72230
72243
72250
72257
72264
72271
72275
72278
72279
72280
72281
72282
72283
72284
72290
72295
72300
72304
72307
72310
72311
72312
72313
72314
72315
72316
72317
72318
72320
72321
72326
72331
72335
72337
72338
72339
72340
72341
72342
72343
72344
72345
72346
72347
72352
72353
72354
72359
72364
72367
72368
72369
72370
72371
72372
72373
72374
72375
72376
72377
72378
72381
72382
72383
72384
72389
72394
72397
72398
72399
72400
72401
72402
72403
72404
72405
72406
72407
72408
72411
72412
72413
72414
72415
72420
72424
72425
72426
72427
72428
72429
72430
72431
72432
72433
72434
72435
72436
72437
72438
72439
72440
72441
72444
72445
72446
72447
72448
72449
72450
72451
72452
72453
72454
72455
72456
72457
72458
72459
72460
72461
72462
72463
72464
72465
72466
72467
72468
72469
72470
72471
72472
72473
72474
72475
72476
72477
72478
72479
72480
72481
72482
72483
72484
72485
72486
72487
72488
72489
72490
72491
72492
72493
72494
72495
72496
72497
72498
72499
72500
72501
72502
72503
72504
72505
72506
72507
72508
72509
72510
72511
72512
72513
72514
72515
72516
72517
72518
72519
72520
72521
72522
72523
72524
72525
72526
72527
72528
72529
72530
72531
72532
72533
72534
72535
72536
72537
72538
72539
72540
72541
72542
72543
72544
72545
72546
72547
72548
72549
72550
72551
72553
72554
72555
72556
72557
72558
72559
72560
72561
72562
72563
72564
72565
72566
72567
72568
72569
72572
72573
72574
72575
72576
72577
72578
72579
72580
72581
72582
72583
72584
72585
72586
72587
72591
72592
72593
72594
72595
72596
72597
72598
72599
72600
72601
72602
72603
72604
72605
72610
72611
72612
72613
72614
72615
72616
72617
72618
72619
72620
72626
72627
72628
72629
72630
72631
72632
72633
72634
72635
72636
72637
72638
72639
72646
72647
72648
72649
72650
72651
72652
72653
72654
72655
72656
72657
72658
72666
72667
72668
72669
72670
72671
72672
72673
72674
72684
72685
72686
72687
72688
72689
72690
72691
72792
72793
72794
72795
72796
72797
72798
72799
72800
72801
72802
72803
72838
72839
72840
72841
72842
72843
72844
72845
72846
72847
72848
72886
72887
72888
72889
72890
72891
72892
72893
72894
72895
72915
72916
72917
72918
72919
72920
72921
72922
72923
72944
72945
72946
72947
72948
72949
72950
72951
72973
72974
72975
72976
72977
72978
72979
73056
73057
73058
73059
73060
73061
73062
73063
73064
73090
73091
73092
73093
73094
73121
73122
73123
73124
73125
73126
73127
74143
74144
74145
74434
74435
74436
74964
74965
74966
74967
74968
74969
74970
74971
74972
74973
74974
74975
74976
74984
74991
74998
75005
75012
75019
75021
75022
75023
75024
75025
75026
75027
75028
75030
75031
75036
75041
75046
75050
75053
75054
75055
75056
75057
75058
75059
75060
75061
75062
75067
75068
75069
75074
75079
75083
75085
75086
75087
75088
75089
75090
75091
75092
75093
75094
75095
75098
75099
75100
75101
75106
75111
75114
75115
75116
75117
75118
75119
75120
75121
75122
75123
75124
75125
75128
75129
75130
75131
75132
75137
75142
75143
75144
75145
75146
75147
75148
75149
75150
75151
75152
75153
75154
75155
75156
75157
75158
75159
75162
75163
75164
75165
75166
75167
75168
75169
75170
75171
75172
75173
75174
75175
75176
75177
75178
75179
75180
75181
75182
75183
75184
75185
75186
75187
75188
75189
75190
75191
75192
75193
75194
75195
75196
75197
75198
75199
75200
75201
75202
75203
75204
75205
75206
75207
75208
75209
75210
75211
75212
75213
75214
75215
75216
75217
75218
75219
75220
75221
75222
75223
75224
75225
75226
75227
75228
75229
75230
75231
75232
75233
75234
75235
75236
75237
75238
75239
75240
75241
75242
75243
75244
75245
75246
75247
75248
75249
75250
75251
75252
75253
75254
75255
75256
75257
75258
75259
75260
75261
75262
75263
75264
75265
75266
75267
75268
75269
75271
75272
75273
75274
75275
75276
75277
75278
75279
75280
75281
75282
75283
75284
75285
75286
75287
75290
75291
75292
75293
75294
75295
75296
75297
75298
75299
75300
75301
75302
75303
75304
75305
75309
75310
75311
75312
75313
75314
75315
75316
75317
75318
75319
75320
75321
75322
75323
75328
75329
75330
75331
75332
75333
75334
75335
75336
75337
75338
75339
75340
75341
75347
75348
75349
75350
75351
75352
75353
75354
75355
75356
75363
75364
75365
75366
75367
75368
75369
75370
75371
75372
75373
75374
75375
75383
75384
75385
75386
75387
75388
75389
75390
75391
75392
75393
75394
75403
75404
75405
75406
75407
75408
75409
75410
75421
75422
75423
75424
75425
75426
75427
75529
75530
75531
75532
75533
75534
75535
75536
75537
75538
75539
75575
75576
75577
75578
75579
75580
75581
75582
75583
75584
75623
75624
75625
75626
75627
75628
75629
75630
75631
75652
75653
75654
75655
75656
75657
75658
75659
75681
75682
75683
75684
75685
75686
75687
75710
75711
75712
75713
75714
75715
75791
75792
75793
75794
75795
75796
75797
75798
75825
75826
75827
75828
75855
75856
75857
75858
75859
75860
76940
76941
76942
77180
77181
77698
77699
77700
77701
77702
77703
77704
77705
77706
77707
77708
77709
77710
77711
77716
77717
77722
77729
77736
77743
77750
77753
77754
77755
77756
77757
77758
77759
77760
77761
77766
77767
77768
77773
77778
77783
77787
77788
77789
77790
77791
77792
77793
77794
77795
77796
77797
77800
77801
77802
77803
77808
77813
77817
77818
77819
77820
77821
77822
77823
77824
77825
77826
77827
77828
77829
77830
77831
77832
77833
77836
77841
77842
77843
77844
77845
77846
77847
77848
77849
77850
77851
77852
77853
77854
77855
77856
77857
77858
77861
77862
77863
77864
77865
77866
77867
77868
77869
77870
77871
77872
77873
77874
77875
77876
77877
77878
77879
77880
77881
77882
77883
77884
77885
77886
77887
77888
77889
77890
77891
77892
77893
77894
77895
77896
77897
77898
77899
77900
77901
77902
77903
77904
77905
77906
77907
77908
77909
77910
77911
77912
77913
77914
77915
77916
77917
77918
77919
77920
77921
77922
77923
77924
77925
77926
77927
77928
77929
77930
77931
77932
77933
77934
77935
77936
77937
77938
77939
77940
77941
77942
77943
77944
77945
77946
77947
77948
77949
77950
77951
77952
77953
77954
77955
77956
77957
77958
77959
77960
77961
77962
77963
77964
77965
77966
77967
77968
77970
77971
77972
77973
77974
77975
77976
77977
77978
77979
77980
77981
77982
77983
77984
77985
77986
77989
77990
77991
77992
77993
77994
77995
77996
77997
77998
77999
78000
78001
78002
78003
78004
78008
78009
78010
78011
78012
78013
78014
78015
78016
78017
78018
78019
78020
78021
78022
78027
78028
78029
78030
78031
78032
78033
78034
78035
78036
78037
78038
78039
78040
78046
78047
78048
78049
78050
78051
78052
78053
78054
78055
78056
78057
78058
78065
78066
78067
78068
78069
78070
78071
78072
78073
78081
78082
78083
78084
78085
78086
78087
78088
78089
78090
78091
78092
78101
78102
78103
78104
78105
78106
78107
78108
78109
78110
78111
78121
78122
78123
78124
78125
78126
78127
78139
78140
78141
78142
78143
78144
78247
78248
78249
78250
78251
78252
78253
78254
78255
78256
78293
78294
78295
78296
78297
78298
78299
78300
78301
78341
78342
78343
78344
78345
78346
78347
78348
78370
78371
78372
78373
78374
78375
78376
78399
78400
78401
78402
78403
78404
78428
78429
78430
78431
78432
78509
78510
78511
78512
78513
78514
78515
78542
78543
78544
78571
78572
78573
78574
78575
79673
79674
79843
80345
80346
80347
80348
80349
80350
80351
80352
80353
80354
80355
80356
80357
80358
80359
80361
80368
80369
80370
80375
80382
80389
80396
80399
80400
80401
80402
80403
80404
80405
80406
80407
80408
80411
80412
80413
80414
80419
80424
80429
80430
80431
80432
80433
80434
80435
80436
80437
80438
80439
80440
80441
80442
80443
80444
80445
80448
80453
80454
80455
80456
80457
80458
80459
80460
80461
80462
80463
80464
80465
80466
80467
80468
80469
80470
80471
80472
80473
80474
80475
80476
80477
80478
80479
80480
80481
80482
80483
80484
80485
80486
80487
80488
80489
80490
80491
80492
80493
80494
80495
80496
80497
80498
80499
80500
80501
80502
80503
80504
80505
80506
80507
80508
80509
80510
80511
80512
80513
80514
80515
80516
80517
80518
80519
80520
80521
80522
80523
80524
80525
80526
80527
80528
80529
80530
80531
80532
80533
80534
80535
80536
80537
80538
80539
80540
80541
80542
80543
80544
80545
80546
80547
80548
80549
80550
80551
80552
80553
80554
80555
80556
80557
80558
80559
80560
80561
80562
80563
80564
80565
80566
80567
80568
80569
80570
80571
80572
80573
80574
80575
80576
80577
80578
80580
80581
80582
80583
80584
80585
80586
80587
80588
80589
80590
80591
80592
80593
80594
80595
80596
80599
80600
80601
80602
80603
80604
80605
80606
80607
80608
80609
80610
80611
80612
80613
80614
80618
80619
80620
80621
80622
80623
80624
80625
80626
80627
80628
80629
80630
80631
80632
80637
80638
80639
80640
80641
80642
80643
80644
80645
80646
80647
80648
80649
80650
80656
80657
80658
80659
80660
80661
80662
80663
80664
80665
80666
80667
80668
80675
80676
80677
80678
80679
80680
80681
80682
80683
80684
80685
80686
80694
80695
80696
80697
80698
80699
80700
80701
80710
80711
80712
80713
80714
80715
80716
80717
80718
80719
80720
80730
80731
80732
80733
80734
80735
80736
80737
80738
80739
80750
80751
80752
80753
80754
80755
80768
80769
80770
80771
80772
80876
80877
80878
80879
80880
80881
80882
80883
80884
80922
80923
80924
80925
80926
80927
80928
80929
80970
80971
80972
80973
80974
80975
80976
80999
81000
81001
81002
81003
81004
81028
81029
81030
81031
81032
81057
81058
81059
81060
81136
81137
81138
81139
81140
81141
81168
81169
81196
81197
81198
82281
82863
82864
82865
82866
82867
82868
82869
82870
82871
82872
82873
82874
82875
82876
82877
82878
82881
82886
82887
82888
82889
82894
82901
82908
82911
82912
82913
82914
82915
82916
82917
82918
82919
82920
82921
82922
82923
82924
82925
82926
82929
82934
82935
82936
82937
82938
82939
82940
82941
82942
82943
82944
82945
82946
82947
82948
82949
82950
82951
82952
82953
82954
82955
82956
82957
82958
82959
82960
82961
82962
82963
82964
82965
82966
82967
82968
82969
82970
82971
82972
82973
82974
82975
82976
82977
82978
82979
82980
82981
82982
82983
82984
82985
82986
82987
82988
82989
82990
82991
82992
82993
82994
82995
82996
82997
82998
82999
83000
83001
83002
83003
83004
83005
83006
83007
83008
83009
83010
83011
83012
83013
83014
83015
83016
83017
83018
83019
83020
83021
83022
83023
83024
83025
83026
83027
83028
83029
83030
83031
83032
83033
83034
83035
83036
83037
83038
83039
83040
83041
83042
83043
83044
83045
83046
83047
83048
83049
83050
83051
83052
83053
83054
83055
83056
83057
83058
83059
83061
83062
83063
83064
83065
83066
83067
83068
83069
83070
83071
83072
83073
83074
83075
83076
83077
83080
83081
83082
83083
83084
83085
83086
83087
83088
83089
83090
83091
83092
83093
83094
83095
83099
83100
83101
83102
83103
83104
83105
83106
83107
83108
83109
83110
83111
83112
83113
83118
83119
83120
83121
83122
83123
83124
83125
83126
83127
83128
83129
83130
83131
83137
83138
83139
83140
83141
83142
83143
83144
83145
83146
83147
83148
83149
83156
83157
83158
83159
83160
83161
83162
83163
83164
83165
83166
83167
83175
83176
83177
83178
83179
83180
83181
83182
83183
83184
83185
83194
83195
83196
83197
83198
83199
83200
83210
83211
83212
83213
83214
83215
83216
83217
83218
83219
83230
83231
83232
83233
83234
83235
83236
83237
83238
83250
83251
83252
83253
83254
83268
83269
83270
83271
83376
83377
83378
83379
83380
83381
83382
83383
83422
83423
83424
83425
83426
83427
83428
83470
83471
83472
83473
83474
83475
83499
83500
83501
83502
83503
83528
83529
83530
83531
83557
83558
83559
83632
83633
83634
83635
83662
83689
85247
85248
85249
85250
85251
85252
85253
85254
85255
85256
85257
85258
85259
85260
85261
85262
85263
85265
85268
85269
85270
85271
85272
85275
85282
85285
85286
85287
85288
85289
85290
85291
85292
85293
85294
85295
85296
85297
85298
85299
85300
85301
85302
85303
85304
85305
85306
85307
85308
85309
85310
85311
85312
85313
85314
85315
85316
85317
85318
85319
85320
85321
85322
85323
85324
85325
85326
85327
85328
85329
85330
85331
85332
85333
85334
85335
85336
85337
85338
85339
85340
85341
85342
85343
85344
85345
85346
85347
85348
85349
85350
85351
85352
85353
85354
85355
85356
85357
85358
85359
85360
85361
85362
85363
85364
85365
85366
85367
85368
85369
85370
85371
85372
85373
85374
85375
85376
85377
85378
85379
85380
85381
85382
85383
85384
85385
85386
85387
85388
85389
85390
85391
85392
85393
85394
85395
85396
85397
85398
85399
85400
85401
85402
85403
85404
85405
85406
85407
85408
85409
85411
85412
85413
85414
85415
85416
85417
85418
85419
85420
85421
85422
85423
85424
85425
85426
85427
85430
85431
85432
85433
85434
85435
85436
85437
85438
85439
85440
85441
85442
85443
85444
85445
85449
85450
85451
85452
85453
85454
85455
85456
85457
85458
85459
85460
85461
85462
85463
85468
85469
85470
85471
85472
85473
85474
85475
85476
85477
85478
85479
85480
85481
85487
85488
85489
85490
85491
85492
85493
85494
85495
85496
85497
85498
85499
85506
85507
85508
85509
85510
85511
85512
85513
85514
85515
85516
85517
85525
85526
85527
85528
85529
85530
85531
85532
85533
85534
85535
85544
85545
85546
85547
85548
85549
85550
85551
85552
85553
85563
85564
85565
85566
85567
85568
85579
85580
85581
85582
85583
85584
85585
85586
85587
85599
85600
85601
85602
85603
85604
85605
85606
85619
85620
85621
85622
85637
85638
85639
85745
85746
85747
85748
85749
85750
85751
85791
85792
85793
85794
85795
85796
85839
85840
85841
85842
85843
85868
85869
85870
85871
85897
85898
85899
85926
85927
85997
85998
87470
87471
87472
87473
87474
87475
87476
87477
87478
87479
87480
87481
87482
87483
87484
87485
87486
87487
87488
87490
87491
87492
87493
87494
87495
87498
87499
87500
87501
87502
87503
87504
87505
87506
87507
87508
87509
87510
87511
87512
87513
87514
87515
87516
87517
87518
87519
87520
87521
87522
87523
87524
87525
87526
87527
87528
87529
87530
87531
87532
87533
87534
87535
87536
87537
87538
87539
87540
87541
87542
87543
87544
87545
87546
87547
87548
87549
87550
87551
87552
87553
87554
87555
87556
87557
87558
87559
87560
87561
87562
87563
87564
87565
87566
87567
87568
87569
87570
87571
87572
87573
87574
87575
87576
87577
87578
87579
87580
87581
87582
87583
87584
87585
87586
87587
87588
87589
87590
87591
87592
87593
87594
87595
87596
87597
87598
87599
87600
87601
87602
87603
87604
87606
87607
87608
87609
87610
87611
87612
87613
87614
87615
87616
87617
87618
87619
87620
87621
87622
87625
87626
87627
87628
87629
87630
87631
87632
87633
87634
87635
87636
87637
87638
87639
87640
87644
87645
87646
87647
87648
87649
87650
87651
87652
87653
87654
87655
87656
87657
87658
87663
87664
87665
87666
87667
87668
87669
87670
87671
87672
87673
87674
87675
87676
87682
87683
87684
87685
87686
87687
87688
87689
87690
87691
87692
87693
87694
87701
87702
87703
87704
87705
87706
87707
87708
87709
87710
87711
87712
87720
87721
87722
87723
87724
87725
87726
87727
87728
87729
87730
87739
87740
87741
87742
87743
87744
87745
87746
87747
87748
87758
87759
87760
87761
87762
87763
87764
87765
87766
87777
87778
87779
87780
87781
87793
87794
87795
87796
87797
87798
87799
87800
87813
87814
87815
87816
87817
87818
87819
87833
87834
87835
87851
87852
87959
87960
87961
87962
87963
87964
88005
88006
88007
88008
88009
88053
88054
88055
88056
88082
88083
88084
88111
88112
88139
89559
89560
89561
89562
89563
89564
89565
89566
89567
89568
89569
89570
89571
89572
89573
89574
89575
89576
89577
89578
89579
89580
89581
89582
89583
89584
89585
89586
89587
89588
89589
89590
89591
89592
89593
89594
89595
89596
89597
89598
89599
89600
89601
89602
89603
89604
89605
89606
89607
89608
89609
89610
89611
89612
89613
89614
89615
89616
89617
89618
89619
89620
89621
89622
89623
89624
89625
89626
89627
89628
89629
89630
89631
89632
89633
89634
89635
89636
89637
89638
89639
89640
89641
89642
89643
89644
89645
89646
89647
89648
89649
89650
89651
89652
89653
89654
89655
89656
89657
89658
89659
89660
89661
89662
89663
89664
89665
89666
89667
89668
89669
89670
89671
89673
89674
89675
89676
89677
89678
89679
89680
89681
89682
89683
89684
89685
89686
89687
89688
89689
89692
89693
89694
89695
89696
89697
89698
89699
89700
89701
89702
89703
89704
89705
89706
89707
89711
89712
89713
89714
89715
89716
89717
89718
89719
89720
89721
89722
89723
89724
89725
89730
89731
89732
89733
89734
89735
89736
89737
89738
89739
89740
89741
89742
89743
89749
89750
89751
89752
89753
89754
89755
89756
89757
89758
89759
89760
89761
89768
89769
89770
89771
89772
89773
89774
89775
89776
89777
89778
89779
89787
89788
89789
89790
89791
89792
89793
89794
89795
89796
89797
89806
89807
89808
89809
89810
89811
89812
89813
89814
89815
89825
89826
89827
89828
89829
89830
89831
89832
89833
89844
89845
89846
89847
89848
89849
89850
89851
89863
89864
89865
89866
89879
89880
89881
89882
89883
89884
89885
89899
89900
89901
89902
89903
89904
89919
89920
89937
90045
90046
90047
90048
90049
90091
90092
90093
90094
90139
90140
90141
90168
90169
90196
91523
91524
91525
91526
91527
91528
91529
91530
91531
91532
91533
91534
91535
91536
91537
91538
91539
91540
91541
91542
91543
91544
91545
91546
91547
91548
91549
91550
91551
91552
91553
91554
91555
91556
91557
91558
91559
91560
91561
91562
91563
91564
91565
91566
91567
91568
91569
91570
91571
91572
91573
91574
91575
91576
91577
91578
91579
91580
91581
91582
91583
91584
91585
91586
91587
91588
91589
91590
91591
91592
91593
91594
91595
91596
91597
91598
91599
91600
91601
91602
91603
91604
91605
91606
91607
91608
91609
91610
91611
91612
91613
91614
91615
91616
91618
91619
91620
91621
91622
91623
91624
91625
91626
91627
91628
91629
91630
91631
91632
91633
91634
91637
91638
91639
91640
91641
91642
91643
91644
91645
91646
91647
91648
91649
91650
91651
91652
91656
91657
91658
91659
91660
91661
91662
91663
91664
91665
91666
91667
91668
91669
91670
91675
91676
91677
91678
91679
91680
91681
91682
91683
91684
91685
91686
91687
91688
91694
91695
91696
91697
91698
91699
91700
91701
91702
91703
91704
91705
91706
91713
91714
91715
91716
91717
91718
91719
91720
91721
91722
91723
91724
91732
91733
91734
91735
91736
91737
91738
91739
91740
91741
91742
91751
91752
91753
91754
91755
91756
91757
91758
91759
91760
91770
91771
91772
91773
91774
91775
91776
91777
91778
91789
91790
91791
91792
91793
91794
91795
91796
91808
91809
91810
91811
91812
91813
91814
91827
91828
91829
91843
91844
91845
91846
91847
91848
91863
91864
91865
91866
91867
91883
92009
92010
92011
92012
92055
92056
92057
92102
92103
92130
93352
93353
93354
93355
93356
93357
93358
93359
93360
93361
93362
93363
93364
93365
93366
93367
93368
93369
93370
93371
93372
93373
93374
93375
93376
93377
93378
93379
93380
93381
93382
93383
93384
93385
93386
93387
93388
93389
93390
93391
93392
93393
93394
93395
93396
93397
93398
93399
93400
93401
93402
93403
93404
93405
93406
93407
93408
93409
93410
93411
93412
93413
93414
93415
93416
93417
93418
93419
93420
93421
93422
93423
93424
93425
93426
93428
93429
93430
93431
93432
93433
93434
93435
93436
93437
93438
93439
93440
93441
93442
93443
93444
93447
93448
93449
93450
93451
93452
93453
93454
93455
93456
93457
93458
93459
93460
93461
93462
93466
93467
93468
93469
93470
93471
93472
93473
93474
93475
93476
93477
93478
93479
93480
93485
93486
93487
93488
93489
93490
93491
93492
93493
93494
93495
93496
93497
93498
93504
93505
93506
93507
93508
93509
93510
93511
93512
93513
93514
93515
93516
93523
93524
93525
93526
93527
93528
93529
93530
93531
93532
93533
93534
93542
93543
93544
93545
93546
93547
93548
93549
93550
93551
93552
93561
93562
93563
93564
93565
93566
93567
93568
93569
93570
93580
93581
93582
93583
93584
93585
93586
93587
93588
93599
93600
93601
93602
93603
93604
93605
93606
93618
93619
93620
93621
93622
93623
93624
93637
93638
93639
93640
93641
93642
93656
93657
93672
93673
93674
93675
93676
93692
93693
93694
93695
93838
93839
93840
93884
93885
93929
95058
95059
95060
95061
95062
95063
95064
95065
95066
95067
95068
95069
95070
95071
95072
95073
95074
95075
95076
95077
95078
95079
95080
95081
95082
95083
95084
95085
95086
95087
95088
95089
95090
95091
95092
95093
95094
95095
95096
95097
95098
95099
95100
95101
95102
95103
95104
95105
95106
95107
95108
95109
95110
95111
95112
95113
95115
95116
95117
95118
95119
95120
95121
95122
95123
95124
95125
95126
95127
95128
95129
95130
95131
95134
95135
95136
95137
95138
95139
95140
95141
95142
95143
95144
95145
95146
95147
95148
95149
95153
95154
95155
95156
95157
95158
95159
95160
95161
95162
95163
95164
95165
95166
95167
95172
95173
95174
95175
95176
95177
95178
95179
95180
95181
95182
95183
95184
95185
95191
95192
95193
95194
95195
95196
95197
95198
95199
95200
95201
95202
95203
95210
95211
95212
95213
95214
95215
95216
95217
95218
95219
95220
95221
95229
95230
95231
95232
95233
95234
95235
95236
95237
95238
95239
95248
95249
95250
95251
95252
95253
95254
95255
95256
95257
95267
95268
95269
95270
95271
95272
95273
95274
95275
95286
95287
95288
95289
95290
95291
95292
95293
95305
95306
95307
95308
95309
95310
95311
95324
95325
95326
95327
95328
95329
95343
95344
95345
95346
95347
95362
95378
95379
95380
95381
95398
95399
95400
95544
95545
95589
96650
96651
96652
96653
96654
96655
96656
96657
96658
96659
96660
96661
96662
96663
96664
96665
96666
96667
96668
96669
96670
96671
96672
96673
96674
96675
96676
96677
96678
96679
96680
96681
96682
96683
96684
96685
96686
96688
96689
96690
96691
96692
96693
96694
96695
96696
96697
96698
96699
96700
96701
96702
96703
96704
96707
96708
96709
96710
96711
96712
96713
96714
96715
96716
96717
96718
96719
96720
96721
96722
96726
96727
96728
96729
96730
96731
96732
96733
96734
96735
96736
96737
96738
96739
96740
96745
96746
96747
96748
96749
96750
96751
96752
96753
96754
96755
96756
96757
96758
96764
96765
96766
96767
96768
96769
96770
96771
96772
96773
96774
96775
96776
96783
96784
96785
96786
96787
96788
96789
96790
96791
96792
96793
96794
96802
96803
96804
96805
96806
96807
96808
96809
96810
96811
96812
96821
96822
96823
96824
96825
96826
96827
96828
96829
96830
96840
96841
96842
96843
96844
96845
96846
96847
96848
96859
96860
96861
96862
96863
96864
96865
96866
96878
96879
96880
96881
96882
96883
96884
96897
96898
96899
96900
96901
96902
96916
96917
96918
96919
96920
96935
96936
96937
96938
96970
96971
96972
96990
96991
97136
98132
98133
98134
98135
98136
98137
98138
98139
98140
98141
98142
98143
98144
98145
98146
98147
98148
98149
98151
98152
98153
98154
98155
98156
98157
98158
98159
98160
98161
98162
98163
98164
98165
98166
98167
98170
98171
98172
98173
98174
98175
98176
98177
98178
98179
98180
98181
98182
98183
98184
98185
98189
98190
98191
98192
98193
98194
98195
98196
98197
98198
98199
98200
98201
98202
98203
98208
98209
98210
98211
98212
98213
98214
98215
98216
98217
98218
98219
98220
98221
98227
98228
98229
98230
98231
98232
98233
98234
98235
98236
98237
98238
98239
98246
98247
98248
98249
98250
98251
98252
98253
98254
98255
98256
98257
98265
98266
98267
98268
98269
98270
98271
98272
98273
98274
98275
98284
98285
98286
98287
98288
98289
98290
98291
98292
98293
98303
98304
98305
98306
98307
98308
98309
98310
98311
98322
98323
98324
98325
98326
98327
98328
98329
98341
98342
98343
98344
98345
98346
98347
98360
98361
98362
98363
98364
98365
98379
98380
98381
98382
98383
98398
98399
98400
98401
98417
98418
98419
98452
98453
98472
99510
99511
99512
99513
99514
99515
99516
99517
99518
99519
99520
99521
99522
99523
99524
99525
99526
99529
99530
99531
99532
99533
99534
99535
99536
99537
99538
99539
99540
99541
99542
99543
99544
99548
99549
99550
99551
99552
99553
99554
99555
99556
99557
99558
99559
99560
99561
99562
99567
99568
99569
99570
99571
99572
99573
99574
99575
99576
99577
99578
99579
99580
99586
99587
99588
99589
99590
99591
99592
99593
99594
99595
99596
99597
99598
99605
99606
99607
99608
99609
99610
99611
99612
99613
99614
99615
99616
99624
99625
99626
99627
99628
99629
99630
99631
99632
99633
99634
99643
99644
99645
99646
99647
99648
99649
99650
99651
99652
99662
99663
99664
99665
99666
99667
99668
99669
99670
99681
99682
99683
99684
99685
99686
99687
99688
99700
99701
99702
99703
99704
99705
99706
99719
99720
99721
99722
99723
99724
99738
99739
99740
99741
99742
99757
99758
99759
99760
99776
99777
99778
99795
99796
99830
100816
100817
100818
100819
100820
100821
100822
100823
100824
100825
100826
100827
100828
100829
100830
100831
100835
100836
100837
100838
100839
100840
100841
100842
100843
100844
100845
100846
100847
100848
100849
100854
100855
100856
100857
100858
100859
100860
100861
100862
100863
100864
100865
100866
100867
100873
100874
100875
100876
100877
100878
100879
100880
100881
100882
100883
100884
100885
100892
100893
100894
100895
100896
100897
100898
100899
100900
100901
100902
100903
100911
100912
100913
100914
100915
100916
100917
100918
100919
100920
100921
100930
100931
100932
100933
100934
100935
100936
100937
100938
100939
100949
100950
100951
100952
100953
100954
100955
100956
100957
100968
100969
100970
100971
100972
100973
100974
100975
100987
100988
100989
100990
100991
100992
100993
101006
101007
101008
101009
101010
101011
101025
101026
101027
101028
101029
101044
101045
101046
101047
101063
101064
101065
101082
101083
101101
102069
102070
102071
102072
102073
102074
102075
102076
102077
102078
102079
102080
102081
102082
102083
102088
102089
102090
102091
102092
102093
102094
102095
102096
102097
102098
102099
102100
102101
102107
102108
102109
102110
102111
102112
102113
102114
102115
102116
102117
102118
102119
102126
102127
102128
102129
102130
102131
102132
102133
102134
102135
102136
102137
102145
102146
102147
102148
102149
102150
102151
102152
102153
102154
102155
102164
102165
102166
102167
102168
102169
102170
102171
102172
102173
102183
102184
102185
102186
102187
102188
102189
102190
102191
102202
102203
102204
102205
102206
102207
102208
102209
102221
102222
102223
102224
102225
102226
102227
102240
102241
102242
102243
102244
102245
102259
102260
102261
102262
102263
102278
102279
102280
102281
102297
102298
102299
102316
102317
102335
103278
103279
103280
103281
103282
103283
103284
103285
103286
103287
103288
103289
103290
103291
103297
103298
103299
103300
103301
103302
103303
103304
103305
103306
103307
103308
103309
103316
103317
103318
103319
103320
103321
103322
103323
103324
103325
103326
103327
103335
103336
103337
103338
103339
103340
103341
103342
103343
103344
103345
103354
103355
103356
103357
103358
103359
103360
103361
103362
103363
103373
103374
103375
103376
103377
103378
103379
103380
103381
103392
103393
103394
103395
103396
103397
103398
103399
103411
103412
103413
103414
103415
103416
103417
103430
103431
103432
103433
103434
103435
103449
103450
103451
103452
103453
103468
103469
103470
103471
103487
103488
103489
103506
103507
103525
104422
104423
104424
104425
104426
104427
104428
104429
104430
104431
104432
104433
104434
104441
104442
104443
104444
104445
104446
104447
104448
104449
104450
104451
104452
104460
104461
104462
104463
104464
104465
104466
104467
104468
104469
104470
104479
104480
104481
104482
104483
104484
104485
104486
104487
104488
104498
104499
104500
104501
104502
104503
104504
104505
104506
104517
104518
104519
104520
104521
104522
104523
104524
104536
104537
104538
104539
104540
104541
104542
104555
104556
104557
104558
104559
104560
104574
104575
104576
104577
104578
104593
104594
104595
104596
104612
104613
104614
104631
104632
104650
105494
105495
105496
105497
105498
105499
105500
105501
105502
105503
105504
105505
105513
105514
105515
105516
105517
105518
105519
105520
105521
105522
105523
105532
105533
105534
105535
105536
105537
105538
105539
105540
105541
105551
105552
105553
105554
105555
105556
105557
105558
105559
105570
105571
105572
105573
105574
105575
105576
105577
105589
105590
105591
105592
105593
105594
105595
105608
105609
105610
105611
105612
105613
105627
105628
105629
105630
105631
105646
105647
105648
105649
105665
105666
105667
105684
105685
105703
106474
106475
106476
106477
106478
106479
106480
106481
106482
106483
106484
106493
106494
106495
106496
106497
106498
106499
106500
106501
106502
106512
106513
106514
106515
106516
106517
106518
106519
106520
106531
106532
106533
106534
106535
106536
106537
106538
106550
106551
106552
106553
106554
106555
106556
106569
106570
106571
106572
106573
106574
106588
106589
106590
106591
106592
106607
106608
106609
106610
106626
106627
106628
106645
106646
106664
107385
107386
107387
107388
107389
107390
107391
107392
107393
107394
107404
107405
107406
107407
107408
107409
107410
107411
107412
107423
107424
107425
107426
107427
107428
107429
107430
107442
107443
107444
107445
107446
107447
107448
107461
107462
107463
107464
107465
107466
107480
107481
107482
107483
107484
107499
107500
107501
107502
107518
107519
107520
107537
107538
107556
108240
108241
108242
108243
108244
108245
108246
108247
108248
108259
108260
108261
108262
108263
108264
108265
108266
108278
108279
108280
108281
108282
108283
108284
108297
108298
108299
108300
108301
108302
108316
108317
108318
108319
108320
108335
108336
108337
108338
108354
108355
108356
108373
108374
108392
109032
109033
109034
109035
109036
109037
109038
109039
109051
109052
109053
109054
109055
109056
109057
109070
109071
109072
109073
109074
109075
109089
109090
109091
109092
109093
109108
109109
109110
109111
109127
109128
109129
109146
109147
109165
109757
109758
109759
109760
109761
109762
109763
109776
109777
109778
109779
109780
109781
109795
109796
109797
109798
109799
109814
109815
109816
109817
109833
109834
109835
109852
109853
109871
110420
110421
110422
110423
110424
110425
110439
110440
110441
110442
110443
110458
110459
110460
110461
110477
110478
110479
110496
110497
110515
111026
111027
111028
111029
111030
111045
111046
111047
111064
111065
111066
111083
111084
111102
111578
111579
111580
111597
111598
111616
111617
111635
112080
112081
112099
112118
112537
)


// ************************************************************************* //
