/*--------------------------------*- C++ -*----------------------------------*\
  =========                 |
  \\      /  F ield         | OpenFOAM: The Open Source CFD Toolbox
   \\    /   O peration     | Website:  https://openfoam.org
    \\  /    A nd           | Version:  12
     \\/     M anipulation  |
\*---------------------------------------------------------------------------*/
FoamFile
{
    format      ascii;
    class       labelList;
    location    "constant/polyMesh";
    object      cellProcAddressing;
}
// * * * * * * * * * * * * * * * * * * * * * * * * * * * * * * * * * * * * * //


14427
(
0
1
2
3
4
5
6
7
8
9
10
11
12
13
14
15
16
17
18
19
20
21
22
23
24
25
26
27
28
29
30
31
32
33
35
36
37
38
39
40
41
42
43
44
45
46
47
49
51
52
53
54
56
57
58
59
60
61
62
63
64
65
66
67
68
70
72
73
74
76
79
80
81
82
84
85
86
87
88
89
90
91
92
93
94
95
96
97
99
100
102
104
107
108
109
111
115
116
117
118
120
121
122
123
124
125
126
127
128
129
130
131
132
133
135
136
138
139
142
143
145
147
151
152
153
155
159
160
161
162
163
165
166
167
168
169
170
171
172
173
174
175
176
177
179
180
182
183
184
187
188
190
191
195
196
198
200
204
205
206
207
209
213
214
215
216
217
218
220
221
222
223
224
225
226
227
228
230
231
232
233
234
235
237
238
240
242
244
245
246
250
251
253
254
258
259
260
262
264
268
269
270
271
272
274
278
279
280
281
282
283
284
286
287
288
289
290
291
292
294
295
296
297
298
301
302
303
304
305
306
308
310
311
313
316
318
319
320
324
325
326
328
329
333
334
335
336
338
340
344
345
346
347
348
349
351
355
356
357
358
359
360
361
362
364
365
366
367
368
369
370
372
373
375
377
378
379
380
385
386
387
388
389
390
391
394
396
397
399
402
403
405
406
407
411
412
413
414
416
417
421
422
423
424
425
427
429
433
434
435
436
437
438
439
441
445
446
447
448
449
450
451
452
453
455
456
457
459
460
461
462
464
466
468
469
472
474
475
476
477
493
494
495
496
497
498
499
500
503
504
506
507
509
512
513
514
516
517
518
522
523
524
525
526
528
529
533
534
535
536
537
538
540
542
546
547
548
549
550
551
552
553
555
558
560
561
562
563
564
565
566
567
568
570
571
572
574
575
580
581
582
584
585
592
595
599
600
603
604
606
607
609
610
627
628
629
630
631
632
633
634
635
638
639
640
642
643
645
648
649
650
651
653
654
655
659
660
661
662
663
664
666
667
671
672
673
674
675
676
677
679
681
684
686
687
688
689
690
691
692
693
695
698
699
701
702
703
704
705
706
707
708
709
712
713
714
715
716
721
722
723
727
728
729
732
733
738
741
742
748
749
752
753
754
756
757
763
764
783
784
785
786
787
788
789
790
791
792
795
796
797
798
800
801
803
806
807
808
809
810
812
813
814
818
819
820
821
822
823
824
826
827
831
832
833
834
835
836
837
838
840
842
845
846
848
849
850
851
852
853
854
855
857
860
861
862
864
865
866
867
868
869
870
871
872
879
880
881
882
883
884
885
886
892
893
894
902
903
904
909
910
911
916
919
920
921
929
930
933
934
935
936
938
939
949
950
971
972
973
974
975
976
977
978
979
980
981
984
985
986
987
988
990
991
993
996
997
998
999
1000
1001
1003
1004
1005
1009
1010
1011
1012
1013
1014
1015
1016
1018
1019
1023
1024
1025
1026
1027
1028
1029
1030
1031
1033
1035
1038
1039
1040
1042
1043
1044
1045
1046
1047
1048
1049
1051
1054
1055
1056
1057
1059
1060
1061
1062
1063
1064
1065
1066
1067
1076
1080
1081
1082
1083
1084
1085
1086
1087
1088
1089
1099
1100
1101
1106
1108
1109
1110
1117
1118
1119
1120
1123
1126
1127
1128
1129
1141
1142
1145
1146
1147
1148
1149
1151
1152
1167
1190
1191
1192
1193
1194
1195
1196
1197
1198
1199
1200
1201
1204
1205
1206
1207
1208
1209
1211
1212
1214
1217
1218
1219
1220
1221
1222
1223
1225
1226
1227
1231
1232
1233
1234
1235
1236
1237
1238
1239
1241
1242
1246
1247
1248
1249
1250
1251
1252
1253
1254
1255
1257
1259
1262
1263
1264
1265
1267
1268
1269
1270
1271
1272
1273
1274
1276
1279
1280
1281
1282
1283
1285
1286
1287
1288
1289
1290
1291
1292
1293
1308
1312
1316
1317
1318
1319
1320
1322
1323
1324
1325
1326
1327
1333
1338
1339
1340
1344
1346
1348
1349
1350
1359
1360
1361
1362
1363
1364
1367
1368
1369
1370
1371
1387
1388
1391
1392
1393
1394
1395
1396
1398
1399
1423
1448
1449
1450
1451
1452
1453
1454
1455
1456
1457
1458
1459
1460
1463
1464
1465
1466
1467
1468
1469
1471
1472
1474
1477
1478
1479
1480
1481
1482
1483
1484
1486
1487
1488
1492
1493
1494
1495
1496
1497
1498
1499
1500
1501
1503
1504
1508
1509
1510
1511
1512
1513
1514
1515
1516
1517
1518
1520
1522
1525
1526
1527
1528
1529
1531
1532
1533
1534
1535
1536
1537
1538
1540
1543
1544
1545
1546
1547
1548
1550
1551
1552
1553
1554
1555
1556
1557
1558
1572
1586
1587
1591
1595
1596
1597
1598
1599
1600
1604
1605
1606
1607
1608
1609
1610
1615
1617
1622
1623
1624
1626
1627
1628
1629
1630
1631
1642
1645
1646
1647
1648
1649
1650
1653
1654
1655
1656
1657
1658
1678
1679
1682
1683
1684
1685
1686
1687
1688
1690
1691
1717
1742
1743
1744
1745
1746
1747
1748
1749
1750
1751
1752
1753
1754
1755
1758
1759
1760
1761
1762
1763
1764
1765
1767
1768
1770
1773
1774
1775
1776
1777
1778
1779
1780
1781
1783
1784
1785
1789
1790
1791
1792
1793
1794
1795
1796
1797
1798
1799
1801
1802
1806
1807
1808
1809
1810
1811
1812
1813
1814
1815
1816
1817
1819
1821
1824
1825
1826
1827
1828
1829
1831
1832
1833
1834
1835
1836
1837
1838
1840
1843
1844
1845
1846
1847
1848
1849
1851
1852
1853
1854
1855
1856
1857
1858
1859
1872
1878
1880
1895
1896
1900
1904
1905
1906
1907
1908
1909
1910
1916
1917
1918
1919
1920
1921
1922
1923
1927
1928
1929
1932
1933
1934
1936
1937
1938
1939
1940
1941
1942
1953
1958
1959
1960
1961
1962
1963
1964
1967
1968
1969
1970
1971
1972
1973
1995
1996
1999
2000
2001
2002
2003
2004
2005
2006
2008
2009
2039
2066
2067
2068
2069
2070
2071
2072
2073
2074
2075
2076
2077
2078
2079
2083
2084
2085
2086
2087
2088
2089
2090
2091
2093
2094
2096
2099
2100
2101
2102
2103
2104
2105
2106
2107
2108
2110
2111
2112
2116
2117
2118
2119
2120
2121
2122
2123
2124
2125
2126
2127
2129
2130
2134
2135
2136
2137
2138
2139
2140
2141
2142
2143
2144
2145
2146
2148
2150
2153
2154
2155
2156
2157
2158
2159
2161
2162
2163
2164
2165
2166
2167
2168
2170
2173
2174
2175
2176
2177
2178
2179
2180
2182
2183
2184
2185
2186
2187
2188
2189
2190
2206
2211
2213
2220
2221
2222
2240
2242
2243
2247
2251
2252
2253
2254
2255
2256
2257
2258
2266
2267
2268
2269
2270
2271
2272
2273
2274
2279
2280
2281
2282
2285
2286
2287
2289
2290
2291
2292
2293
2294
2295
2296
2307
2312
2314
2315
2316
2317
2318
2319
2320
2323
2324
2325
2326
2327
2328
2329
2330
2354
2355
2358
2359
2360
2361
2362
2363
2364
2365
2366
2368
2369
2432
2433
2434
2435
2436
2437
2438
2439
2440
2442
2443
2444
2445
2446
2450
2451
2452
2453
2454
2455
2456
2457
2458
2459
2461
2462
2464
2467
2468
2469
2470
2471
2472
2473
2474
2475
2476
2477
2479
2480
2481
2485
2486
2487
2488
2489
2490
2491
2492
2493
2494
2495
2496
2497
2499
2500
2504
2505
2506
2507
2508
2509
2510
2511
2512
2513
2514
2515
2516
2517
2519
2521
2524
2525
2526
2527
2528
2529
2530
2531
2533
2534
2535
2536
2537
2538
2539
2540
2542
2545
2546
2547
2548
2549
2550
2551
2552
2553
2555
2556
2557
2558
2559
2560
2561
2562
2563
2571
2581
2582
2588
2589
2590
2599
2600
2601
2602
2623
2624
2625
2626
2630
2634
2635
2636
2637
2638
2639
2640
2641
2642
2654
2655
2656
2657
2658
2659
2660
2661
2662
2667
2668
2669
2670
2671
2672
2673
2674
2676
2677
2678
2679
2680
2681
2682
2683
2684
2695
2700
2703
2705
2706
2707
2708
2709
2710
2711
2714
2715
2716
2717
2718
2719
2720
2721
2722
2750
2751
2754
2755
2756
2757
2758
2759
2760
2761
2762
2763
2765
2766
2834
2835
2836
2837
2838
2839
2840
2841
2842
2844
2845
2846
2847
2848
2852
2853
2854
2855
2856
2857
2858
2859
2860
2861
2862
2864
2865
2867
2870
2871
2872
2873
2874
2875
2876
2877
2878
2879
2880
2881
2883
2884
2885
2889
2890
2891
2892
2893
2894
2895
2896
2897
2898
2899
2900
2901
2902
2904
2905
2909
2910
2911
2912
2913
2914
2915
2916
2917
2918
2919
2920
2921
2922
2923
2925
2927
2930
2931
2932
2933
2934
2935
2936
2937
2938
2940
2941
2942
2943
2944
2945
2946
2947
2949
2952
2953
2954
2955
2956
2957
2958
2959
2960
2961
2963
2964
2965
2966
2967
2968
2969
2970
2971
2980
2982
2983
2992
2995
2996
3004
3005
3006
3007
3015
3016
3017
3018
3019
3040
3043
3044
3045
3046
3050
3052
3053
3054
3055
3056
3057
3058
3059
3060
3061
3078
3079
3080
3081
3082
3083
3084
3085
3086
3091
3092
3093
3094
3095
3096
3097
3098
3099
3101
3102
3103
3104
3105
3106
3107
3108
3109
3110
3121
3126
3129
3132
3133
3134
3135
3136
3137
3138
3139
3142
3143
3144
3145
3146
3147
3148
3149
3150
3151
3181
3182
3185
3186
3187
3188
3189
3190
3191
3192
3193
3194
3195
3197
3198
3273
3274
3275
3276
3277
3278
3279
3280
3281
3283
3284
3285
3286
3287
3291
3292
3293
3294
3295
3296
3297
3298
3299
3300
3301
3302
3304
3305
3307
3310
3311
3312
3313
3314
3315
3316
3317
3318
3319
3320
3321
3322
3324
3325
3326
3330
3331
3332
3333
3334
3335
3336
3337
3338
3339
3340
3341
3342
3343
3344
3346
3347
3351
3352
3353
3354
3355
3356
3357
3358
3359
3360
3361
3362
3363
3364
3365
3366
3368
3370
3373
3374
3375
3376
3377
3378
3379
3380
3381
3382
3384
3385
3386
3387
3388
3389
3390
3391
3393
3396
3397
3398
3399
3400
3401
3402
3403
3404
3405
3406
3408
3409
3410
3411
3412
3413
3414
3415
3416
3428
3431
3432
3435
3436
3437
3445
3446
3447
3448
3456
3457
3458
3459
3460
3468
3470
3471
3472
3473
3474
3496
3500
3503
3504
3505
3506
3510
3512
3514
3515
3516
3517
3518
3519
3520
3521
3522
3544
3545
3546
3547
3548
3549
3550
3551
3552
3557
3558
3559
3560
3561
3562
3563
3564
3565
3566
3568
3569
3570
3571
3572
3573
3574
3575
3576
3577
3578
3589
3594
3597
3600
3601
3602
3603
3604
3605
3606
3607
3608
3611
3612
3613
3614
3615
3616
3617
3618
3619
3620
3621
3653
3654
3657
3658
3659
3660
3661
3662
3663
3664
3665
3666
3667
3668
3670
3671
3753
3754
3755
3756
3757
3758
3759
3760
3761
3763
3764
3765
3766
3767
3771
3772
3773
3774
3775
3776
3777
3778
3779
3780
3781
3782
3783
3785
3786
3788
3791
3792
3793
3794
3795
3796
3797
3798
3799
3800
3801
3802
3803
3804
3806
3807
3808
3812
3813
3814
3815
3816
3817
3818
3819
3820
3821
3822
3823
3824
3825
3826
3827
3829
3830
3834
3835
3836
3837
3838
3839
3840
3841
3842
3843
3844
3845
3846
3847
3848
3849
3850
3852
3854
3857
3858
3859
3860
3861
3862
3863
3864
3865
3866
3867
3869
3870
3871
3872
3873
3874
3875
3876
3878
3881
3882
3883
3884
3885
3886
3887
3888
3889
3890
3891
3892
3894
3895
3896
3897
3898
3899
3900
3901
3902
3915
3919
3920
3925
3926
3927
3931
3932
3933
3934
3940
3941
3942
3943
3944
3954
3955
3956
3957
3958
3959
3966
3969
3970
3971
3972
3973
3974
3996
4000
4004
4006
4007
4008
4009
4013
4014
4017
4018
4019
4020
4021
4022
4023
4024
4025
4052
4053
4054
4055
4056
4057
4058
4059
4060
4065
4066
4067
4068
4069
4070
4071
4072
4073
4074
4075
4077
4078
4079
4080
4081
4082
4083
4084
4085
4086
4087
4088
4099
4104
4107
4110
4111
4112
4113
4114
4115
4116
4117
4118
4119
4122
4123
4124
4125
4126
4127
4128
4129
4130
4131
4132
4133
4169
4170
4173
4174
4175
4176
4177
4178
4179
4180
4181
4182
4183
4184
4185
4187
4188
4275
4276
4277
4278
4279
4280
4281
4282
4283
4285
4286
4287
4288
4289
4293
4294
4295
4296
4297
4298
4299
4300
4301
4302
4303
4304
4305
4306
4308
4309
4311
4314
4315
4316
4317
4318
4319
4320
4321
4322
4323
4324
4325
4326
4327
4328
4330
4331
4332
4336
4337
4338
4339
4340
4341
4342
4343
4344
4345
4346
4347
4348
4349
4350
4351
4352
4354
4355
4359
4360
4361
4362
4363
4364
4365
4366
4367
4368
4369
4370
4371
4372
4373
4374
4375
4376
4378
4380
4383
4384
4385
4386
4387
4388
4389
4390
4391
4392
4393
4394
4396
4397
4398
4399
4400
4401
4402
4403
4405
4408
4409
4410
4411
4412
4413
4414
4415
4416
4417
4418
4419
4420
4422
4423
4424
4425
4426
4427
4428
4429
4430
4445
4449
4450
4457
4458
4459
4466
4467
4468
4469
4473
4474
4475
4476
4477
4481
4482
4483
4484
4485
4486
4497
4498
4499
4500
4501
4502
4503
4509
4512
4513
4514
4515
4516
4517
4518
4545
4549
4551
4553
4554
4555
4556
4558
4559
4563
4564
4565
4566
4567
4568
4569
4570
4571
4603
4604
4605
4606
4607
4608
4609
4610
4611
4616
4617
4618
4619
4620
4621
4622
4623
4624
4625
4626
4627
4629
4630
4631
4632
4633
4634
4635
4636
4637
4638
4639
4640
4641
4652
4657
4660
4663
4664
4665
4666
4667
4668
4669
4670
4671
4672
4673
4676
4677
4678
4679
4680
4681
4682
4683
4684
4685
4686
4687
4688
4726
4727
4730
4731
4732
4733
4734
4735
4736
4737
4738
4739
4740
4741
4742
4743
4745
4746
4840
4841
4842
4843
4844
4845
4846
4847
4848
4850
4851
4852
4853
4854
4858
4859
4860
4861
4862
4863
4864
4865
4866
4867
4868
4869
4870
4871
4872
4874
4875
4877
4880
4881
4882
4883
4884
4885
4886
4887
4888
4889
4890
4891
4892
4893
4894
4895
4897
4898
4899
4903
4904
4905
4906
4907
4908
4909
4910
4911
4912
4913
4914
4915
4916
4917
4918
4919
4920
4922
4923
4927
4928
4929
4930
4931
4932
4933
4934
4935
4936
4937
4938
4939
4940
4941
4942
4943
4944
4945
4947
4949
4952
4953
4954
4955
4956
4957
4958
4959
4960
4961
4962
4963
4964
4966
4967
4968
4969
4970
4971
4972
4973
4975
4978
4979
4980
4981
4982
4983
4984
4985
4986
4987
4988
4989
4990
4991
4993
4994
4995
4996
4997
4998
4999
5000
5001
5016
5020
5021
5029
5030
5031
5040
5041
5042
5043
5050
5052
5053
5054
5055
5059
5060
5061
5062
5063
5064
5066
5067
5068
5069
5070
5071
5072
5084
5085
5086
5087
5088
5089
5090
5091
5097
5100
5101
5102
5103
5104
5105
5106
5107
5137
5139
5141
5142
5143
5144
5145
5147
5148
5153
5154
5155
5156
5157
5158
5159
5160
5161
5198
5199
5200
5201
5202
5203
5204
5205
5206
5211
5212
5213
5214
5215
5216
5217
5218
5219
5220
5221
5222
5223
5225
5226
5227
5228
5229
5230
5231
5232
5233
5234
5235
5236
5237
5238
5249
5254
5257
5260
5261
5262
5263
5264
5265
5266
5267
5268
5269
5270
5271
5274
5275
5276
5277
5278
5279
5280
5281
5282
5283
5284
5285
5286
5287
5326
5327
5330
5331
5332
5333
5334
5335
5336
5337
5338
5339
5340
5341
5342
5343
5344
5346
5347
5449
5450
5451
5452
5453
5454
5455
5456
5457
5459
5460
5461
5462
5463
5467
5468
5469
5470
5471
5472
5473
5474
5475
5476
5477
5478
5479
5480
5481
5482
5484
5485
5487
5490
5491
5492
5493
5494
5495
5496
5497
5498
5499
5500
5501
5502
5503
5504
5505
5506
5508
5509
5510
5514
5515
5516
5517
5518
5519
5520
5521
5522
5523
5524
5525
5526
5527
5528
5529
5530
5531
5532
5534
5535
5539
5540
5541
5542
5543
5544
5545
5546
5547
5548
5549
5550
5551
5552
5553
5554
5555
5556
5557
5558
5560
5562
5565
5566
5567
5568
5569
5570
5571
5572
5573
5574
5575
5576
5577
5578
5580
5581
5582
5583
5584
5585
5586
5587
5589
5592
5593
5594
5595
5596
5597
5598
5599
5600
5601
5602
5603
5604
5605
5606
5608
5609
5610
5611
5612
5613
5614
5615
5616
5632
5634
5635
5643
5644
5645
5657
5658
5659
5660
5669
5672
5673
5674
5675
5681
5684
5685
5686
5687
5688
5692
5693
5694
5695
5696
5697
5698
5701
5702
5703
5704
5705
5706
5707
5719
5720
5721
5722
5723
5724
5725
5726
5727
5733
5736
5737
5738
5739
5740
5741
5742
5743
5744
5773
5775
5776
5777
5778
5779
5780
5781
5782
5788
5789
5790
5791
5792
5793
5794
5795
5796
5838
5839
5840
5841
5842
5843
5844
5845
5846
5851
5852
5853
5854
5855
5856
5857
5858
5859
5860
5861
5862
5863
5864
5866
5867
5868
5869
5870
5871
5872
5873
5874
5875
5876
5877
5878
5879
5880
5895
5896
5899
5902
5903
5904
5905
5906
5907
5908
5909
5910
5911
5912
5913
5914
5917
5918
5919
5920
5921
5922
5923
5924
5925
5926
5927
5928
5929
5930
5931
5972
5973
5976
5977
5978
5979
5980
5981
5982
5983
5984
5985
5986
5987
5988
5989
5990
5991
5993
5994
6104
6105
6106
6107
6108
6109
6110
6111
6112
6114
6115
6116
6117
6118
6122
6123
6124
6125
6126
6127
6128
6129
6130
6131
6132
6133
6134
6135
6136
6137
6138
6140
6141
6143
6146
6147
6148
6149
6150
6151
6152
6153
6154
6155
6156
6157
6158
6159
6160
6161
6162
6163
6165
6166
6167
6171
6172
6173
6174
6175
6176
6177
6178
6179
6180
6181
6182
6183
6184
6185
6186
6187
6188
6189
6190
6192
6193
6197
6198
6199
6200
6201
6202
6203
6204
6205
6206
6207
6208
6209
6210
6211
6212
6213
6214
6215
6216
6217
6219
6221
6224
6225
6226
6227
6228
6229
6230
6231
6232
6233
6234
6235
6236
6237
6238
6240
6241
6242
6243
6244
6245
6246
6247
6249
6252
6253
6254
6255
6256
6257
6258
6259
6260
6261
6262
6263
6264
6265
6266
6267
6269
6270
6271
6272
6273
6274
6275
6276
6277
6296
6298
6299
6301
6302
6303
6313
6316
6317
6318
6333
6334
6335
6336
6337
6344
6349
6351
6352
6353
6354
6360
6363
6364
6365
6366
6367
6368
6373
6374
6375
6376
6377
6378
6379
6383
6384
6385
6386
6387
6388
6389
6401
6402
6403
6404
6405
6406
6407
6408
6409
6410
6416
6419
6420
6421
6422
6423
6424
6425
6426
6427
6428
6453
6454
6455
6456
6457
6458
6459
6460
6461
6468
6469
6470
6471
6472
6473
6474
6475
6476
6522
6523
6524
6525
6526
6527
6528
6529
6530
6535
6536
6537
6538
6539
6540
6541
6542
6543
6544
6545
6546
6547
6548
6549
6551
6552
6553
6554
6555
6556
6557
6558
6559
6560
6561
6562
6563
6564
6565
6566
6581
6584
6585
6588
6589
6590
6591
6592
6593
6594
6595
6596
6597
6598
6599
6600
6601
6604
6605
6606
6607
6608
6609
6610
6611
6612
6613
6614
6615
6616
6617
6618
6619
6661
6662
6665
6666
6667
6668
6669
6670
6671
6672
6673
6674
6675
6676
6677
6678
6679
6680
6681
6683
6684
6805
6806
6807
6808
6809
6810
6811
6812
6813
6815
6816
6817
6818
6819
6823
6824
6825
6826
6827
6828
6829
6830
6831
6832
6833
6834
6835
6836
6837
6838
6839
6840
6842
6843
6845
6848
6849
6850
6851
6852
6853
6854
6855
6856
6857
6858
6859
6860
6861
6862
6863
6864
6865
6866
6868
6869
6870
6874
6875
6876
6877
6878
6879
6880
6881
6882
6883
6884
6885
6886
6887
6888
6889
6890
6891
6892
6893
6894
6896
6897
6901
6902
6903
6904
6905
6906
6907
6908
6909
6910
6911
6912
6913
6914
6915
6916
6917
6918
6919
6920
6921
6922
6924
6926
6929
6930
6931
6932
6933
6934
6935
6936
6937
6938
6939
6940
6941
6942
6943
6944
6946
6947
6948
6949
6950
6951
6952
6953
6954
6957
6958
6959
6960
6961
6962
6963
6964
6965
6966
6967
6968
6969
6970
6971
6972
6973
6974
6975
6976
6977
6978
6979
6980
6981
6982
7006
7008
7009
7011
7012
7013
7015
7016
7017
7018
7027
7032
7035
7036
7037
7053
7054
7055
7056
7057
7058
7064
7069
7072
7073
7074
7075
7076
7085
7086
7087
7088
7089
7090
7091
7097
7098
7099
7100
7101
7102
7103
7108
7109
7110
7111
7112
7113
7114
7124
7127
7128
7129
7130
7131
7132
7133
7134
7135
7136
7142
7145
7146
7147
7148
7149
7150
7151
7152
7153
7154
7155
7179
7180
7181
7182
7183
7184
7185
7186
7187
7195
7196
7197
7198
7199
7200
7201
7202
7203
7252
7253
7254
7255
7256
7257
7258
7259
7260
7265
7266
7267
7268
7269
7270
7271
7272
7273
7274
7275
7276
7277
7278
7279
7280
7282
7283
7284
7285
7286
7287
7288
7289
7290
7291
7292
7293
7294
7295
7296
7297
7298
7312
7317
7319
7320
7321
7322
7323
7324
7325
7326
7327
7328
7329
7330
7331
7332
7333
7334
7337
7338
7339
7340
7341
7342
7343
7344
7345
7346
7347
7348
7349
7350
7351
7352
7353
7395
7396
7399
7400
7401
7402
7403
7404
7405
7406
7407
7408
7409
7410
7411
7412
7413
7414
7415
7416
7418
7419
7553
7554
7555
7556
7557
7558
7559
7560
7561
7563
7564
7565
7566
7567
7571
7572
7573
7574
7575
7576
7577
7578
7579
7580
7581
7582
7583
7584
7585
7586
7587
7588
7589
7591
7592
7594
7597
7598
7599
7600
7601
7602
7603
7604
7605
7606
7607
7608
7609
7610
7611
7612
7613
7614
7615
7616
7618
7619
7620
7624
7625
7626
7627
7628
7629
7630
7631
7632
7633
7634
7635
7636
7637
7638
7639
7640
7641
7642
7643
7644
7645
7647
7648
7652
7653
7654
7655
7656
7657
7658
7659
7660
7661
7662
7663
7664
7665
7666
7667
7668
7669
7670
7671
7672
7673
7674
7676
7677
7680
7681
7682
7683
7684
7685
7686
7687
7688
7689
7690
7691
7692
7693
7694
7695
7696
7697
7698
7699
7700
7701
7702
7703
7704
7705
7707
7708
7709
7710
7711
7712
7713
7714
7715
7716
7717
7718
7719
7720
7721
7722
7723
7724
7725
7726
7727
7728
7729
7730
7731
7732
7765
7767
7768
7770
7771
7772
7774
7775
7776
7777
7779
7780
7781
7782
7783
7790
7795
7800
7802
7803
7804
7818
7821
7822
7823
7824
7825
7826
7837
7840
7841
7842
7843
7844
7845
7855
7856
7857
7858
7859
7860
7861
7868
7869
7870
7871
7872
7873
7874
7880
7881
7882
7883
7884
7885
7886
7897
7898
7900
7901
7902
7903
7904
7905
7906
7907
7908
7909
7917
7918
7919
7920
7921
7922
7923
7924
7925
7926
7927
7928
7929
7953
7954
7955
7956
7957
7958
7959
7960
7961
7970
7971
7972
7973
7974
7975
7976
7977
7978
8029
8030
8031
8032
8033
8034
8035
8036
8037
8042
8043
8044
8045
8046
8047
8048
8049
8050
8051
8052
8053
8054
8055
8056
8057
8058
8060
8061
8062
8063
8064
8065
8066
8067
8068
8069
8070
8071
8072
8073
8074
8075
8076
8077
8089
8094
8097
8099
8100
8101
8102
8103
8104
8105
8106
8107
8108
8109
8110
8111
8112
8113
8114
8117
8118
8119
8120
8121
8122
8123
8124
8125
8126
8127
8128
8129
8130
8131
8132
8133
8134
8176
8177
8180
8181
8182
8183
8184
8185
8186
8187
8188
8189
8190
8191
8192
8193
8194
8195
8196
8197
8198
8200
8201
8348
8349
8350
8351
8352
8353
8354
8355
8356
8358
8359
8360
8361
8362
8366
8367
8368
8369
8370
8371
8372
8373
8374
8375
8376
8377
8378
8379
8380
8381
8382
8383
8384
8385
8387
8388
8390
8393
8394
8395
8396
8397
8398
8399
8400
8401
8402
8403
8404
8405
8406
8407
8408
8409
8410
8411
8412
8413
8415
8416
8417
8421
8422
8423
8424
8425
8426
8427
8428
8429
8430
8431
8432
8433
8434
8435
8436
8437
8438
8439
8440
8441
8442
8443
8445
8446
8449
8450
8451
8452
8453
8454
8455
8456
8457
8458
8459
8460
8461
8462
8463
8464
8465
8466
8467
8468
8469
8470
8471
8472
8473
8474
8476
8477
8478
8479
8480
8481
8482
8483
8484
8485
8486
8487
8488
8489
8490
8491
8492
8493
8494
8495
8496
8497
8498
8499
8500
8501
8503
8504
8505
8506
8507
8508
8509
8510
8511
8512
8513
8514
8515
8516
8517
8518
8519
8520
8521
8522
8523
8524
8525
8526
8527
8528
8573
8575
8576
8578
8579
8580
8582
8583
8584
8585
8587
8588
8589
8590
8591
8593
8594
8595
8596
8597
8598
8609
8614
8617
8618
8619
8620
8634
8635
8638
8639
8640
8641
8642
8643
8657
8658
8659
8660
8661
8662
8663
8674
8675
8676
8677
8678
8679
8680
8688
8689
8690
8691
8692
8693
8694
8701
8702
8703
8704
8705
8706
8707
8719
8720
8721
8722
8723
8724
8725
8726
8727
8728
8729
8730
8731
8738
8740
8741
8742
8743
8744
8745
8746
8747
8748
8749
8750
8751
8752
8777
8778
8779
8780
8781
8782
8783
8784
8785
8795
8796
8797
8798
8799
8800
8801
8802
8803
8855
8856
8857
8858
8859
8860
8861
8862
8863
8868
8869
8870
8871
8872
8873
8874
8875
8876
8877
8878
8879
8880
8881
8882
8883
8884
8885
8887
8888
8889
8890
8891
8892
8893
8894
8895
8896
8897
8898
8899
8900
8901
8902
8903
8904
8905
8916
8921
8924
8927
8928
8929
8930
8931
8932
8933
8934
8935
8936
8937
8938
8939
8940
8941
8942
8943
8946
8947
8948
8949
8950
8951
8952
8953
8954
8955
8956
8957
8958
8959
8960
8961
8962
8963
8964
9006
9007
9010
9011
9012
9013
9014
9015
9016
9017
9018
9019
9020
9021
9022
9023
9024
9025
9026
9027
9028
9029
9031
9032
9198
9199
9200
9201
9202
9203
9204
9205
9206
9208
9209
9210
9211
9212
9216
9217
9218
9219
9220
9221
9222
9223
9224
9225
9226
9227
9228
9229
9230
9231
9232
9233
9234
9235
9236
9238
9239
9241
9244
9245
9246
9247
9248
9249
9250
9251
9252
9253
9254
9255
9256
9257
9258
9259
9260
9261
9262
9263
9264
9265
9267
9268
9269
9272
9273
9274
9275
9276
9277
9278
9279
9280
9281
9282
9283
9284
9285
9286
9287
9288
9289
9290
9291
9292
9293
9294
9295
9296
9297
9299
9300
9301
9302
9303
9304
9305
9306
9307
9308
9309
9310
9311
9312
9313
9314
9315
9316
9317
9318
9319
9320
9321
9322
9323
9324
9326
9327
9328
9329
9330
9331
9332
9333
9334
9335
9336
9337
9338
9339
9340
9341
9342
9343
9344
9345
9346
9347
9348
9349
9350
9351
9354
9355
9356
9357
9358
9359
9360
9361
9362
9363
9364
9365
9366
9367
9368
9369
9370
9371
9372
9373
9374
9375
9376
9377
9378
9435
9437
9438
9440
9441
9442
9444
9445
9446
9447
9449
9450
9451
9452
9453
9456
9457
9458
9459
9460
9462
9463
9464
9465
9466
9467
9468
9484
9487
9488
9489
9490
9491
9506
9507
9508
9510
9511
9512
9513
9514
9515
9530
9531
9532
9533
9534
9535
9536
9548
9549
9550
9551
9552
9553
9554
9563
9564
9565
9566
9567
9568
9569
9577
9578
9579
9580
9581
9582
9583
9595
9596
9597
9598
9599
9600
9601
9602
9603
9604
9605
9606
9607
9608
9614
9617
9618
9619
9620
9621
9622
9623
9624
9625
9626
9627
9628
9629
9630
9656
9657
9658
9659
9660
9661
9662
9663
9664
9675
9676
9677
9678
9679
9680
9681
9682
9683
9736
9737
9738
9739
9740
9741
9742
9743
9744
9749
9750
9751
9752
9753
9754
9755
9756
9757
9758
9759
9760
9761
9762
9763
9764
9765
9766
9767
9769
9770
9771
9772
9773
9774
9775
9776
9777
9778
9779
9780
9781
9782
9783
9784
9785
9786
9787
9788
9799
9804
9807
9810
9811
9812
9813
9814
9815
9816
9817
9818
9819
9820
9821
9822
9823
9824
9825
9826
9827
9830
9831
9832
9833
9834
9835
9836
9837
9838
9839
9840
9841
9842
9843
9844
9845
9846
9847
9848
9849
9891
9892
9895
9896
9897
9898
9899
9900
9901
9902
9903
9904
9905
9906
9907
9908
9909
9910
9911
9912
9913
9914
9915
9917
9918
10104
10105
10106
10107
10108
10109
10110
10111
10112
10114
10115
10116
10117
10118
10122
10123
10124
10125
10126
10127
10128
10129
10130
10131
10132
10133
10134
10135
10136
10137
10138
10139
10140
10141
10142
10143
10145
10146
10147
10150
10151
10152
10153
10154
10155
10156
10157
10158
10159
10160
10161
10162
10163
10164
10165
10166
10167
10168
10169
10170
10171
10172
10173
10174
10177
10178
10179
10180
10181
10182
10183
10184
10185
10186
10187
10188
10189
10190
10191
10192
10193
10194
10195
10196
10197
10198
10199
10200
10201
10202
10204
10205
10206
10207
10208
10209
10210
10211
10212
10213
10214
10215
10216
10217
10218
10219
10220
10221
10222
10223
10224
10225
10226
10227
10228
10229
10232
10233
10234
10235
10236
10237
10238
10239
10240
10241
10242
10243
10244
10245
10246
10247
10248
10249
10250
10251
10252
10253
10254
10255
10256
10260
10261
10262
10263
10264
10265
10266
10267
10268
10269
10270
10271
10272
10273
10274
10275
10276
10277
10278
10279
10280
10281
10282
10283
10355
10356
10358
10359
10360
10362
10363
10364
10365
10367
10368
10369
10370
10371
10373
10374
10375
10376
10377
10378
10382
10383
10384
10385
10386
10388
10389
10390
10391
10392
10393
10394
10395
10414
10415
10416
10417
10418
10419
10435
10436
10437
10438
10439
10440
10441
10442
10443
10444
10460
10461
10462
10463
10464
10465
10466
10479
10480
10481
10482
10483
10484
10485
10495
10496
10497
10498
10499
10500
10501
10510
10511
10512
10513
10514
10515
10516
10528
10529
10530
10531
10532
10533
10534
10535
10536
10537
10538
10539
10540
10541
10542
10548
10551
10552
10553
10554
10555
10556
10557
10558
10559
10560
10561
10562
10563
10564
10565
10592
10593
10594
10595
10596
10597
10598
10599
10600
10612
10613
10614
10615
10616
10617
10618
10619
10620
10674
10675
10676
10677
10678
10679
10680
10681
10682
10687
10688
10689
10690
10691
10692
10693
10694
10695
10696
10697
10698
10699
10700
10701
10702
10703
10704
10705
10706
10708
10709
10710
10711
10712
10713
10714
10715
10716
10717
10718
10719
10720
10721
10722
10723
10724
10725
10726
10727
10728
10739
10744
10747
10750
10751
10752
10753
10754
10755
10756
10757
10758
10759
10760
10761
10762
10763
10764
10765
10766
10767
10768
10771
10772
10773
10774
10775
10776
10777
10778
10779
10780
10781
10782
10783
10784
10785
10786
10787
10788
10789
10790
10791
10833
10834
10837
10838
10839
10840
10841
10842
10843
10844
10845
10846
10847
10848
10849
10850
10851
10852
10853
10854
10855
10856
10857
10858
10860
10861
11065
11066
11067
11068
11069
11070
11071
11072
11073
11075
11076
11077
11078
11079
11083
11084
11085
11086
11087
11088
11089
11090
11091
11092
11093
11094
11095
11096
11097
11098
11099
11100
11101
11102
11103
11104
11105
11106
11107
11110
11111
11112
11113
11114
11115
11116
11117
11118
11119
11120
11121
11122
11123
11124
11125
11126
11127
11128
11129
11130
11131
11132
11133
11134
11137
11138
11139
11140
11141
11142
11143
11144
11145
11146
11147
11148
11149
11150
11151
11152
11153
11154
11155
11156
11157
11158
11159
11160
11161
11162
11165
11166
11167
11168
11169
11170
11171
11172
11173
11174
11175
11176
11177
11178
11179
11180
11181
11182
11183
11184
11185
11186
11187
11188
11189
11193
11194
11195
11196
11197
11198
11199
11200
11201
11202
11203
11204
11205
11206
11207
11208
11209
11210
11211
11212
11213
11214
11215
11216
11221
11222
11223
11224
11225
11226
11227
11228
11229
11230
11231
11232
11233
11234
11235
11236
11237
11238
11239
11240
11241
11242
11243
11332
11333
11334
11336
11337
11338
11339
11341
11342
11343
11344
11345
11347
11348
11349
11350
11351
11352
11354
11355
11356
11357
11358
11359
11360
11365
11366
11367
11368
11369
11371
11372
11373
11374
11375
11376
11377
11378
11379
11399
11400
11401
11402
11403
11404
11420
11421
11422
11423
11424
11425
11426
11427
11428
11429
11430
11447
11448
11449
11450
11451
11452
11453
11467
11468
11469
11470
11471
11472
11473
11484
11485
11486
11487
11488
11489
11490
11500
11501
11502
11503
11504
11505
11506
11518
11519
11520
11521
11522
11523
11524
11525
11526
11527
11528
11529
11530
11531
11532
11533
11539
11542
11543
11544
11545
11546
11547
11548
11549
11550
11551
11552
11553
11554
11555
11556
11557
11585
11586
11587
11588
11589
11590
11591
11592
11593
11606
11607
11608
11609
11610
11611
11612
11613
11614
11669
11670
11671
11672
11673
11674
11675
11676
11677
11682
11683
11684
11685
11686
11687
11688
11689
11690
11691
11692
11693
11694
11695
11696
11697
11698
11699
11700
11701
11702
11704
11705
11706
11707
11708
11709
11710
11711
11712
11713
11714
11715
11716
11717
11718
11719
11720
11721
11722
11723
11724
11725
11736
11741
11744
11747
11748
11749
11750
11751
11752
11753
11754
11755
11756
11757
11758
11759
11760
11761
11762
11763
11764
11765
11766
11769
11770
11771
11772
11773
11774
11775
11776
11777
11778
11779
11780
11781
11782
11783
11784
11785
11786
11787
11788
11789
11790
11832
11833
11836
11837
11838
11839
11840
11841
11842
11843
11844
11845
11846
11847
11848
11849
11850
11851
11852
11853
11854
11855
11856
11857
11858
11859
11860
12082
12083
12084
12085
12086
12087
12088
12089
12090
12092
12093
12094
12095
12099
12100
12101
12102
12103
12104
12105
12106
12107
12108
12109
12110
12111
12112
12113
12114
12115
12116
12117
12118
12119
12120
12121
12122
12123
12126
12127
12128
12129
12130
12131
12132
12133
12134
12135
12136
12137
12138
12139
12140
12141
12142
12143
12144
12145
12146
12147
12148
12149
12150
12154
12155
12156
12157
12158
12159
12160
12161
12162
12163
12164
12165
12166
12167
12168
12169
12170
12171
12172
12173
12174
12175
12176
12177
12178
12182
12183
12184
12185
12186
12187
12188
12189
12190
12191
12192
12193
12194
12195
12196
12197
12198
12199
12200
12201
12202
12203
12204
12205
12210
12211
12212
12213
12214
12215
12216
12217
12218
12219
12220
12221
12222
12223
12224
12225
12226
12227
12228
12229
12230
12231
12232
12238
12239
12240
12241
12242
12243
12244
12245
12246
12247
12248
12249
12250
12251
12252
12253
12254
12255
12256
12257
12258
12259
12371
12372
12373
12374
12376
12377
12378
12379
12380
12382
12383
12384
12385
12386
12387
12389
12390
12391
12392
12393
12394
12395
12397
12398
12399
12400
12401
12402
12403
12404
12410
12411
12412
12413
12414
12416
12417
12418
12419
12420
12421
12422
12423
12424
12425
12446
12447
12448
12449
12450
12451
12467
12468
12469
12470
12471
12472
12473
12474
12475
12476
12477
12478
12496
12497
12498
12499
12500
12501
12502
12517
12518
12519
12520
12521
12522
12523
12535
12536
12537
12538
12539
12540
12541
12552
12553
12554
12555
12556
12557
12558
12570
12571
12572
12573
12574
12575
12576
12577
12578
12579
12580
12581
12582
12583
12584
12585
12586
12592
12595
12596
12597
12598
12599
12600
12601
12602
12603
12604
12605
12606
12607
12608
12609
12610
12611
12640
12641
12642
12643
12644
12645
12646
12647
12648
12662
12663
12664
12665
12666
12667
12668
12669
12670
12726
12727
12728
12729
12730
12731
12732
12733
12734
12739
12740
12741
12742
12743
12744
12745
12746
12747
12748
12749
12750
12751
12752
12753
12754
12755
12756
12757
12758
12759
12760
12762
12763
12764
12765
12766
12767
12768
12769
12770
12771
12772
12773
12774
12775
12776
12777
12778
12779
12780
12781
12782
12783
12784
12795
12800
12803
12806
12807
12808
12809
12810
12811
12812
12813
12814
12815
12816
12817
12818
12819
12820
12821
12822
12823
12824
12825
12826
12829
12830
12831
12832
12833
12834
12835
12836
12837
12838
12839
12840
12841
12842
12843
12844
12845
12846
12847
12848
12849
12850
12851
12890
12891
12893
12894
12895
12896
12897
12898
12899
12900
12901
12902
12903
12904
12905
12906
12907
12908
12909
12910
12911
12912
12913
12914
12915
12916
12917
13160
13161
13162
13163
13164
13165
13166
13167
13168
13170
13171
13172
13176
13177
13178
13179
13180
13181
13182
13183
13184
13185
13186
13187
13188
13189
13190
13191
13192
13193
13194
13195
13196
13197
13198
13199
13200
13204
13205
13206
13207
13208
13209
13210
13211
13212
13213
13214
13215
13216
13217
13218
13219
13220
13221
13222
13223
13224
13225
13226
13227
13232
13233
13234
13235
13236
13237
13238
13239
13240
13241
13242
13243
13244
13245
13246
13247
13248
13249
13250
13251
13252
13253
13254
13255
13260
13261
13262
13263
13264
13265
13266
13267
13268
13269
13270
13271
13272
13273
13274
13275
13276
13277
13278
13279
13280
13281
13282
13288
13289
13290
13291
13292
13293
13294
13295
13296
13297
13298
13299
13300
13301
13302
13303
13304
13305
13306
13307
13308
13309
13316
13317
13318
13319
13320
13321
13322
13323
13324
13325
13326
13327
13328
13329
13330
13331
13332
13333
13334
13335
13336
13476
13477
13478
13479
13480
13482
13483
13484
13485
13486
13487
13489
13490
13491
13492
13493
13494
13495
13497
13498
13499
13500
13501
13502
13503
13504
13506
13507
13508
13509
13510
13511
13512
13513
13514
13521
13522
13523
13524
13525
13527
13528
13529
13530
13531
13532
13533
13534
13535
13536
13537
13559
13560
13561
13562
13563
13564
13580
13581
13582
13583
13584
13585
13586
13587
13588
13589
13590
13591
13592
13611
13612
13613
13614
13615
13616
13617
13633
13634
13635
13636
13637
13638
13639
13652
13653
13654
13655
13656
13657
13658
13670
13671
13672
13673
13674
13675
13676
13688
13689
13690
13691
13692
13693
13694
13695
13696
13697
13698
13699
13700
13701
13702
13703
13704
13705
13711
13714
13715
13716
13717
13718
13719
13720
13721
13722
13723
13724
13725
13726
13727
13728
13729
13730
13731
13761
13762
13763
13764
13765
13766
13767
13768
13769
13784
13785
13786
13787
13788
13789
13790
13791
13792
13849
13850
13851
13852
13853
13854
13855
13856
13857
13862
13863
13864
13865
13866
13867
13868
13869
13870
13871
13872
13873
13874
13875
13876
13877
13878
13879
13880
13881
13882
13883
13884
13886
13887
13888
13889
13890
13891
13892
13893
13894
13895
13896
13897
13898
13899
13900
13901
13902
13903
13904
13905
13906
13907
13908
13909
13920
13925
13928
13931
13932
13933
13934
13935
13936
13937
13938
13939
13940
13941
13942
13943
13944
13945
13946
13947
13948
13949
13950
13951
13952
13954
13955
13956
13957
13958
13959
13960
13961
13962
13963
13964
13965
13966
13967
13968
13969
13970
13971
13972
13973
13974
13975
13976
13977
14012
14014
14015
14016
14017
14018
14019
14020
14021
14022
14023
14024
14025
14026
14027
14028
14029
14030
14031
14032
14033
14034
14035
14036
14037
14038
14301
14302
14303
14304
14305
14306
14307
14308
14309
14311
14312
14317
14318
14319
14320
14321
14322
14323
14324
14325
14326
14327
14328
14329
14330
14331
14332
14333
14334
14335
14336
14337
14338
14339
14340
14345
14346
14347
14348
14349
14350
14351
14352
14353
14354
14355
14356
14357
14358
14359
14360
14361
14362
14363
14364
14365
14366
14367
14373
14374
14375
14376
14377
14378
14379
14380
14381
14382
14383
14384
14385
14386
14387
14388
14389
14390
14391
14392
14393
14394
14395
14401
14402
14403
14404
14405
14406
14407
14408
14409
14410
14411
14412
14413
14414
14415
14416
14417
14418
14419
14420
14421
14422
14429
14430
14431
14432
14433
14434
14435
14436
14437
14438
14439
14440
14441
14442
14443
14444
14445
14446
14447
14448
14449
14457
14458
14459
14460
14461
14462
14463
14464
14465
14466
14467
14468
14469
14470
14471
14472
14473
14474
14475
14476
14649
14650
14651
14652
14653
14654
14656
14657
14658
14659
14660
14661
14662
14664
14665
14666
14667
14668
14669
14670
14671
14673
14674
14675
14676
14677
14678
14679
14680
14681
14683
14684
14685
14686
14687
14688
14689
14690
14691
14692
14700
14701
14702
14703
14704
14706
14707
14708
14709
14710
14711
14712
14713
14714
14715
14716
14717
14740
14741
14742
14743
14744
14745
14761
14762
14763
14764
14765
14766
14767
14768
14769
14770
14771
14772
14773
14774
14794
14795
14796
14797
14798
14799
14800
14817
14818
14819
14820
14821
14822
14823
14837
14838
14839
14840
14841
14842
14843
14856
14857
14858
14859
14860
14861
14862
14874
14875
14876
14877
14878
14879
14880
14881
14882
14883
14884
14885
14886
14887
14888
14889
14890
14891
14892
14898
14901
14902
14903
14904
14905
14906
14907
14908
14909
14910
14911
14912
14913
14914
14915
14916
14917
14918
14919
14950
14951
14952
14953
14954
14955
14956
14957
14958
14974
14975
14976
14977
14978
14979
14980
14981
14982
15037
15038
15039
15040
15041
15042
15043
15044
15045
15050
15051
15052
15053
15054
15055
15056
15057
15058
15059
15060
15061
15062
15063
15064
15065
15066
15067
15068
15069
15070
15071
15072
15073
15075
15076
15077
15078
15079
15080
15081
15082
15083
15084
15085
15086
15087
15088
15089
15090
15091
15092
15093
15094
15095
15096
15097
15098
15099
15107
15112
15115
15118
15119
15120
15121
15122
15123
15124
15125
15126
15127
15128
15129
15130
15131
15132
15133
15134
15135
15136
15137
15138
15139
15141
15142
15143
15144
15145
15146
15147
15148
15149
15150
15151
15152
15153
15154
15155
15156
15157
15158
15159
15160
15161
15162
15163
15164
15165
15198
15199
15200
15201
15202
15203
15204
15205
15206
15207
15208
15209
15210
15211
15212
15213
15214
15215
15216
15217
15218
15219
15220
15221
15506
15507
15508
15509
15510
15511
15512
15513
15514
15516
15522
15523
15524
15525
15526
15527
15528
15529
15530
15531
15532
15533
15534
15535
15536
15537
15538
15539
15540
15541
15542
15543
15544
15550
15551
15552
15553
15554
15555
15556
15557
15558
15559
15560
15561
15562
15563
15564
15565
15566
15567
15568
15569
15570
15571
15578
15579
15580
15581
15582
15583
15584
15585
15586
15587
15588
15589
15590
15591
15592
15593
15594
15595
15596
15597
15598
15599
15606
15607
15608
15609
15610
15611
15612
15613
15614
15615
15616
15617
15618
15619
15620
15621
15622
15623
15624
15625
15626
15634
15635
15636
15637
15638
15639
15640
15641
15642
15643
15644
15645
15646
15647
15648
15649
15650
15651
15652
15653
15662
15663
15664
15665
15666
15667
15668
15669
15670
15671
15672
15673
15674
15675
15676
15677
15678
15679
15887
15888
15889
15890
15891
15892
15893
15895
15896
15897
15898
15899
15900
15901
15902
15904
15905
15906
15907
15908
15909
15910
15911
15912
15914
15915
15916
15917
15918
15919
15920
15921
15922
15923
15925
15926
15927
15928
15929
15930
15931
15932
15933
15934
15935
15944
15945
15946
15947
15948
15950
15951
15952
15953
15954
15955
15956
15957
15958
15959
15960
15961
15962
15986
15987
15988
15989
15990
15991
16007
16008
16009
16010
16011
16012
16013
16014
16015
16016
16017
16018
16019
16020
16021
16042
16043
16044
16045
16046
16047
16048
16066
16067
16068
16069
16070
16071
16072
16087
16088
16089
16090
16091
16092
16093
16107
16108
16109
16110
16111
16112
16113
16125
16126
16127
16128
16129
16130
16131
16132
16133
16134
16135
16136
16137
16138
16139
16140
16141
16142
16143
16144
16150
16153
16154
16155
16156
16157
16158
16159
16160
16161
16162
16163
16164
16165
16166
16167
16168
16169
16170
16171
16172
16204
16205
16206
16207
16208
16209
16210
16211
16212
16229
16230
16231
16232
16233
16234
16235
16236
16237
16293
16294
16295
16296
16297
16298
16299
16300
16301
16306
16307
16308
16309
16310
16311
16312
16313
16314
16315
16316
16317
16318
16319
16320
16321
16322
16323
16324
16325
16326
16327
16328
16329
16330
16332
16333
16334
16335
16336
16337
16338
16339
16340
16341
16342
16343
16344
16345
16346
16347
16348
16349
16350
16351
16352
16353
16354
16355
16356
16360
16365
16368
16371
16372
16373
16374
16375
16376
16377
16378
16379
16380
16381
16382
16383
16384
16385
16386
16387
16388
16389
16390
16391
16392
16395
16396
16397
16398
16399
16400
16401
16402
16403
16404
16405
16406
16407
16408
16409
16410
16411
16412
16413
16414
16415
16416
16417
16418
16448
16449
16450
16451
16452
16453
16454
16455
16456
16457
16458
16459
16460
16461
16462
16463
16464
16465
16466
16467
16468
16469
16470
16777
16778
16779
16780
16781
16782
16783
16784
16785
16793
16794
16795
16796
16797
16798
16799
16800
16801
16802
16803
16804
16805
16806
16807
16808
16809
16810
16811
16812
16813
16814
16821
16822
16823
16824
16825
16826
16827
16828
16829
16830
16831
16832
16833
16834
16835
16836
16837
16838
16839
16840
16841
16849
16850
16851
16852
16853
16854
16855
16856
16857
16858
16859
16860
16861
16862
16863
16864
16865
16866
16867
16868
16869
16877
16878
16879
16880
16881
16882
16883
16884
16885
16886
16887
16888
16889
16890
16891
16892
16893
16894
16895
16896
16905
16906
16907
16908
16909
16910
16911
16912
16913
16914
16915
16916
16917
16918
16919
16920
16921
16922
16933
16934
16935
16936
16937
16938
16939
16940
16941
16942
16943
16944
16945
16946
16947
16948
16949
17196
17197
17198
17199
17200
17201
17202
17203
17205
17206
17207
17208
17209
17210
17211
17212
17213
17215
17216
17217
17218
17219
17220
17221
17222
17223
17224
17226
17227
17228
17229
17230
17231
17232
17233
17234
17235
17236
17238
17239
17240
17241
17242
17243
17244
17245
17246
17247
17248
17249
17259
17260
17261
17262
17263
17265
17266
17267
17268
17269
17270
17271
17272
17273
17274
17275
17276
17277
17278
17303
17304
17305
17306
17307
17308
17324
17325
17326
17327
17328
17329
17330
17331
17332
17333
17334
17335
17336
17337
17338
17339
17361
17362
17363
17364
17365
17366
17367
17386
17387
17388
17389
17390
17391
17392
17408
17409
17410
17411
17412
17413
17414
17429
17430
17431
17432
17433
17434
17435
17447
17448
17449
17450
17451
17452
17453
17454
17455
17456
17457
17458
17459
17460
17461
17462
17463
17464
17465
17466
17467
17473
17476
17477
17478
17479
17480
17481
17482
17483
17484
17485
17486
17487
17488
17489
17490
17491
17492
17493
17494
17495
17496
17526
17527
17528
17529
17530
17531
17532
17533
17534
17552
17553
17554
17555
17556
17557
17558
17559
17560
17617
17618
17619
17620
17621
17622
17623
17624
17625
17633
17634
17635
17636
17637
17638
17639
17640
17641
17642
17643
17644
17645
17646
17647
17648
17649
17650
17651
17652
17653
17654
17655
17656
17657
17659
17660
17661
17662
17663
17664
17665
17666
17667
17668
17669
17670
17671
17672
17673
17674
17675
17676
17677
17678
17679
17680
17681
17682
17683
17688
17691
17694
17695
17696
17697
17698
17699
17700
17701
17702
17703
17704
17705
17706
17707
17708
17709
17710
17711
17712
17713
17714
17715
17719
17720
17721
17722
17723
17724
17725
17726
17727
17728
17729
17730
17731
17732
17733
17734
17735
17736
17737
17738
17739
17740
17741
17768
17769
17770
17771
17772
17773
17774
17775
17776
17777
17778
17779
17780
17781
17782
17783
17784
17785
17786
17787
17788
17789
18122
18123
18124
18125
18126
18127
18128
18129
18138
18139
18140
18141
18142
18143
18144
18145
18146
18147
18148
18149
18150
18151
18152
18153
18154
18155
18156
18157
18158
18166
18167
18168
18169
18170
18171
18172
18173
18174
18175
18176
18177
18178
18179
18180
18181
18182
18183
18184
18185
18194
18195
18196
18197
18198
18199
18200
18201
18202
18203
18204
18205
18206
18207
18208
18209
18210
18211
18212
18213
18222
18223
18224
18225
18226
18227
18228
18229
18230
18231
18232
18233
18234
18235
18236
18237
18238
18239
18250
18251
18252
18253
18254
18255
18256
18257
18258
18259
18260
18261
18262
18263
18264
18265
18266
18278
18279
18280
18281
18282
18283
18284
18285
18286
18287
18288
18289
18290
18291
18292
18293
18584
18585
18586
18587
18588
18589
18590
18591
18592
18594
18595
18596
18597
18598
18599
18600
18601
18602
18603
18605
18606
18607
18608
18609
18610
18611
18612
18613
18614
18615
18617
18618
18619
18620
18621
18622
18623
18624
18625
18626
18627
18628
18630
18631
18632
18633
18634
18635
18636
18637
18638
18639
18640
18641
18642
18653
18654
18655
18656
18657
18659
18660
18661
18662
18663
18664
18665
18666
18667
18668
18669
18670
18671
18672
18673
18699
18700
18701
18702
18703
18704
18720
18721
18722
18723
18724
18725
18726
18727
18728
18729
18730
18731
18732
18733
18734
18735
18736
18759
18760
18761
18762
18763
18764
18765
18785
18786
18787
18788
18789
18790
18791
18808
18809
18810
18811
18812
18813
18814
18830
18831
18832
18833
18834
18835
18836
18848
18849
18850
18851
18852
18853
18854
18855
18856
18857
18858
18859
18860
18861
18862
18863
18864
18865
18866
18867
18868
18869
18878
18881
18882
18883
18884
18885
18886
18887
18888
18889
18890
18891
18892
18893
18894
18895
18896
18897
18898
18899
18900
18901
18902
18933
18934
18935
18936
18937
18938
18939
18940
18941
18960
18961
18962
18963
18964
18965
18966
18967
18968
19026
19027
19028
19029
19030
19031
19032
19033
19037
19038
19039
19040
19041
19042
19043
19044
19045
19046
19047
19048
19049
19050
19051
19052
19053
19054
19055
19056
19057
19058
19059
19060
19061
19064
19065
19066
19067
19068
19069
19070
19071
19072
19073
19074
19075
19076
19077
19078
19079
19080
19081
19082
19083
19084
19085
19086
19087
19092
19095
19096
19097
19098
19099
19100
19101
19102
19103
19104
19105
19106
19107
19108
19109
19110
19111
19112
19113
19114
19115
19116
19121
19122
19123
19124
19125
19126
19127
19128
19129
19130
19131
19132
19133
19134
19135
19136
19137
19138
19139
19140
19141
19142
19166
19167
19168
19169
19170
19171
19172
19173
19174
19175
19176
19177
19178
19179
19180
19181
19182
19183
19184
19185
19186
19544
19545
19546
19547
19548
19549
19550
19560
19561
19562
19563
19564
19565
19566
19567
19568
19569
19570
19571
19572
19573
19574
19575
19576
19577
19578
19579
19588
19589
19590
19591
19592
19593
19594
19595
19596
19597
19598
19599
19600
19601
19602
19603
19604
19605
19606
19616
19617
19618
19619
19620
19621
19622
19623
19624
19625
19626
19627
19628
19629
19630
19631
19632
19633
19644
19645
19646
19647
19648
19649
19650
19651
19652
19653
19654
19655
19656
19657
19658
19659
19660
19672
19673
19674
19675
19676
19677
19678
19679
19680
19681
19682
19683
19684
19685
19686
19687
19700
19701
19702
19703
19704
19705
19706
19707
19708
19709
19710
19711
19712
19713
19714
20053
20054
20055
20056
20057
20058
20059
20060
20061
20062
20064
20065
20066
20067
20068
20069
20070
20071
20072
20073
20074
20076
20077
20078
20079
20080
20081
20082
20083
20084
20085
20086
20087
20089
20090
20091
20092
20093
20094
20095
20096
20097
20098
20099
20100
20101
20103
20104
20105
20106
20107
20108
20109
20110
20111
20112
20113
20114
20115
20116
20128
20129
20130
20131
20132
20136
20137
20138
20139
20140
20141
20142
20143
20144
20145
20146
20147
20148
20149
20150
20151
20178
20179
20180
20181
20182
20183
20199
20200
20201
20202
20203
20204
20205
20206
20207
20208
20209
20210
20211
20212
20213
20214
20215
20216
20240
20241
20242
20243
20244
20245
20246
20267
20268
20269
20270
20271
20272
20273
20291
20292
20293
20294
20295
20296
20297
20314
20315
20316
20317
20318
20319
20320
20335
20336
20337
20338
20339
20340
20341
20342
20343
20344
20345
20346
20347
20348
20349
20350
20351
20352
20353
20354
20355
20356
20357
20362
20363
20364
20365
20366
20367
20368
20369
20370
20371
20372
20373
20374
20375
20376
20377
20378
20379
20380
20381
20382
20383
20384
20385
20417
20418
20419
20420
20421
20422
20423
20424
20425
20445
20446
20447
20448
20449
20450
20451
20452
20509
20510
20511
20512
20513
20514
20515
20519
20520
20521
20522
20523
20524
20525
20526
20527
20528
20529
20530
20531
20532
20533
20534
20535
20536
20537
20538
20539
20540
20541
20542
20546
20547
20548
20549
20550
20551
20552
20553
20554
20555
20556
20557
20558
20559
20560
20561
20562
20563
20564
20565
20566
20567
20568
20574
20575
20576
20577
20578
20579
20580
20581
20582
20583
20584
20585
20586
20587
20588
20589
20590
20591
20592
20593
20594
20595
20601
20602
20603
20604
20605
20606
20607
20608
20609
20610
20611
20612
20613
20614
20615
20616
20617
20618
20619
20620
20621
20642
20643
20644
20645
20646
20647
20648
20649
20650
20651
20652
20653
20654
20655
20656
20657
20658
20659
20660
20661
21049
21050
21051
21052
21053
21054
21064
21065
21066
21067
21068
21069
21070
21071
21072
21073
21074
21075
21076
21077
21078
21079
21080
21081
21082
21092
21093
21094
21095
21096
21097
21098
21099
21100
21101
21102
21103
21104
21105
21106
21107
21108
21109
21120
21121
21122
21123
21124
21125
21126
21127
21128
21129
21130
21131
21132
21133
21134
21135
21136
21148
21149
21150
21151
21152
21153
21154
21155
21156
21157
21158
21159
21160
21161
21162
21163
21176
21177
21178
21179
21180
21181
21182
21183
21184
21185
21186
21187
21188
21189
21190
21204
21205
21206
21207
21208
21209
21210
21211
21212
21213
21214
21215
21216
21217
21602
21603
21604
21605
21606
21607
21608
21609
21610
21611
21612
21614
21615
21616
21617
21618
21619
21620
21621
21622
21623
21624
21625
21627
21628
21629
21630
21631
21632
21633
21634
21635
21636
21637
21638
21639
21641
21642
21643
21644
21645
21646
21647
21648
21649
21650
21651
21652
21653
21654
21658
21659
21660
21661
21662
21663
21664
21665
21666
21667
21668
21669
21670
21671
21672
21685
21686
21687
21688
21689
21695
21696
21697
21698
21699
21700
21701
21702
21703
21704
21705
21706
21707
21708
21709
21710
21711
21739
21740
21741
21742
21743
21744
21763
21764
21765
21766
21767
21768
21769
21770
21771
21772
21773
21774
21775
21776
21777
21778
21779
21780
21781
21806
21807
21808
21809
21810
21811
21812
21834
21835
21836
21837
21838
21839
21840
21857
21858
21859
21860
21861
21862
21863
21881
21882
21883
21884
21885
21886
21887
21896
21897
21898
21899
21900
21901
21902
21903
21904
21905
21906
21907
21908
21909
21910
21911
21912
21913
21914
21915
21916
21917
21918
21919
21921
21922
21923
21924
21925
21926
21927
21928
21929
21930
21931
21932
21933
21934
21935
21936
21937
21938
21939
21940
21941
21942
21943
21944
21979
21980
21981
21982
21983
21984
21985
21986
22008
22009
22010
22011
22012
22013
22014
22073
22074
22075
22076
22077
22078
22083
22084
22085
22086
22087
22088
22089
22090
22091
22092
22093
22094
22095
22096
22097
22098
22099
22100
22101
22102
22103
22104
22105
22110
22111
22112
22113
22114
22115
22116
22117
22118
22119
22120
22121
22122
22123
22124
22125
22126
22127
22128
22129
22130
22131
22137
22138
22139
22140
22141
22142
22143
22144
22145
22146
22147
22148
22149
22150
22151
22152
22153
22154
22155
22156
22157
22164
22165
22166
22167
22168
22169
22170
22171
22172
22173
22174
22175
22176
22177
22178
22179
22180
22181
22182
22183
22201
22202
22203
22204
22205
22206
22207
22208
22209
22210
22211
22212
22213
22214
22215
22216
22217
22218
22219
22640
22641
22642
22643
22644
22654
22655
22656
22657
22658
22659
22660
22661
22662
22663
22664
22665
22666
22667
22668
22669
22670
22671
22682
22683
22684
22685
22686
22687
22688
22689
22690
22691
22692
22693
22694
22695
22696
22697
22698
22710
22711
22712
22713
22714
22715
22716
22717
22718
22719
22720
22721
22722
22723
22724
22725
22738
22739
22740
22741
22742
22743
22744
22745
22746
22747
22748
22749
22750
22751
22752
22766
22767
22768
22769
22770
22771
22772
22773
22774
22775
22776
22777
22778
22779
22794
22795
22796
22797
22798
22799
22800
22801
22802
22803
22804
22805
22806
23232
23233
23234
23235
23236
23237
23238
23239
23240
23241
23242
23243
23245
23246
23247
23248
23249
23250
23251
23252
23253
23254
23255
23256
23257
23259
23260
23261
23262
23263
23264
23265
23266
23267
23268
23269
23270
23271
23272
23276
23277
23278
23279
23280
23281
23282
23283
23284
23285
23286
23287
23288
23289
23290
23296
23297
23298
23299
23300
23301
23302
23303
23304
23305
23306
23307
23308
23309
23310
23311
23325
23326
23327
23328
23329
23340
23341
23342
23343
23344
23345
23346
23347
23348
23349
23350
23351
23352
23353
23354
23355
23356
23357
23386
23387
23388
23389
23390
23391
23404
23405
23406
23407
23408
23409
23410
23411
23412
23413
23414
23415
23416
23417
23418
23419
23420
23421
23422
23423
23449
23450
23451
23452
23453
23454
23455
23476
23477
23478
23479
23480
23481
23482
23500
23501
23502
23503
23504
23505
23506
23525
23526
23527
23528
23529
23530
23531
23536
23537
23538
23539
23540
23541
23542
23543
23544
23545
23546
23547
23548
23549
23550
23551
23552
23553
23554
23555
23556
23557
23558
23559
23560
23561
23562
23563
23564
23565
23566
23567
23568
23569
23570
23571
23572
23573
23574
23575
23576
23577
23578
23579
23580
23581
23582
23616
23617
23618
23619
23620
23621
23622
23646
23647
23648
23649
23650
23651
23709
23710
23711
23712
23713
23718
23719
23720
23721
23722
23723
23724
23725
23726
23727
23728
23729
23730
23731
23732
23733
23734
23735
23736
23737
23738
23739
23745
23746
23747
23748
23749
23750
23751
23752
23753
23754
23755
23756
23757
23758
23759
23760
23761
23762
23763
23764
23765
23772
23773
23774
23775
23776
23777
23778
23779
23780
23781
23782
23783
23784
23785
23786
23787
23788
23789
23790
23791
23799
23800
23801
23802
23803
23804
23805
23806
23807
23808
23809
23810
23811
23812
23813
23814
23815
23816
23817
23832
23833
23834
23835
23836
23837
23838
23839
23840
23841
23842
23843
23844
23845
23846
23847
23848
23849
24308
24309
24310
24311
24322
24323
24324
24325
24326
24327
24328
24329
24330
24331
24332
24333
24334
24335
24336
24337
24338
24350
24351
24352
24353
24354
24355
24356
24357
24358
24359
24360
24361
24362
24363
24364
24365
24378
24379
24380
24381
24382
24383
24384
24385
24386
24387
24388
24389
24390
24391
24392
24406
24407
24408
24409
24410
24411
24412
24413
24414
24415
24416
24417
24418
24419
24434
24435
24436
24437
24438
24439
24440
24441
24442
24443
24444
24445
24446
24462
24463
24464
24465
24466
24467
24468
24469
24470
24471
24472
24473
24939
24940
24941
24942
24943
24944
24945
24946
24947
24948
24949
24950
24951
24953
24954
24955
24956
24957
24958
24959
24960
24961
24962
24963
24964
24965
24966
24970
24971
24972
24973
24974
24975
24976
24977
24978
24979
24980
24981
24982
24983
24984
24990
24991
24992
24993
24994
24995
24996
24997
24998
24999
25000
25001
25002
25003
25004
25005
25013
25014
25015
25016
25017
25018
25019
25020
25021
25022
25023
25024
25025
25026
25027
25028
25029
25044
25045
25046
25047
25048
25057
25058
25059
25060
25061
25062
25063
25064
25065
25066
25067
25068
25069
25070
25071
25072
25073
25074
25075
25105
25106
25107
25108
25109
25110
25119
25120
25121
25122
25123
25124
25125
25126
25127
25128
25129
25130
25131
25132
25133
25134
25135
25136
25137
25138
25165
25166
25167
25168
25169
25170
25171
25191
25192
25193
25194
25195
25196
25197
25216
25217
25218
25219
25220
25221
25222
25242
25243
25244
25245
25246
25247
25248
25250
25251
25252
25253
25254
25255
25256
25257
25258
25259
25260
25261
25262
25263
25264
25265
25266
25267
25268
25269
25270
25271
25272
25274
25275
25276
25277
25278
25279
25280
25281
25282
25283
25284
25285
25286
25287
25288
25289
25290
25291
25292
25293
25294
25295
25330
25331
25332
25333
25334
25335
25361
25362
25363
25364
25365
25420
25421
25422
25423
25429
25430
25431
25432
25433
25434
25435
25436
25437
25438
25439
25440
25441
25442
25443
25444
25445
25446
25447
25448
25449
25456
25457
25458
25459
25460
25461
25462
25463
25464
25465
25466
25467
25468
25469
25470
25471
25472
25473
25474
25475
25483
25484
25485
25486
25487
25488
25489
25490
25491
25492
25493
25494
25495
25496
25497
25498
25499
25500
25501
25510
25511
25512
25513
25514
25515
25516
25517
25518
25519
25520
25521
25522
25523
25524
25525
25526
25527
25540
25541
25542
25543
25544
25545
25546
25547
25548
25549
25550
25551
25552
25553
25554
25555
25556
26059
26060
26061
26073
26074
26075
26076
26077
26078
26079
26080
26081
26082
26083
26084
26085
26086
26087
26088
26101
26102
26103
26104
26105
26106
26107
26108
26109
26110
26111
26112
26113
26114
26115
26129
26130
26131
26132
26133
26134
26135
26136
26137
26138
26139
26140
26141
26142
26157
26158
26159
26160
26161
26162
26163
26164
26165
26166
26167
26168
26169
26185
26186
26187
26188
26189
26190
26191
26192
26193
26194
26195
26196
26213
26214
26215
26216
26217
26218
26219
26220
26221
26222
26223
26746
26747
26748
26749
26750
26751
26752
26753
26754
26755
26756
26757
26758
26759
26763
26764
26765
26766
26767
26768
26769
26770
26771
26772
26773
26774
26775
26776
26777
26783
26784
26785
26786
26787
26788
26789
26790
26791
26792
26793
26794
26795
26796
26797
26798
26807
26810
26811
26812
26813
26814
26815
26816
26817
26818
26819
26820
26821
26822
26823
26824
26825
26834
26835
26836
26837
26838
26839
26840
26841
26842
26843
26844
26845
26846
26847
26848
26849
26850
26851
26869
26870
26871
26872
26873
26882
26883
26884
26885
26886
26887
26888
26889
26890
26891
26892
26893
26894
26895
26896
26897
26898
26899
26900
26931
26932
26933
26934
26935
26936
26941
26942
26943
26944
26945
26946
26947
26948
26949
26950
26951
26952
26953
26954
26955
26956
26957
26958
26959
26960
26986
26987
26988
26989
26990
26991
26992
27013
27014
27015
27016
27017
27018
27019
27039
27040
27041
27042
27043
27044
27045
27066
27067
27068
27069
27070
27071
27073
27074
27075
27076
27077
27078
27079
27080
27081
27082
27083
27084
27085
27086
27087
27088
27089
27090
27091
27092
27093
27094
27097
27098
27099
27100
27101
27102
27103
27104
27105
27106
27107
27108
27109
27110
27111
27112
27113
27114
27115
27116
27117
27153
27154
27155
27156
27157
27184
27185
27186
27187
27237
27238
27239
27246
27247
27248
27249
27250
27251
27252
27253
27254
27255
27256
27257
27258
27259
27260
27261
27262
27263
27264
27265
27273
27274
27275
27276
27277
27278
27279
27280
27281
27282
27283
27284
27285
27286
27287
27288
27289
27290
27291
27300
27301
27302
27303
27304
27305
27306
27307
27308
27309
27310
27311
27312
27313
27314
27315
27316
27317
27327
27328
27329
27330
27331
27332
27333
27334
27335
27336
27337
27338
27339
27340
27341
27342
27343
27355
27356
27357
27358
27359
27360
27361
27362
27363
27364
27365
27366
27367
27368
27369
27370
27919
27920
27921
27934
27935
27936
27937
27938
27939
27940
27941
27942
27943
27944
27945
27946
27947
27948
27962
27963
27964
27965
27966
27967
27968
27969
27970
27971
27972
27973
27974
27975
27990
27991
27992
27993
27994
27995
27996
27997
27998
27999
28000
28001
28002
28018
28019
28020
28021
28022
28023
28024
28025
28026
28027
28028
28029
28046
28047
28048
28049
28050
28051
28052
28053
28054
28055
28056
28074
28075
28076
28077
28078
28079
28080
28081
28082
28083
28656
28657
28658
28659
28660
28661
28662
28663
28664
28665
28666
28667
28668
28669
28670
28676
28677
28678
28679
28680
28681
28682
28683
28684
28685
28686
28687
28688
28689
28690
28691
28700
28703
28704
28705
28706
28707
28708
28709
28710
28711
28712
28713
28714
28715
28716
28717
28718
28725
28726
28729
28730
28731
28732
28733
28734
28735
28736
28737
28738
28739
28740
28741
28742
28743
28744
28753
28754
28755
28756
28757
28758
28759
28760
28761
28762
28763
28764
28765
28766
28767
28768
28769
28770
28791
28792
28793
28794
28795
28802
28803
28804
28805
28806
28807
28808
28809
28810
28811
28812
28813
28814
28815
28816
28817
28818
28819
28820
28852
28853
28854
28855
28856
28857
28859
28860
28861
28862
28863
28864
28865
28866
28867
28868
28869
28870
28871
28872
28873
28874
28875
28876
28877
28878
28903
28904
28905
28906
28907
28908
28909
28929
28930
28931
28932
28933
28934
28935
28956
28957
28958
28959
28960
28961
28984
28985
28986
28987
28988
28991
28992
28993
28994
28995
28996
28997
28998
28999
29000
29001
29002
29003
29004
29005
29006
29007
29008
29009
29010
29011
29015
29016
29017
29018
29019
29020
29021
29022
29023
29024
29025
29026
29027
29028
29029
29030
29031
29032
29033
29034
29073
29074
29075
29076
29104
29105
29106
29155
29156
29157
29165
29166
29167
29168
29169
29170
29171
29172
29173
29174
29175
29176
29177
29178
29179
29180
29181
29182
29183
29192
29193
29194
29195
29196
29197
29198
29199
29200
29201
29202
29203
29204
29205
29206
29207
29208
29209
29219
29220
29221
29222
29223
29224
29225
29226
29227
29228
29229
29230
29231
29232
29233
29234
29235
29246
29247
29248
29249
29250
29251
29252
29253
29254
29255
29256
29257
29258
29259
29260
29261
29273
29274
29275
29276
29277
29278
29279
29280
29281
29282
29283
29284
29285
29286
29287
29884
29885
29886
29900
29901
29902
29903
29904
29905
29906
29907
29908
29909
29910
29911
29912
29913
29928
29929
29930
29931
29932
29933
29934
29935
29936
29937
29938
29939
29940
29956
29957
29958
29959
29960
29961
29962
29963
29964
29965
29966
29967
29984
29985
29986
29987
29988
29989
29990
29991
29992
29993
29994
30012
30013
30014
30015
30016
30017
30018
30019
30020
30021
30040
30041
30042
30043
30044
30045
30046
30047
30048
30682
30683
30684
30685
30686
30687
30688
30689
30690
30691
30692
30693
30694
30695
30696
30697
30706
30709
30710
30711
30712
30713
30714
30715
30716
30717
30718
30719
30720
30721
30722
30723
30724
30726
30732
30735
30736
30737
30738
30739
30740
30741
30742
30743
30744
30745
30746
30747
30748
30749
30750
30757
30758
30761
30762
30763
30764
30765
30766
30767
30768
30769
30770
30771
30772
30773
30774
30775
30776
30784
30785
30786
30787
30788
30789
30790
30791
30792
30793
30794
30795
30796
30797
30798
30799
30800
30801
30825
30826
30827
30828
30829
30832
30833
30834
30835
30836
30837
30838
30839
30840
30841
30842
30843
30844
30845
30846
30847
30848
30849
30850
30881
30882
30883
30884
30885
30886
30887
30888
30889
30890
30891
30892
30893
30894
30895
30896
30897
30898
30899
30900
30901
30902
30903
30904
30905
30906
30927
30928
30929
30930
30931
30932
30933
30954
30955
30956
30957
30958
30959
30982
30983
30984
30985
30986
31011
31012
31013
31014
31018
31019
31020
31021
31022
31023
31024
31025
31026
31027
31028
31029
31030
31031
31032
31033
31034
31035
31036
31037
31042
31043
31044
31045
31046
31047
31048
31049
31050
31051
31052
31053
31054
31055
31056
31057
31058
31059
31060
31101
31102
31103
31131
31132
31133
31176
31177
31178
31187
31188
31189
31190
31191
31192
31193
31194
31195
31196
31197
31198
31199
31200
31201
31202
31203
31204
31214
31215
31216
31217
31218
31219
31220
31221
31222
31223
31224
31225
31226
31227
31228
31229
31230
31241
31242
31243
31244
31245
31246
31247
31248
31249
31250
31251
31252
31253
31254
31255
31256
31268
31269
31270
31271
31272
31273
31274
31275
31276
31277
31278
31279
31280
31281
31282
31295
31296
31297
31298
31299
31300
31301
31302
31303
31304
31305
31306
31307
31308
31952
31953
31968
31969
31970
31971
31972
31973
31974
31975
31976
31977
31978
31979
31980
31996
31997
31998
31999
32000
32001
32002
32003
32004
32005
32006
32007
32024
32025
32026
32027
32028
32029
32030
32031
32032
32033
32034
32052
32053
32054
32055
32056
32057
32058
32059
32060
32061
32080
32081
32082
32083
32084
32085
32086
32087
32088
32108
32109
32110
32111
32112
32113
32114
32115
32807
32810
32811
32812
32813
32814
32815
32816
32817
32818
32819
32820
32821
32822
32823
32824
32825
32827
32833
32836
32837
32838
32839
32840
32841
32842
32843
32844
32845
32846
32847
32848
32849
32850
32851
32853
32859
32862
32863
32864
32865
32866
32867
32868
32869
32870
32871
32872
32873
32874
32875
32876
32877
32884
32885
32888
32889
32890
32891
32892
32893
32894
32895
32896
32897
32898
32899
32900
32901
32902
32903
32908
32909
32910
32911
32912
32913
32914
32915
32916
32917
32918
32919
32920
32921
32922
32923
32924
32925
32954
32955
32956
32957
32958
32959
32960
32961
32962
32963
32964
32965
32966
32967
32968
32969
32970
32971
32972
32973
32974
32975
32976
32977
33001
33002
33003
33004
33005
33006
33007
33008
33009
33010
33011
33012
33013
33014
33015
33016
33017
33018
33019
33020
33021
33022
33023
33024
33025
33026
33047
33048
33049
33050
33051
33052
33075
33076
33077
33078
33079
33104
33105
33106
33107
33133
33134
33135
33140
33141
33142
33143
33144
33145
33146
33147
33148
33149
33150
33151
33152
33153
33154
33155
33156
33157
33158
33164
33165
33166
33167
33168
33169
33170
33171
33172
33173
33174
33175
33176
33177
33178
33179
33180
33181
33224
33225
33226
33254
33255
33256
33298
33299
33309
33310
33311
33312
33313
33314
33315
33316
33317
33318
33319
33320
33321
33322
33323
33324
33325
33336
33337
33338
33339
33340
33341
33342
33343
33344
33345
33346
33347
33348
33349
33350
33351
33363
33364
33365
33366
33367
33368
33369
33370
33371
33372
33373
33374
33375
33376
33377
33390
33391
33392
33393
33394
33395
33396
33397
33398
33399
33400
33401
33402
33403
33417
33418
33419
33420
33421
33422
33423
33424
33425
33426
33427
33428
33429
34092
34108
34109
34110
34111
34112
34113
34114
34115
34116
34117
34118
34119
34136
34137
34138
34139
34140
34141
34142
34143
34144
34145
34146
34164
34165
34166
34167
34168
34169
34170
34171
34172
34173
34192
34193
34194
34195
34196
34197
34198
34199
34200
34220
34221
34222
34223
34224
34225
34226
34227
34248
34249
34250
34251
34252
34253
34254
35018
35019
35022
35023
35024
35025
35026
35027
35028
35029
35030
35031
35032
35033
35034
35035
35036
35037
35039
35045
35048
35049
35050
35051
35052
35053
35054
35055
35056
35057
35058
35059
35060
35061
35062
35063
35065
35071
35074
35075
35076
35077
35078
35079
35080
35081
35082
35083
35084
35085
35086
35087
35088
35089
35096
35097
35099
35100
35101
35102
35103
35104
35105
35106
35107
35108
35109
35110
35111
35112
35113
35114
35116
35117
35118
35119
35120
35121
35122
35123
35124
35125
35126
35127
35128
35129
35130
35131
35132
35133
35160
35161
35162
35163
35164
35165
35166
35167
35168
35169
35170
35171
35172
35173
35174
35175
35176
35177
35178
35179
35180
35181
35182
35183
35205
35206
35207
35208
35209
35210
35211
35212
35213
35214
35215
35216
35217
35218
35219
35220
35221
35222
35223
35224
35225
35226
35227
35228
35229
35252
35253
35254
35255
35256
35281
35282
35283
35284
35310
35311
35312
35338
35339
35340
35346
35347
35348
35349
35350
35351
35352
35353
35354
35355
35356
35357
35358
35359
35360
35361
35362
35363
35370
35371
35372
35373
35374
35375
35376
35377
35378
35379
35380
35381
35382
35383
35384
35385
35386
35433
35434
35435
35464
35465
35507
35518
35519
35520
35521
35522
35523
35524
35525
35526
35527
35528
35529
35530
35531
35532
35533
35545
35546
35547
35548
35549
35550
35551
35552
35553
35554
35555
35556
35557
35558
35559
35572
35573
35574
35575
35576
35577
35578
35579
35580
35581
35582
35583
35584
35585
35599
35600
35601
35602
35603
35604
35605
35606
35607
35608
35609
35610
35611
35626
35627
35628
35629
35630
35631
35632
35633
35634
35635
35636
35637
36324
36325
36326
36327
36328
36329
36330
36331
36332
36333
36334
36352
36353
36354
36355
36356
36357
36358
36359
36360
36361
36380
36381
36382
36383
36384
36385
36386
36387
36388
36408
36409
36410
36411
36412
36413
36414
36415
36436
36437
36438
36439
36440
36441
36442
36464
36465
36466
36467
36468
36469
37290
37291
37294
37295
37296
37297
37298
37299
37300
37301
37302
37303
37304
37305
37306
37307
37308
37309
37311
37317
37320
37321
37322
37323
37324
37325
37326
37327
37328
37329
37330
37331
37332
37333
37334
37335
37337
37343
37344
37345
37346
37347
37348
37349
37350
37351
37352
37353
37354
37355
37356
37357
37358
37359
37364
37365
37366
37367
37368
37369
37370
37371
37372
37373
37374
37375
37376
37377
37378
37379
37380
37381
37382
37383
37384
37385
37386
37387
37388
37389
37390
37391
37392
37393
37394
37395
37396
37397
37398
37399
37424
37425
37426
37427
37428
37429
37430
37431
37432
37433
37434
37435
37436
37437
37438
37439
37440
37441
37442
37443
37444
37445
37446
37447
37469
37470
37471
37472
37473
37475
37476
37477
37478
37479
37480
37481
37482
37483
37484
37485
37486
37487
37488
37489
37490
37491
37492
37517
37518
37519
37520
37546
37547
37548
37574
37575
37576
37602
37603
37604
37611
37612
37613
37614
37615
37616
37617
37618
37619
37620
37621
37622
37623
37624
37625
37626
37627
37635
37636
37637
37638
37639
37640
37641
37642
37643
37644
37645
37646
37647
37648
37649
37650
37696
37697
37727
37778
37779
37780
37781
37782
37783
37784
37785
37786
37787
37788
37789
37790
37791
37792
37805
37806
37807
37808
37809
37810
37811
37812
37813
37814
37815
37816
37817
37818
37832
37833
37834
37835
37836
37837
37838
37839
37840
37841
37842
37843
37844
37859
37860
37861
37862
37863
37864
37865
37866
37867
37868
37869
37870
37886
37887
37888
37889
37890
37891
37892
37893
37894
37895
37896
38581
38582
38583
38584
38585
38586
38587
38588
38589
38590
38609
38610
38611
38612
38613
38614
38615
38616
38617
38637
38638
38639
38640
38641
38642
38643
38644
38665
38666
38667
38668
38669
38670
38671
38693
38694
38695
38696
38697
38698
38721
38722
38723
38724
38725
39593
39594
39597
39598
39599
39600
39601
39602
39603
39604
39605
39606
39607
39608
39609
39610
39611
39612
39614
39620
39622
39623
39624
39625
39626
39627
39628
39629
39630
39631
39632
39633
39634
39635
39636
39637
39639
39643
39644
39645
39646
39647
39648
39649
39650
39651
39652
39653
39654
39655
39656
39657
39658
39659
39661
39662
39663
39664
39665
39666
39667
39668
39669
39670
39671
39672
39673
39674
39675
39676
39677
39678
39679
39680
39681
39682
39683
39684
39685
39686
39687
39688
39689
39690
39691
39692
39693
39694
39695
39696
39719
39720
39721
39722
39723
39724
39725
39726
39727
39728
39729
39730
39731
39732
39733
39734
39735
39736
39737
39738
39739
39740
39741
39765
39766
39767
39768
39771
39772
39773
39774
39775
39776
39777
39778
39779
39780
39781
39782
39783
39784
39785
39786
39787
39813
39814
39815
39841
39842
39843
39869
39870
39871
39898
39899
39907
39908
39909
39910
39911
39912
39913
39914
39915
39916
39917
39918
39919
39920
39921
39922
39931
39932
39933
39934
39935
39936
39937
39938
39939
39940
39941
39942
39943
39944
39945
39989
40070
40071
40072
40073
40074
40075
40076
40077
40078
40079
40080
40081
40082
40083
40097
40098
40099
40100
40101
40102
40103
40104
40105
40106
40107
40108
40109
40124
40125
40126
40127
40128
40129
40130
40131
40132
40133
40134
40135
40151
40152
40153
40154
40155
40156
40157
40158
40159
40160
40161
40178
40179
40180
40181
40182
40183
40184
40185
40186
40187
40898
40899
40900
40901
40902
40903
40904
40905
40906
40926
40927
40928
40929
40930
40931
40932
40933
40954
40955
40956
40957
40958
40959
40960
40982
40983
40984
40985
40986
40987
41010
41011
41012
41013
41014
41038
41039
41040
41041
41957
41958
41961
41962
41963
41964
41965
41966
41967
41968
41969
41970
41971
41972
41973
41974
41975
41976
41978
41983
41984
41985
41986
41987
41988
41989
41990
41991
41992
41993
41994
41995
41996
41997
41998
41999
42001
42003
42004
42005
42006
42007
42008
42009
42010
42011
42012
42013
42014
42015
42016
42017
42018
42019
42020
42021
42022
42023
42024
42025
42026
42027
42028
42029
42030
42031
42032
42033
42034
42035
42036
42037
42038
42039
42040
42041
42042
42043
42044
42045
42046
42047
42048
42049
42050
42051
42052
42053
42054
42055
42078
42079
42080
42081
42083
42084
42085
42086
42087
42088
42089
42090
42091
42092
42093
42094
42095
42096
42097
42098
42099
42124
42125
42126
42130
42131
42132
42133
42134
42135
42136
42137
42138
42139
42140
42141
42142
42143
42144
42145
42171
42172
42173
42199
42200
42201
42228
42229
42257
42266
42267
42268
42269
42270
42271
42272
42273
42274
42275
42276
42277
42278
42279
42280
42290
42291
42292
42293
42294
42295
42296
42297
42298
42299
42300
42301
42302
42303
42425
42426
42427
42428
42429
42430
42431
42432
42433
42434
42435
42436
42437
42452
42453
42454
42455
42456
42457
42458
42459
42460
42461
42462
42463
42479
42480
42481
42482
42483
42484
42485
42486
42487
42488
42489
42506
42507
42508
42509
42510
42511
42512
42513
42514
42515
42533
42534
42535
42536
42537
42538
42539
42540
42541
43276
43277
43278
43279
43280
43281
43282
43283
43304
43305
43306
43307
43308
43309
43310
43332
43333
43334
43335
43336
43337
43360
43361
43362
43363
43364
43388
43389
43390
43391
43416
43417
43418
44372
44373
44374
44375
44376
44377
44378
44379
44380
44381
44382
44383
44384
44385
44386
44387
44388
44389
44391
44393
44394
44395
44396
44397
44398
44399
44400
44401
44402
44403
44404
44405
44406
44407
44408
44409
44410
44411
44412
44413
44414
44415
44416
44417
44418
44419
44420
44421
44422
44423
44424
44425
44426
44427
44428
44429
44430
44431
44432
44433
44434
44435
44436
44437
44438
44439
44440
44441
44442
44443
44444
44445
44446
44447
44448
44449
44450
44451
44452
44453
44454
44455
44456
44457
44458
44459
44460
44461
44462
44486
44487
44488
44491
44492
44493
44494
44495
44496
44497
44498
44499
44500
44501
44502
44503
44504
44505
44506
44531
44532
44533
44538
44539
44540
44541
44542
44543
44544
44545
44546
44547
44548
44549
44550
44551
44552
44578
44579
44580
44607
44608
44636
44674
44675
44676
44677
44678
44679
44680
44681
44682
44683
44684
44685
44686
44687
44698
44699
44700
44701
44702
44703
44704
44705
44706
44707
44708
44709
44710
44836
44837
44838
44839
44840
44841
44842
44843
44844
44845
44846
44847
44863
44864
44865
44866
44867
44868
44869
44870
44871
44872
44873
44890
44891
44892
44893
44894
44895
44896
44897
44898
44899
44917
44918
44919
44920
44921
44922
44923
44924
44925
44944
44945
44946
44947
44948
44949
44950
44951
45706
45707
45708
45709
45710
45711
45712
45734
45735
45736
45737
45738
45739
45762
45763
45764
45765
45766
45790
45791
45792
45793
45818
45819
45820
45845
45846
46818
46819
46820
46821
46822
46823
46824
46825
46826
46827
46828
46829
46830
46831
46832
46833
46834
46835
46836
46837
46838
46839
46840
46841
46842
46843
46844
46845
46846
46847
46848
46849
46850
46851
46852
46853
46854
46855
46856
46857
46858
46859
46860
46861
46862
46863
46864
46865
46866
46867
46868
46869
46870
46871
46872
46873
46874
46875
46876
46877
46878
46879
46880
46881
46882
46883
46884
46885
46886
46887
46888
46890
46891
46892
46893
46894
46895
46896
46897
46898
46899
46900
46901
46902
46903
46904
46905
46929
46930
46931
46935
46936
46937
46938
46939
46940
46941
46942
46943
46944
46945
46946
46947
46948
46949
46974
46975
46976
46982
46983
46984
46985
46986
46987
46988
46989
46990
46991
46992
46993
46994
46995
47022
47023
47051
47118
47119
47120
47121
47122
47123
47124
47125
47126
47127
47128
47129
47130
47142
47143
47144
47145
47146
47147
47148
47149
47150
47151
47152
47153
47280
47281
47282
47283
47284
47285
47286
47287
47288
47289
47290
47307
47308
47309
47310
47311
47312
47313
47314
47315
47316
47334
47335
47336
47337
47338
47339
47340
47341
47342
47361
47362
47363
47364
47365
47366
47367
47368
47388
47389
47390
47391
47392
47393
47394
48170
48171
48172
48173
48174
48175
48198
48199
48200
48201
48202
48226
48227
48228
48229
48254
48255
48256
48281
48282
48307
49289
49290
49291
49292
49293
49294
49295
49296
49297
49298
49299
49300
49301
49302
49303
49304
49305
49306
49307
49308
49309
49310
49311
49312
49313
49314
49315
49316
49317
49318
49319
49320
49321
49322
49323
49324
49325
49326
49327
49328
49329
49330
49331
49332
49333
49334
49335
49336
49337
49338
49339
49340
49341
49342
49344
49345
49346
49347
49348
49349
49350
49351
49352
49353
49354
49355
49356
49357
49358
49359
49362
49363
49364
49365
49366
49367
49368
49369
49370
49371
49372
49373
49374
49375
49376
49400
49401
49402
49407
49408
49409
49410
49411
49412
49413
49414
49415
49416
49417
49418
49419
49420
49446
49447
49454
49455
49456
49457
49458
49459
49460
49461
49462
49463
49464
49465
49466
49494
49590
49591
49592
49593
49594
49595
49596
49597
49598
49599
49600
49601
49614
49615
49616
49617
49618
49619
49620
49621
49622
49623
49624
49752
49753
49754
49755
49756
49757
49758
49759
49760
49761
49779
49780
49781
49782
49783
49784
49785
49786
49787
49806
49807
49808
49809
49810
49811
49812
49813
49833
49834
49835
49836
49837
49838
49839
49860
49861
49862
49863
49864
49865
50654
50655
50656
50657
50658
50682
50683
50684
50685
50710
50711
50712
50737
50738
50763
51762
51779
51780
51781
51782
51783
51784
51785
51786
51787
51788
51789
51790
51791
51792
51793
51794
51795
51796
51797
51798
51799
51800
51801
51802
51803
51804
51805
51806
51807
51808
51809
51810
51811
51812
51813
51814
51815
51817
51818
51819
51820
51821
51822
51823
51824
51825
51826
51827
51828
51829
51830
51831
51832
51835
51836
51837
51838
51839
51840
51841
51842
51843
51844
51845
51846
51847
51848
51849
51853
51854
51855
51856
51857
51858
51859
51860
51861
51862
51863
51864
51865
51866
51891
51892
51898
51899
51900
51901
51902
51903
51904
51905
51906
51907
51908
51909
51910
51937
51945
51946
51947
51948
51949
51950
51951
51952
51953
51954
51955
51956
52081
52082
52083
52084
52085
52086
52087
52088
52089
52090
52091
52105
52106
52107
52108
52109
52110
52111
52112
52113
52114
52243
52244
52245
52246
52247
52248
52249
52250
52251
52270
52271
52272
52273
52274
52275
52276
52277
52297
52298
52299
52300
52301
52302
52303
52324
52325
52326
52327
52328
52329
52351
52352
52353
52354
52355
53178
53179
53180
53181
53206
53207
53208
53233
53234
53259
54286
54287
54303
54304
54305
54306
54307
54308
54309
54310
54311
54312
54313
54314
54315
54316
54317
54318
54319
54320
54321
54322
54324
54325
54326
54327
54328
54329
54330
54331
54332
54333
54334
54335
54336
54337
54338
54339
54342
54343
54344
54345
54346
54347
54348
54349
54350
54351
54352
54353
54354
54355
54356
54360
54361
54362
54363
54364
54365
54366
54367
54368
54369
54370
54371
54372
54373
54378
54379
54380
54381
54382
54383
54384
54385
54386
54387
54388
54389
54390
54416
54423
54424
54425
54426
54427
54428
54429
54430
54431
54432
54433
54434
54470
54471
54472
54473
54474
54475
54476
54477
54478
54479
54480
54606
54607
54608
54609
54610
54611
54612
54613
54614
54615
54630
54631
54632
54633
54634
54635
54636
54637
54638
54768
54769
54770
54771
54772
54773
54774
54775
54795
54796
54797
54798
54799
54800
54801
54822
54823
54824
54825
54826
54827
54849
54850
54851
54852
54853
54876
54877
54878
54879
55741
55742
55743
55768
55769
55794
56838
56839
56840
56855
56856
56857
56859
56860
56861
56862
56863
56864
56865
56866
56867
56868
56869
56870
56871
56872
56873
56874
56877
56878
56879
56880
56881
56882
56883
56884
56885
56886
56887
56888
56889
56890
56891
56895
56896
56897
56898
56899
56900
56901
56902
56903
56904
56905
56906
56907
56908
56913
56914
56915
56916
56917
56918
56919
56920
56921
56922
56923
56924
56925
56931
56932
56933
56934
56935
56936
56937
56938
56939
56940
56941
56942
56976
56977
56978
56979
56980
56981
56982
56983
56984
56985
56986
57023
57024
57025
57026
57027
57028
57029
57030
57031
57032
57159
57160
57161
57162
57163
57164
57165
57166
57167
57183
57184
57185
57186
57187
57188
57189
57190
57321
57322
57323
57324
57325
57326
57327
57348
57349
57350
57351
57352
57353
57375
57376
57377
57378
57379
57402
57403
57404
57405
57429
57430
57431
58334
58335
58360
59413
59414
59415
59430
59431
59432
59435
59436
59437
59438
59439
59440
59441
59442
59443
59444
59445
59446
59447
59448
59449
59453
59454
59455
59456
59457
59458
59459
59460
59461
59462
59463
59464
59465
59466
59471
59472
59473
59474
59475
59476
59477
59478
59479
59480
59481
59482
59483
59489
59490
59491
59492
59493
59494
59495
59496
59497
59498
59499
59500
59507
59508
59509
59510
59511
59512
59513
59514
59515
59516
59517
59552
59553
59554
59555
59556
59557
59558
59559
59560
59561
59599
59600
59601
59602
59603
59604
59605
59606
59607
59735
59736
59737
59738
59739
59740
59741
59742
59759
59760
59761
59762
59763
59764
59765
59897
59898
59899
59900
59901
59902
59924
59925
59926
59927
59928
59951
59952
59953
59954
59978
59979
59980
60005
60006
60965
62010
62011
62012
62027
62028
62029
62033
62034
62035
62036
62037
62038
62039
62040
62041
62042
62043
62044
62045
62046
62051
62052
62053
62054
62055
62056
62057
62058
62059
62060
62061
62062
62063
62069
62070
62071
62072
62073
62074
62075
62076
62077
62078
62079
62080
62087
62088
62089
62090
62091
62092
62093
62094
62095
62096
62097
62105
62106
62107
62108
62109
62110
62111
62112
62113
62114
62150
62151
62152
62153
62154
62155
62156
62157
62158
62197
62198
62199
62200
62201
62202
62203
62204
62333
62334
62335
62336
62337
62338
62339
62357
62358
62359
62360
62361
62362
62495
62496
62497
62498
62499
62522
62523
62524
62525
62549
62550
62551
62576
62577
62602
64643
64644
64645
64660
64661
64662
64667
64668
64669
64670
64671
64672
64673
64674
64675
64676
64677
64678
64679
64685
64686
64687
64688
64689
64690
64691
64692
64693
64694
64695
64696
64703
64704
64705
64706
64707
64708
64709
64710
64711
64712
64713
64721
64722
64723
64724
64725
64726
64727
64728
64729
64730
64739
64740
64741
64742
64743
64744
64745
64746
64747
64784
64785
64786
64787
64788
64789
64790
64791
64831
64832
64833
64834
64835
64836
64837
64967
64968
64969
64970
64971
64972
64991
64992
64993
64994
64995
65129
65130
65131
65132
65156
65157
65158
65183
65184
65209
67301
67302
67303
67318
67319
67320
67326
67327
67328
67329
67330
67331
67332
67333
67334
67335
67336
67337
67344
67345
67346
67347
67348
67349
67350
67351
67352
67353
67354
67362
67363
67364
67365
67366
67367
67368
67369
67370
67371
67380
67381
67382
67383
67384
67385
67386
67387
67388
67398
67399
67400
67401
67402
67403
67404
67405
67443
67444
67445
67446
67447
67448
67449
67490
67491
67492
67493
67494
67495
67626
67627
67628
67629
67630
67650
67651
67652
67653
67788
67789
67790
67815
67816
67841
69975
69976
69977
69993
69994
70001
70002
70003
70004
70005
70006
70007
70008
70009
70010
70011
70019
70020
70021
70022
70023
70024
70025
70026
70027
70028
70037
70038
70039
70040
70041
70042
70043
70044
70045
70055
70056
70057
70058
70059
70060
70061
70062
70073
70074
70075
70076
70077
70078
70079
70118
70119
70120
70121
70122
70123
70165
70166
70167
70168
70169
70301
70302
70303
70304
70325
70326
70327
70456
70457
70482
72676
72677
72694
72702
72703
72704
72705
72706
72707
72708
72709
72710
72711
72720
72721
72722
72723
72724
72725
72726
72727
72728
72738
72739
72740
72741
72742
72743
72744
72745
72756
72757
72758
72759
72760
72761
72762
72774
72775
72776
72777
72778
72779
72819
72820
72821
72822
72823
72866
72867
72868
72869
73002
73003
73004
73026
73027
73154
75413
75439
75440
75441
75442
75443
75444
75445
75446
75447
75457
75458
75459
75460
75461
75462
75463
75464
75475
75476
75477
75478
75479
75480
75481
75493
75494
75495
75496
75497
75498
75511
75512
75513
75514
75515
75556
75557
75558
75559
75603
75604
75605
75739
75740
75763
78157
78158
78159
78160
78161
78162
78163
78164
78175
78176
78177
78178
78179
78180
78181
78193
78194
78195
78196
78197
78198
78211
78212
78213
78214
78215
78229
78230
78231
78232
78274
78275
78276
78321
78322
78457
80786
80787
80788
80789
80790
80791
80792
80804
80805
80806
80807
80808
80809
80822
80823
80824
80825
80826
80840
80841
80842
80843
80858
80859
80860
80903
80904
80950
83286
83287
83288
83289
83290
83291
83304
83305
83306
83307
83308
83322
83323
83324
83325
83340
83341
83342
83358
83359
83403
85655
85656
85657
85658
85659
85673
85674
85675
85676
85691
85692
85693
85709
85710
85727
87869
87870
87871
87872
87887
87888
87889
87905
87906
87923
89955
89956
89957
89973
89974
89991
91919
91920
91937
93748
)


// ************************************************************************* //
