/*--------------------------------*- C++ -*----------------------------------*\
  =========                 |
  \\      /  F ield         | OpenFOAM: The Open Source CFD Toolbox
   \\    /   O peration     | Website:  https://openfoam.org
    \\  /    A nd           | Version:  12
     \\/     M anipulation  |
\*---------------------------------------------------------------------------*/
FoamFile
{
    format      ascii;
    class       labelList;
    location    "constant/polyMesh";
    object      pointProcAddressing;
}
// * * * * * * * * * * * * * * * * * * * * * * * * * * * * * * * * * * * * * //


13218
(
360
361
362
363
364
365
366
367
368
369
370
371
372
373
374
375
376
377
378
379
380
381
382
383
384
385
386
387
388
389
390
391
392
393
394
395
396
397
398
399
400
401
402
403
404
405
406
407
408
409
410
411
412
413
414
415
416
417
418
456
457
458
459
460
461
462
463
464
465
466
467
468
469
470
471
472
473
474
475
476
477
478
479
480
481
482
483
484
485
486
487
488
489
490
491
492
493
494
495
496
497
498
499
500
501
502
503
504
505
506
507
508
509
510
511
512
513
514
515
516
517
518
519
520
521
522
523
524
525
526
527
528
529
530
531
532
533
534
535
536
560
561
562
563
564
565
566
567
568
569
570
571
572
573
574
575
576
577
578
579
580
581
582
583
584
585
586
587
588
589
590
591
592
593
594
595
596
597
598
599
600
601
602
603
604
605
606
607
629
630
631
632
633
634
635
636
637
638
639
640
641
642
643
644
645
646
647
648
649
650
651
652
653
654
655
656
657
658
659
676
677
678
679
680
681
682
683
684
685
686
687
688
689
690
701
702
703
704
705
706
707
708
709
710
711
712
713
714
715
1639
1640
1641
1642
1643
1644
1645
1646
1647
1648
1649
1651
1653
1654
1655
1656
1657
1658
1692
1693
1694
1695
1696
1697
1698
1699
1700
1701
1702
1703
1704
1705
1718
1719
1720
1721
1722
1723
1724
1725
1726
1727
1735
1736
1737
1738
1739
1740
1744
1745
1746
1747
1748
1749
1750
1751
1752
1753
1754
1755
1756
1757
1758
1759
1760
1761
1789
1790
1791
1792
1793
1794
1795
1796
1797
1798
1799
1800
1801
1802
1803
1804
1805
1806
1807
1808
1809
1810
1811
1812
1813
1814
1815
1816
1817
1818
1819
1820
1821
1822
1823
1824
1825
1826
1827
1828
1829
1830
1831
1832
1833
1834
1835
1836
1837
1838
1839
1840
1841
1855
1856
1857
1858
1859
1860
1861
1862
1863
1864
1865
1866
1867
1868
1869
1870
1871
1872
1873
1874
1875
1876
1886
1887
1888
1889
1890
1891
1892
1893
1894
1895
1896
1902
1903
1904
1905
1906
2347
2348
2349
2350
2351
2352
2353
2354
2355
2356
2357
2358
2359
2360
2361
2362
2363
2364
2365
2366
2367
2368
2369
2370
2371
2372
2373
2374
2375
2376
2377
2378
2379
2380
2381
2382
2383
2384
2385
2386
2387
2388
2389
2390
2391
2392
2393
2394
2395
2426
2427
2428
2429
2430
2431
2432
2433
2434
2435
2436
2437
2438
2439
2440
2441
2442
2443
2444
2445
2446
2447
2448
2449
2450
2451
2452
2453
2454
2455
2456
2457
2458
2459
2460
2461
2462
2463
2464
2465
2466
2467
2468
2469
2470
2471
2472
2473
2474
2475
2476
2477
2478
2479
2480
2481
2482
2483
2484
2485
2507
2508
2509
2510
2511
2512
2513
2514
2515
2516
2517
2518
2519
2520
2521
2522
2523
2524
2525
2526
2527
2528
2529
2530
2531
2532
2533
2534
2535
2536
2537
2538
2539
2540
2541
2559
2560
2561
2562
2563
2564
2565
2566
2567
2568
2569
2570
2571
2572
2573
2574
2575
2576
2577
2578
2579
2580
2581
2582
2583
2597
2598
2599
2600
2601
2602
2603
2604
2605
2606
2607
2608
2609
2610
2611
2612
2613
2614
2615
2616
2626
2627
2628
2629
2630
2631
2632
2633
2634
2635
2636
2637
2638
2639
2640
2641
2642
2643
2644
2645
2646
2647
2648
2649
2650
2651
2652
2653
2654
2655
2656
2657
2658
2659
2660
2661
2662
2663
2664
2665
2666
2667
2668
2669
2670
2671
2672
2673
2674
2675
2676
2677
2678
2679
2680
2681
2682
2683
2684
2685
2686
2687
2717
2718
2719
2720
2721
2722
2723
2724
2725
2726
2727
2728
2729
2730
2731
2732
2733
2734
2735
2736
2737
2738
2739
2740
2741
2742
2743
2744
2745
2746
2747
2748
2749
2750
2751
2752
2753
2754
2755
2756
2757
2758
2759
2760
2761
2762
2763
2789
2790
2791
2792
2793
2794
2795
2796
2797
2798
2799
2800
2801
2802
2803
2804
2805
2806
2807
2808
2809
2810
2811
2812
2813
2814
2815
2816
2817
2818
2819
2820
2821
2822
2823
2845
2846
2847
2848
2849
2850
2851
2852
2853
2854
2855
2856
2857
2858
2859
2860
2861
2862
2863
2864
2865
2866
2867
2868
2869
2870
2871
2872
2873
2874
2892
2893
2894
2895
2896
2897
2898
2899
2900
2901
2902
2903
2904
2905
2906
2907
2908
2909
2910
2911
2912
2913
2914
2915
2916
2934
2935
2936
2937
2938
2939
2940
2941
2942
2943
2944
2945
2946
2947
2948
2949
2950
2951
2952
2953
2954
2955
2956
2957
2958
2959
2960
2961
2962
2963
2964
2965
2966
2967
2968
2969
2970
2971
2972
2973
2974
2975
2976
2977
5183
5184
5185
5186
5187
5188
5189
5286
5287
5288
5289
5290
5499
5500
5501
5502
5503
5504
5505
5506
5507
5508
5509
5510
5511
5512
5513
5514
5515
5516
5517
5518
5519
5520
5521
5522
5523
5524
5525
5526
5527
5528
5529
5574
5575
5576
5577
5578
5579
5580
5581
5582
5583
5584
5585
5586
5587
5588
5589
5590
5591
5592
5593
5594
5613
5614
5615
5616
5617
5618
5619
5620
5621
5622
5623
5624
5625
5626
5627
5628
5629
5644
5645
5646
5647
5648
5649
5650
5651
5652
5653
5654
5655
5656
5667
5668
5669
5670
5671
5672
5673
5674
5675
5682
5683
5684
5685
5686
23604
23606
23607
23656
23657
23658
23707
23709
23766
23767
23768
23776
23915
23925
23935
23945
23961
23975
23986
23987
24001
24007
24018
24019
28556
28559
28562
28566
28569
28572
28582
28590
28591
28611
28622
28672
28673
28675
28676
28677
28678
28679
28681
28682
28687
28691
28692
28693
28699
28700
28706
28707
28708
28710
28711
28712
28713
28716
28717
28719
28720
28725
28727
28728
28729
28730
28733
28739
28743
28745
28755
28757
28758
28759
28760
28761
28766
28767
28768
28769
28770
28771
28779
28780
28781
28782
28783
28786
28802
28803
28804
28813
28817
28843
28844
28858
28867
28876
28881
28890
28891
28892
28906
28907
28913
28914
28915
28917
28918
28919
28920
28921
28922
28927
28928
28929
28930
28931
28932
28933
28934
28943
28945
28946
28947
28949
28951
28954
28955
28956
28957
28961
28963
28965
28968
28969
28970
28974
28975
28977
28978
28979
28980
28983
28984
28985
28988
28993
28994
29001
29003
29005
29006
29009
29022
29023
29024
29026
29055
29056
29058
29063
29064
29065
29066
29074
29080
29081
29082
29104
29106
29108
29109
29110
29111
29114
29115
29116
29117
29118
29119
29120
29121
29122
29123
29124
29125
29135
29136
29137
29138
29139
29140
29141
29142
29143
29144
29151
29153
29155
29156
29159
29161
29163
29170
29172
29183
29184
29187
29188
29193
29194
29195
29196
29201
29202
29203
29204
29209
29212
29236
29255
29257
29272
29277
29283
29318
29338
29346
29385
29397
29402
29407
29408
29409
29410
29412
29413
29414
29415
29416
29417
29419
29420
29421
29422
29426
29434
29435
29436
29447
29453
29454
29455
29456
29462
29463
29464
29465
29471
29472
29473
29475
29500
29517
29518
29519
29528
29529
29530
29531
29535
29536
29547
29548
29549
29560
29586
29590
29597
29601
29604
29607
29610
29611
29612
29644
29648
29664
29665
29666
29667
29669
29673
29688
29689
29690
29691
29692
29693
29695
29704
29719
29721
29723
29725
29727
29737
29756
29760
29761
29762
29763
29769
29771
29777
29778
29779
29782
29794
29795
29796
29797
29798
29799
29805
29807
29808
29814
29815
29816
29817
29821
29841
29844
29846
29847
29849
29850
29855
29885
29887
29889
29894
29895
29896
29897
29913
29914
29915
29917
29918
29919
29920
29922
29925
29935
29936
29937
29938
29939
29940
29941
29958
29959
29965
29968
30029
30033
30081
30082
30083
30084
30089
30090
30091
30092
30097
30098
30099
30100
30105
30106
30107
30108
30115
30116
30117
30118
30170
30174
30179
30180
30183
30188
30191
30193
30195
30198
30199
30200
30201
30206
30207
30208
30213
30214
30215
30216
30217
30221
30222
30223
30224
30231
30232
30234
30238
30243
30245
30255
30257
30258
30259
30260
30262
30265
30271
30272
30273
30274
30276
30280
30317
30319
30321
30324
30325
30327
30328
30329
30331
30332
30334
30335
30336
30338
30339
30341
30359
30360
30362
30363
30365
30366
30367
30369
30371
30383
30384
30385
30386
30388
30389
30390
30391
30393
30394
30396
30405
30406
30407
30408
30409
30410
30411
30412
30413
30428
30429
30431
30433
30434
30437
30438
30439
30440
30441
30442
30443
30444
30445
30446
30450
30460
30462
30464
30466
30469
30475
30491
30494
30497
30498
30499
30500
30501
30502
30508
30509
30510
30511
30514
30517
30521
30523
30525
30528
30529
30532
30533
30534
30538
30562
30564
30568
30569
30570
30588
30589
30590
30595
30614
30629
30630
30631
30644
30645
30646
30650
30651
30652
30656
30657
30658
30663
30664
30666
30667
30668
30669
30670
30671
30672
30682
30683
30684
30685
30686
30687
30690
30704
30705
30706
30707
30708
30727
30728
30729
30730
30731
30732
30734
30735
30736
30737
30738
30739
30746
30747
30748
30749
30750
30782
30783
30784
30785
30786
30787
30816
30817
30818
30819
30820
30821
30822
30823
30824
30825
30826
30827
30851
30852
30853
30854
30855
30856
30857
30946
30947
30950
30951
30952
30953
30954
30955
30956
30957
30960
30961
30962
30963
30964
30967
30968
30969
30970
30971
30972
30979
30980
30981
30989
30990
30991
30997
30998
30999
31001
31014
31026
31028
31037
31038
31039
31040
31041
31042
31043
31044
31064
31065
31066
31067
31068
31069
31070
31071
31072
31073
31074
31075
31084
31085
31086
31087
31088
31089
31134
31135
31136
31137
31138
31139
31171
31172
31173
31199
31200
31201
31202
31203
31204
31228
31229
31230
31231
31232
31237
31247
31249
31251
31253
31258
31259
31260
31261
31262
31263
31264
31272
31273
31274
31275
31276
31277
31281
31282
31283
31290
31291
31292
31293
31294
31295
31296
31298
31301
31302
31303
31304
31306
31309
31310
31311
31312
31313
31314
31315
31316
31317
31318
31319
31320
31321
31322
31323
31324
31325
31326
31327
31328
31331
31333
31334
31335
31336
31337
31338
31339
31340
31341
31342
31348
31376
31377
31378
31379
31380
31440
31441
31442
31445
31446
31447
31448
31452
31453
31454
31455
31460
31461
31462
31463
31471
31472
31473
31474
31503
31504
31505
31506
31557
31558
31559
31571
31572
31573
31579
31580
31581
31582
31583
31584
31585
31586
31587
31588
31589
31590
31591
31592
31593
31594
31595
31596
31597
31598
31599
31600
31601
31615
31616
31617
31618
31619
31620
31622
31624
31634
31635
31636
31654
31655
31674
31675
31676
31680
31681
31682
31683
31687
31688
31689
31690
31712
31713
31714
31715
31717
31725
31726
31727
31728
31729
31730
31731
31732
31733
31734
31735
31736
31737
31738
31739
31740
31741
31756
31757
31798
31800
31808
31809
31810
31811
31812
31840
31841
31842
31852
31853
31882
31899
31900
31901
31902
31903
31904
31934
31935
31936
31937
31944
31945
31946
31947
31948
31951
31952
31953
31958
31959
31960
31961
31962
31963
31975
31978
31979
31980
31982
31986
31987
31988
31989
31990
31991
31992
31998
32001
32004
32007
32008
32009
32010
32011
32012
32019
32028
32029
32030
32031
32032
32033
32034
32035
32036
32038
32046
32053
32054
32055
32056
32057
32058
32059
32060
32061
32062
32063
32064
32065
32066
32068
32071
32074
32075
32077
32081
32085
32086
32088
32108
32109
32110
32112
32113
32114
32115
32117
32119
32120
32122
32123
32124
32125
32127
32128
32129
32130
32131
32137
32138
32141
32144
32145
32148
32149
32152
32153
32155
32157
32158
32165
32169
32176
32177
32178
32179
32180
32181
32182
32183
32184
32185
32186
32188
32189
32190
32192
32193
32194
32196
32197
32198
32199
32200
32201
32202
32203
32220
32222
32223
32232
32233
32234
32235
32236
32237
32238
32239
32240
32241
32242
32243
32244
32245
32247
32256
32262
32263
32264
32265
32266
32267
32268
32269
32270
32271
32272
32273
32274
32275
32276
32277
32278
32279
32280
32281
32282
32283
32284
32285
32286
32287
32295
32296
32297
32302
32303
32304
32305
32306
32307
32308
32309
32313
32314
32315
32320
32321
32322
32323
32336
32337
32338
32339
32340
32341
32342
32343
32348
32349
32350
32351
32352
32365
32366
32367
32368
32369
32370
32371
32372
32373
32374
32375
32376
32377
32378
32379
32380
32381
32382
32383
32384
32385
32386
32387
32389
32390
32391
32392
32393
32394
32431
32436
32437
32438
32439
32440
32449
32450
32451
32452
32453
32454
32455
32456
32457
32458
32459
32460
32461
32462
32464
32465
32466
32467
32478
32479
32480
32481
32482
32483
32484
32485
32486
32487
32488
32489
32490
32491
32492
32493
32494
32495
32496
32497
32508
32509
32510
32511
32519
32520
32521
32522
32530
32531
32532
32533
32540
32541
32542
32543
32544
32545
32546
32547
32548
32549
32550
32551
32552
32553
32554
32555
32556
32557
32579
32580
32581
32602
32603
32604
32605
32606
32607
32608
32609
32610
32611
32612
32613
32614
32615
32616
32617
32618
32619
32620
32621
32622
32623
32624
32625
32629
32630
32631
32647
32648
32661
32662
32663
32664
32665
32666
32667
32668
32669
32670
32671
32672
32673
32674
32675
32676
32677
32678
32679
32680
32681
32682
32683
32684
32685
32686
32687
41677
41678
41679
41680
41681
41682
41683
41684
41685
41686
41687
41688
41689
41690
41691
41692
41693
41694
41695
41696
41697
41698
41699
41700
41808
41809
41810
41811
41812
41813
41814
41815
41816
41817
41818
41819
41820
41821
41858
41859
41860
41861
41862
41863
41864
41865
41866
41867
41876
41877
41878
41879
41880
41881
41954
41955
41956
41957
41958
41959
41960
41961
41962
41963
41964
41965
41966
41967
41968
41969
41970
41971
41972
41973
41974
41975
41976
41977
41978
41979
41980
41981
41982
41983
41984
41985
41986
41987
41988
41989
41990
41991
41992
41993
41994
41995
41996
41997
41998
41999
42000
42001
42002
42003
42004
42005
42006
42007
42008
42009
42010
42011
42012
42013
42014
42015
42016
42017
42124
42125
42126
42127
42128
42129
42130
42131
42132
42133
42134
42135
42136
42137
42138
42139
42140
42141
42142
42143
42144
42145
42146
42147
42148
42149
42150
42151
42152
42153
42154
42155
42156
42157
42158
42159
42215
42216
42217
42218
42219
42220
42221
42222
42223
42224
42225
42226
42227
42228
42229
42230
42231
42232
42233
42234
42235
42236
42237
42238
42239
42240
42241
42242
42243
42244
42245
42246
42247
42248
42249
42250
42251
42252
42253
42286
42287
42288
42289
42290
42291
42292
42293
42294
42295
42296
42297
42298
42299
42300
42301
42302
42303
42304
42305
42306
42307
42308
42309
42310
42311
42312
42313
42314
42315
42316
42317
42318
42319
42320
42321
42322
42355
42356
42357
42358
42359
42360
42361
42362
42363
42364
42365
42366
42367
42368
42369
42370
42371
42372
42373
42374
42375
42376
42377
42378
42379
42380
42381
42382
42383
42384
42385
42386
42387
42388
42414
42415
42416
42417
42418
42419
42420
42421
42422
42423
42424
42425
42426
42427
42428
42429
42430
42431
42432
42433
42434
42435
42436
42437
42438
42439
42440
42441
42442
42443
42444
42445
42446
42447
42448
42450
42462
42463
42464
42465
42466
42467
42468
42469
42470
42471
42472
42473
42474
42475
42476
42477
42478
42480
42484
42485
42486
43755
43764
43777
43804
43805
43807
43836
43861
43862
43922
43927
44026
44032
44033
44119
44120
44121
44180
44207
44226
44228
44300
44302
44303
51534
51535
51536
51537
51538
51539
51540
51541
51542
51543
51544
51545
51556
51557
51558
51559
51560
51561
51562
51569
51570
51571
51572
51573
51574
51575
51576
51584
51585
51586
51587
51588
51589
51590
51591
51592
51593
51602
51603
51604
51605
51606
51607
51608
51609
51618
51619
51620
51621
51622
51623
51629
51630
51631
51633
51635
51636
51638
51639
51640
51644
51646
51650
51651
51653
51655
51661
51662
51665
51668
51670
51672
51676
51677
51679
51680
51685
51687
51689
51691
51693
51695
51696
51697
51698
51699
51700
51706
51707
51708
51714
51715
51716
51717
51718
51719
51720
51721
51722
51723
51724
51725
51726
51727
51728
51729
51730
51731
51757
51758
51759
51760
51761
51762
51763
51778
51779
51780
51781
51782
51783
51784
51785
51797
51798
51799
51800
51801
51802
51803
51804
51805
51815
51816
51817
51818
51819
51820
51821
51822
51823
51824
51825
51826
51828
51829
51830
51831
51832
51833
51834
51835
51836
51837
51838
51839
51840
51841
51842
51843
51844
51845
55946
55947
55948
55949
55950
55951
55952
55953
55954
55956
55957
55958
55959
55975
55977
55978
55980
55981
55984
55988
55990
55991
55996
55997
55998
55999
56006
56012
56015
56016
56017
56018
56019
56020
56021
56027
56028
56029
56030
56034
56035
56036
56037
56038
56039
56040
56041
56042
56043
56044
56045
56047
56049
56052
56053
56056
56058
56059
56060
56061
56062
56063
56064
56068
56069
56070
56071
56072
56073
56084
56090
56091
56092
56093
56094
56095
56117
56122
56123
56124
56125
56126
56127
56128
56129
56132
56133
56135
56136
56137
56138
56139
56140
56145
56146
56148
56149
56150
56152
56154
56155
56156
56157
56159
56173
56174
56175
56176
56177
56187
56188
56189
56191
56192
56193
56197
56202
56203
56204
56205
56206
56207
56208
56209
56210
56211
56212
56213
56214
56215
56216
56217
56218
56219
56220
56221
56222
56223
56224
56225
56231
56232
56233
56234
56239
56240
56241
56242
56252
56253
56254
56255
56256
56257
56258
56259
56270
56271
56272
56273
56280
56285
56286
56291
56299
56304
56310
56316
56327
56328
56329
56330
56331
56332
56333
56340
56343
56346
56347
56348
56349
56350
56351
56352
56355
56358
56361
56362
56363
56364
56367
56368
56369
56370
56372
56373
56374
56375
56376
56377
56378
56379
56385
56386
56387
56388
56394
56395
56396
56397
56408
56409
56410
56411
56412
56413
56414
56415
56416
56428
56429
56430
56431
56440
56441
56442
56443
56455
56460
56464
56465
56466
56467
56468
56469
56470
56485
56489
56492
56496
56499
56506
56510
56514
56517
56518
56523
56526
56527
56530
56531
56532
56533
56544
56546
56548
56549
56550
56551
56552
56554
56555
56558
56560
56561
56562
56563
56564
56565
56566
56568
56569
56570
56571
56573
56574
56575
56577
56579
56580
56582
56583
56585
56586
56587
56589
56590
56592
56593
56595
56596
56598
56599
56601
56602
56604
56606
56607
56608
56609
56610
56632
56633
56634
56636
56637
56638
56640
56641
56642
56644
56646
56660
56661
56662
56664
56665
56666
56668
56691
56692
56693
56695
56696
56698
56699
56701
56703
56704
56705
56706
56708
56710
56711
56713
56736
56737
56738
56740
56742
56743
56745
56754
56755
56756
56757
56758
56759
56768
56772
56774
56776
56777
56778
56779
56784
56790
56791
56793
56794
56795
56797
56798
56800
56801
56802
56804
56806
56807
56809
56823
56824
56828
56829
56830
56832
56834
56836
56837
56838
56840
56841
56844
56846
56847
56848
56849
56850
56851
56852
56853
56854
56855
56856
56857
56858
56859
56860
56861
56870
56871
56872
56884
56885
56886
56891
56892
56893
56894
56898
56899
56900
56901
56902
56903
56912
56913
56914
56918
56919
56921
56922
56923
56929
56930
56931
56932
56933
56934
56935
56936
56937
56938
56939
56940
56941
56942
56943
56959
56960
56961
56962
56963
56968
56969
56970
56971
56972
56973
56974
56975
56976
56977
56978
56988
56989
56990
56991
56992
56993
56994
56995
56996
56997
56998
56999
57000
57001
57002
57003
57004
57005
57006
57007
57008
57029
57030
57031
57032
57033
57034
57040
57041
57042
57043
57044
57045
57046
57047
57048
57049
57050
57051
57052
57053
57054
57055
57058
57059
57060
57062
57063
57064
57065
57066
57067
57068
57069
57070
57074
57075
57078
57082
57085
57086
57089
57091
57092
57093
57101
57102
57103
57104
57105
57106
57107
57108
57109
57110
57111
57112
57113
57114
57115
57136
57137
57138
57139
57140
57141
57142
57143
57144
57145
57146
57147
57170
57171
57172
57182
57183
57185
57186
57187
57190
57193
57194
57195
57196
57200
57201
57202
57203
57210
57211
57212
57213
57214
57215
57216
57217
57218
57219
57220
57221
57222
57223
57224
57225
57226
57228
57230
57237
57238
57239
57240
57241
57247
57248
57249
57250
57257
57258
57259
57260
57261
57262
57263
57264
57265
57266
57267
57268
57269
57270
57271
57272
57273
57274
57275
57276
57277
57278
57279
57280
57281
57282
57283
57284
57285
57286
57287
57293
57294
57298
57299
57300
57301
57302
57303
57304
57305
57314
57315
57316
57320
57321
57322
57325
57326
57327
57328
57329
57330
57331
57332
57333
57334
57335
57346
57347
57348
57349
57350
57351
57352
57358
57359
57360
57361
57362
57363
57371
57372
57373
57374
57375
57376
57400
57401
57402
57403
57423
57424
57425
57431
57432
57433
57434
57435
57436
57437
57438
57439
57440
57441
57442
57443
57444
57452
57453
57454
57455
57456
57457
57469
57470
57474
57475
57476
57481
57482
57488
57490
57491
57496
57497
57498
57499
57500
57501
57502
57503
57504
57505
57506
57507
57508
57509
57510
57511
57512
57513
57514
57515
57516
57517
57518
57519
57520
57521
57522
57523
57524
57530
57531
57532
57533
57534
57535
57536
57537
57538
57539
57540
57541
57542
57543
57544
57545
57546
57548
57549
57551
57552
57553
57554
57557
57558
57559
57560
57561
57562
57563
57564
57565
57567
57570
57571
57572
57573
57574
57577
57578
57579
57580
57586
57588
57589
57590
57591
57592
57593
57594
57595
57596
57597
57598
57599
57600
57601
57602
57603
57604
57605
57606
57607
57608
57609
57610
57611
57612
57613
57614
57615
57616
57617
57618
57619
57620
57621
57622
57623
57624
57625
57626
57627
57628
57629
57630
57631
57632
57633
57634
57635
57636
57637
57638
57639
57640
57641
57642
57643
57644
57645
57646
57647
57648
57649
57650
57651
57652
57653
57654
57655
57656
57657
57658
57659
57660
57661
57662
57663
57664
57665
57666
57667
57668
57669
57670
57671
57672
57673
57674
57675
57676
57677
57678
57679
57680
57681
57682
57683
57684
57691
57692
57693
57694
57695
57696
57697
57698
57699
57701
57702
57713
57714
57715
57716
57717
57718
57719
57720
57721
57722
57723
57724
57725
57726
57727
57728
57729
57730
57731
57732
57733
57734
57735
57736
57737
57738
57739
57740
57741
57742
57743
57744
57745
57746
57747
57748
57749
57750
57751
57752
57753
57754
57755
57756
57757
57758
57759
57760
57761
57762
57763
57764
57765
57766
57767
57768
57769
57770
57771
57772
57773
57774
57775
57776
57777
57778
57779
57780
57781
57782
57783
57784
57785
57786
57787
57788
57789
57790
57791
57792
57793
57794
57795
57796
57797
57801
57802
57809
57810
57811
57812
57813
57814
57815
57816
57817
57818
57819
57820
57821
57822
57823
57824
57825
57826
57827
57828
57829
57830
57831
57832
59200
59201
59202
59203
59204
59205
59206
59207
59208
59209
59210
59211
59212
59213
59214
59215
59216
59217
59218
59219
59220
59221
59222
59223
59224
59225
59226
59227
59228
59229
59230
59231
59232
59233
59234
59235
59236
59237
59238
59239
59240
59241
59242
59243
59244
59245
59246
59247
59248
59249
59250
59251
59252
59253
59254
59255
59256
59257
59258
59259
59260
59261
59262
59263
59264
59265
59266
59267
59268
59269
59270
59271
59272
59273
59274
59275
59276
59277
59278
59279
59280
59281
59282
59283
59284
59285
59286
59287
59288
59289
59290
59291
59292
59293
59294
59295
59296
59297
59310
59311
59315
59319
59321
59322
59323
59324
59326
59327
59328
59329
59330
59331
59337
59341
59342
59351
59353
59354
59355
59356
59357
59359
59360
59361
59362
59363
59364
59365
59366
59368
59369
59374
59380
59381
59382
59383
59384
59385
59386
59387
59388
59389
59390
59391
59392
59393
59397
59398
59407
59413
59419
59422
59423
59424
59425
59426
59427
59428
59430
59437
59438
59442
59449
59450
59451
59452
59455
59465
59466
59467
59468
59469
59470
59474
59475
59476
59478
59480
59481
59482
59483
59485
59486
59487
59488
59490
59495
59505
59506
59508
59524
59525
59526
59527
59528
59530
59539
59542
59544
59545
59546
59547
59555
59558
59560
59561
59562
59564
59565
59567
59568
59570
59573
59584
59586
59589
59590
59591
59592
59595
59596
59597
59598
59599
59600
59601
59602
59603
59611
59612
59622
59623
59624
59625
59630
59631
59633
59634
59635
59636
59637
59638
59639
59640
59641
59642
59643
59644
59645
59657
59658
59659
59660
59661
59662
59663
59664
59665
59666
59667
59678
59679
59680
59681
59682
59683
59689
59690
59691
59692
59695
59696
59697
59698
59699
59706
59707
59708
59716
59718
59720
59721
59722
59723
59724
59725
59726
59727
59728
59729
59730
59731
59732
59733
59734
59735
59736
59737
59738
59739
59748
59749
59750
59751
59752
59763
59764
59765
59766
59767
59768
59769
59770
59771
59772
59773
59774
59775
59776
59777
59778
59779
59780
59800
59801
59815
59816
59817
59818
59819
59824
59825
59826
59828
59829
59830
59831
59832
59833
59834
59835
59836
59837
59838
59839
59840
59841
59842
59843
59844
59845
59846
59847
59848
59849
59850
59851
59852
59853
59854
59855
59856
59857
59858
59859
59860
59861
59862
59863
59864
59865
59866
59867
59868
59869
59870
59871
59872
59873
59874
59875
59876
59877
59878
59879
59880
59881
59882
59883
59884
59885
59886
59887
59888
59889
59890
59891
59892
59893
59894
59895
59896
59897
59898
59899
59900
59901
59902
59903
59904
59905
59906
59907
59908
59909
59910
59911
59912
59913
59914
59915
59916
59917
59918
59919
59920
59921
59922
59923
59924
59925
59926
59927
59928
59929
59930
59931
59932
59933
59934
59935
59936
59937
59938
59939
59940
59941
59942
59943
59944
59945
59946
59947
59948
59949
59950
59951
59952
59953
59954
59955
59956
59957
59958
59959
59960
59961
59962
59963
59964
59965
59966
59967
59968
59969
59972
59974
59975
59976
59977
59978
59979
59980
59981
59982
59983
60038
60040
60042
60043
60044
60045
60049
60051
60055
60057
60060
60062
60066
60068
60069
60070
60075
60076
60081
60083
60085
60087
60090
60092
60093
60095
60101
60103
60104
60108
60110
60112
60113
60116
60119
60120
60122
60124
60126
60127
60128
60134
60135
60136
60140
60141
60145
60146
60147
60149
60152
60154
60157
60159
60160
60161
60163
60164
60165
60166
60170
60174
60175
60181
60182
60183
60184
60186
60187
60188
60189
60190
60197
60198
60199
60202
60203
60204
60205
60206
60207
60208
60211
60212
60213
60214
60221
60227
60230
60233
60234
60236
60237
60238
60239
60245
60251
60254
60255
60256
60261
60265
60266
60267
60269
60270
60272
60273
60275
60278
60279
60290
60291
60292
60294
60295
60296
60298
60308
60309
60312
60313
60314
60320
60323
60325
60327
60330
60334
60335
60337
60338
60340
60341
60343
60349
60350
60352
60354
60360
60362
60363
60364
60365
60366
60367
60368
60376
60377
60378
60384
60385
60386
60389
60390
60393
60395
60396
60397
60398
60399
60400
60407
60408
60409
60410
60411
60412
60413
60419
60420
60421
60423
60425
60426
60427
60428
60434
60435
60436
60444
60445
60446
60447
60451
60452
60453
60454
60455
60456
60457
60470
60471
60472
60473
60474
60475
60476
60477
60478
60479
60480
60481
60482
60483
60484
60485
60491
60492
60493
60494
60495
60496
60511
60512
60513
60518
60519
60520
60521
60522
60526
60528
60529
60530
60531
60532
60533
60534
60535
60536
60537
60538
60539
60540
60541
60542
60543
60544
60545
60546
60547
60548
60549
60550
60551
60552
60553
60554
60555
60556
60557
60558
60559
60560
60561
60562
60563
60564
60565
60566
60567
60568
60569
60570
60571
60572
60573
60574
60575
60576
60577
60578
60579
60580
60581
60582
60583
60584
60585
60586
60587
60588
60589
60590
60591
60592
60593
60594
60595
60596
60597
60598
60599
60600
60601
60602
60603
60604
60605
60606
60607
60608
60609
60610
60611
60612
60613
60614
60615
60616
60617
60618
60619
60620
60621
60622
60623
60624
60625
60626
60627
60628
60629
69712
69713
69714
69715
69716
69717
69718
69719
69720
69721
69722
69723
69724
69725
69726
69727
69728
69729
69730
69731
69757
69758
69759
69760
69761
69762
69763
69764
69765
69766
69767
69768
69769
69770
69771
69772
69787
69788
69789
69790
69791
69792
69793
69794
69795
69796
69797
69798
69799
69800
69801
69802
69803
69804
69805
69806
69807
69808
69809
69820
69821
69822
69823
69824
69825
69826
69827
69828
69829
69830
69831
69832
69833
69834
69835
69836
69837
69838
69839
69840
69841
69842
69843
69844
69860
69861
69862
69863
69864
69865
69866
69867
69868
69869
69870
69871
69872
69873
69874
69875
69876
69877
69878
69879
69880
69881
69882
69883
69884
69904
69905
69906
69907
69908
69909
69910
69911
69912
69913
69914
69915
69916
69917
69918
69919
69920
69921
69922
69923
69943
69944
69945
69946
69947
69948
69949
69950
69951
69952
69953
69954
69955
69968
69969
69970
69971
69972
69973
69974
69979
69980
69981
69982
69983
69984
69985
69986
69987
69988
69989
69990
69991
69992
69993
69994
69995
69996
69997
69998
69999
70000
70001
70002
70003
70004
70005
70017
70018
70019
70020
70021
70022
70023
70024
70025
70026
70027
70064
70065
70066
70067
70068
70069
70070
70071
70072
70073
70074
70075
70076
70077
70078
70079
70080
70081
70082
70083
70084
70085
70124
70125
70126
70127
70128
70129
70130
70131
70132
70133
70134
70135
70136
70137
70138
70139
70140
70141
70142
70143
70144
70145
70146
70179
70180
70181
70182
70183
70184
70185
70186
70187
70188
70189
70190
70191
70192
70193
70194
70195
70196
70197
70198
70199
70224
70225
70226
70227
70228
70229
70230
70231
70232
70233
70234
70235
70236
70237
70238
70239
70253
70254
70255
70256
70257
70258
70259
70260
70261
70262
70269
70270
70271
70285
70286
70287
70288
70289
70290
70291
70292
70293
70294
70306
70307
70308
70309
70310
70311
70312
70313
70314
70315
70316
70317
70318
70328
70329
70330
70331
70332
70333
70334
70335
70336
70337
70338
70339
70340
70341
70349
70350
70351
70352
70353
70354
70355
70356
70357
70358
70359
70360
70366
70367
70368
70369
70370
70371
70372
70373
70374
70375
70376
70377
70378
70379
70380
70381
70382
70383
70384
70385
70393
70394
70395
70396
70397
70398
70399
70400
70406
70407
70408
70409
70410
70411
70412
70416
70417
70418
70419
70579
70582
70584
70586
70587
70590
70591
70592
70596
70597
70600
70607
70608
70610
70613
70615
70616
70618
70626
70627
70628
70629
70631
70634
70635
70638
70646
70647
70649
70650
70652
70654
70659
70660
70661
70662
70663
70664
70667
70668
70669
70670
70675
70676
70684
70688
70691
70693
70694
70697
70702
70707
70708
70709
70710
70711
70715
70716
70719
70720
70721
70722
70724
70725
70726
70728
70738
70739
70740
70742
70744
70745
70747
70748
70750
70761
70762
70763
70770
70771
70772
70776
70777
70778
70779
70780
70783
70784
70785
70786
70791
70792
70796
70802
70803
70804
70805
70806
70807
70808
70810
70811
70812
70813
70814
70817
70820
70826
70827
70828
70829
70830
70834
70835
70836
70837
70838
70839
70843
70844
70845
70851
70852
70861
70862
70863
70864
70865
70866
70867
70868
70869
70870
70871
70872
70877
70878
70879
70880
70884
70885
70887
70888
70889
70890
70891
70896
70897
70898
70899
70900
70907
70909
70910
70912
70913
70914
70915
70916
70917
70918
70919
70920
70921
70922
70923
70924
70925
70926
70927
70928
70929
70930
70931
70932
70933
70934
70935
70936
70937
70938
70939
70940
70941
70942
70943
70944
70945
70946
70947
70948
70949
70950
70951
70952
70953
70954
70955
70956
70958
70959
70960
70961
70962
70963
70964
70965
70966
70967
70968
70969
70970
70971
70972
70973
70974
70975
70976
70977
70978
70979
70980
70981
70982
70983
70986
70987
70989
70991
70992
70995
70998
71001
71003
71005
71006
71007
71008
71009
71011
71016
71017
71021
71027
71033
71036
71038
71040
71041
71042
71043
71048
71050
71053
71054
71055
71059
71062
71063
71064
71065
71066
71067
71068
71070
71073
71076
71077
71079
71081
71083
71085
71093
71094
71102
71103
71108
71109
71110
71111
71116
71117
71118
71119
71128
71131
71132
71134
71137
71138
71139
71143
71144
71145
71146
71153
71157
71160
71162
71164
71165
71167
71168
71169
71171
71172
71174
71176
71186
71187
71188
71190
71192
71193
71195
71204
71205
71206
71207
71208
71211
71214
71215
71217
71220
71222
71223
71224
71228
71229
71230
71234
71235
71236
71237
71238
71239
71245
71247
71248
71249
71250
71251
71252
71253
71259
71260
71261
71262
71263
71264
71269
71270
71271
71275
71277
71279
71281
71283
71284
71285
71286
71291
71293
71294
71295
71296
71297
71298
71299
71300
71301
71302
71303
71304
71305
71306
71307
71308
71309
71310
71320
71321
71322
71325
71326
71329
71330
71331
71332
71333
71334
71335
71346
71347
71352
71354
71355
71356
71357
71362
71363
71366
71367
71368
71369
71370
71371
71372
71373
71374
71375
71376
71377
71378
71379
71380
71381
71382
71383
71384
71385
71386
71387
71388
71389
71390
71391
71392
71393
71394
71395
71396
71397
71398
71399
71400
71401
71402
71403
71404
71405
71406
71407
71408
71409
71410
71411
71412
71413
71414
71415
71416
71417
71418
71419
71420
71421
71422
71423
71424
71425
71426
71427
71428
71429
71430
71431
71432
71433
71434
71435
71436
71437
71438
71439
71440
71441
71442
71443
71444
71445
71446
71499
71500
71501
71502
71503
71504
71505
71506
71507
71508
71530
71531
71532
71533
71534
71535
71536
71537
71538
71539
71540
71556
71557
71558
71559
71560
71561
71562
71563
71564
71578
71579
71580
71581
71582
71583
71584
71585
71586
71587
71588
71589
71590
71591
71592
71604
71605
71606
71607
71608
71609
71610
71611
71612
71613
71614
71615
71616
71617
71618
71619
71620
71621
71622
71623
71624
71625
71626
71627
71628
71629
71630
71631
71632
71633
71634
71635
71636
71637
71638
71639
71640
71641
71642
71643
71644
71645
71646
71647
71648
71649
71650
71651
71652
71653
71654
71655
72025
72026
72031
72032
72034
72037
72040
72044
72045
72049
72052
72053
72055
72056
72058
72060
72068
72069
72072
72073
72075
72078
72083
72084
72085
72088
72090
72091
72094
72096
72097
72100
72101
72103
72106
72108
72109
72111
72112
72118
72119
72120
72126
72127
72128
72129
72130
72131
72134
72135
72136
72137
72138
72139
72140
72141
72142
72143
72144
72145
72146
72149
72150
72151
72152
72153
72154
72155
72156
72157
72158
72159
72160
72161
72163
72165
72166
72169
72173
72174
72175
72176
72177
72179
72182
72183
72184
72186
72187
72189
72190
72193
72194
72196
72198
72199
72202
72203
72204
72205
72211
72212
72214
72215
72216
72217
72225
72228
72231
72232
72235
72238
72239
72241
72243
72244
72246
72248
72249
72251
72252
72257
72260
72261
72262
72266
72268
72269
72270
72271
72272
72273
72274
72275
72276
72282
72283
72284
72292
72293
72294
72295
72296
72297
72306
72307
72308
72311
72316
72324
72329
72336
72340
72341
72342
72343
72345
72348
72351
72352
72353
72354
72355
72356
72360
72363
72364
72365
72366
72367
72368
72369
72370
72373
72379
72380
72388
72389
72390
72391
72392
72393
72401
72402
72403
72407
72408
72409
72415
72418
72422
72426
72427
72428
72429
72439
72442
72446
72450
72453
72454
72455
72456
72462
72465
72466
72467
72471
72472
72473
72477
72482
72483
72484
72485
72487
72489
72490
72491
72492
72494
72495
72496
72497
72499
72500
72501
72503
72505
72506
72509
72510
72512
72513
72514
72516
72517
72519
72520
72522
72523
72526
72527
72528
72529
72535
72547
72548
72550
72551
72553
72555
72573
72574
72575
72577
72579
72580
72582
72583
72585
72586
72587
72589
72591
72610
72611
72612
72613
72614
72615
72616
72617
72621
72622
72623
72624
72633
72634
72635
72636
72646
72647
72650
72655
72658
72660
72661
72663
72664
72665
72666
72673
72674
72677
72681
72684
72693
72694
72695
72696
72697
72698
72699
72700
72705
72707
72709
72710
72711
72713
72714
72715
72717
72718
72719
72721
72723
72724
72726
72734
72735
72737
72738
72740
72741
72742
72744
72745
72768
72769
72770
72772
72774
72775
72776
72780
72781
72782
72784
72786
72788
72790
72791
72792
72793
72795
72796
72797
72798
72799
72804
72805
72808
72809
72810
72814
72815
72816
72817
72818
72826
72827
72828
72829
72830
72831
72834
72835
72836
72844
72845
72846
72847
72850
72851
72852
72853
72854
72857
72858
72859
72860
72861
72862
72868
72869
72870
72871
72872
72873
72874
72875
72876
72877
72878
72879
72880
72881
72882
72883
72891
72893
72894
72895
72896
72897
72898
72899
72900
72901
72902
72903
72904
72905
72911
72912
72913
72914
72915
72916
72917
72918
72919
72925
72926
72927
72929
72930
72931
72932
72933
72934
72936
72938
72939
72940
72941
72942
72943
72944
72945
72946
72954
72955
72956
72957
72958
72959
72960
72961
72962
72974
72975
72976
72977
72978
72979
72980
72981
72982
72983
72984
72985
72986
72997
72998
72999
73008
73009
73010
73011
73012
73013
73015
73016
73017
73021
73022
73023
73027
73028
73029
73034
73035
73036
73037
73038
73039
73040
73041
73042
73043
73044
73045
73046
73047
73048
73049
73050
73058
73059
73060
73061
73066
73067
73068
73069
73074
73075
73076
73077
73078
73079
73080
73081
73082
73083
73084
73085
73086
73090
73091
73092
73093
73098
73109
73110
73111
73112
73113
73117
73118
73119
73122
73123
73124
73125
73126
73127
73128
73129
73130
73131
73132
73133
73134
73145
73146
73147
73156
73157
73160
73161
73162
73163
73164
73165
73166
73167
73168
73169
73170
73171
73172
73173
73174
73175
73176
73177
73178
73179
73180
73188
73189
73190
73191
73192
73193
73194
73205
73206
73207
73208
73209
73210
73211
73212
73213
73217
73218
73219
73220
73231
73232
73233
73235
73237
73239
73240
73241
73242
73243
73244
73245
73246
73247
73248
73249
73250
73252
73253
73254
73255
73256
73259
73260
73261
73262
73263
73264
73265
73266
73267
73268
73269
73270
73271
73272
73273
73274
73275
73276
73277
73278
73279
73280
73281
73282
73283
73284
73285
73286
73287
73288
73289
73290
73291
73292
73294
73295
73296
73297
73298
73299
73300
73301
73303
73304
73305
73306
73307
73309
73311
73312
73313
73314
73315
73316
73317
73318
73319
73320
73321
73322
73323
73324
73325
73326
73327
73328
73329
73330
73331
73332
73333
73334
73335
73336
73337
73338
73339
73340
73341
73342
73343
73344
73345
73346
73347
73348
73349
73350
73351
73352
73353
73354
73355
73356
73357
73358
73359
73360
73361
73362
73363
73364
73365
73366
73367
73368
73369
73370
73371
73372
73373
73374
73375
73376
73377
73378
73382
73383
73384
73385
73388
73389
73390
73391
73392
73393
73394
73395
73396
73397
73398
73399
73400
73401
73402
73403
73404
73405
73406
73407
73408
73409
73410
73411
73412
73413
73414
73415
73416
73417
73418
73419
73420
73421
73422
73423
73424
73425
73426
73427
73429
73430
73431
73432
73433
73434
73435
73436
73437
73438
73439
73440
73441
73442
73443
73444
73445
73449
73450
73451
73452
73453
73454
73455
73456
73457
73458
73459
73460
73461
73462
73463
73464
73465
73466
73467
73468
73469
73470
73471
73472
73473
73474
73475
73476
73477
73478
73479
73480
73481
73482
73483
73484
73485
73486
73487
73488
73489
73490
73491
73492
73493
73494
73495
73496
73516
73517
73518
73519
73520
73521
73522
73523
73524
73525
73526
73546
73547
73548
73549
73550
73551
73552
73553
73554
73555
73556
73557
73558
73559
73560
73561
73562
73563
73583
73584
73585
73586
73587
73588
73589
73590
73591
73592
73593
73594
73595
73596
73616
73617
73618
73619
73620
73621
73622
73623
73624
73625
73645
73646
73647
73648
73649
73650
73651
73652
73653
73654
73655
73656
73657
73658
73659
73660
73661
73662
73663
73664
73665
73666
73667
73668
73669
73670
73671
73672
73673
73674
73675
73676
73677
73678
73679
73680
73681
73682
73683
73684
73685
73686
73687
73688
73689
73690
73691
73692
73693
73694
73695
73696
73697
73698
73699
73700
73701
73702
73703
73704
73705
73706
73707
73708
73709
73710
73711
73712
73713
73714
73715
73716
73717
73718
73719
73720
73721
73722
73723
73724
73725
73726
73727
73728
73729
73730
73731
73732
73733
73734
73735
73736
73737
73738
73739
73740
73741
73742
73743
73744
73745
73746
73747
73748
73749
73750
73751
73752
73753
73754
73755
73756
73757
73758
74027
74028
74029
74030
74031
74032
74033
74034
74035
74036
74037
74038
74039
74040
74041
74042
74043
74044
74045
74046
74047
74048
74049
74050
74052
74053
74054
74055
74056
74057
74058
74059
74060
74061
74062
74063
74064
74065
74066
74067
74068
74069
74070
74071
74072
74081
74082
74083
74084
74085
74086
74087
74088
74089
74090
74091
74092
74093
74094
74095
74096
74097
74098
74099
74100
74101
74102
74103
74104
74119
74120
74121
74122
74123
74124
74125
74126
74127
74128
74129
74130
74131
74132
74133
74134
74135
74136
74137
74138
74139
74140
74155
74156
74157
74158
74159
74160
74161
74162
74163
74164
74165
74166
74167
74168
74169
74170
74171
74186
74187
74188
74189
74190
74191
74192
74193
74194
74195
74196
74197
74198
74199
74213
74214
74215
74216
74217
74218
74219
74220
74221
74232
74234
74235
74242
74243
74246
74247
74248
74249
74250
74251
74252
74253
74254
74257
74259
74260
74261
74265
74267
74269
74271
74273
74279
74280
74282
74283
74286
74287
74288
74289
74290
74291
74292
74294
74303
74304
74305
74307
74313
74314
74316
74318
74319
74320
74321
74322
74323
74324
74325
74326
74328
74332
74336
74337
74338
74339
74340
74342
74344
74346
74349
74350
74357
74358
74359
74360
74367
74368
74369
74370
74375
74376
74377
74378
74380
74385
74387
74388
74389
74392
74397
74403
74407
74417
74418
74419
74424
74426
74433
74434
74435
74436
74437
74444
74445
74446
74447
74448
74454
74455
74456
74457
74458
74459
74460
74469
74470
74471
74472
74476
74477
74478
74482
74483
74484
74487
74494
74495
74496
74497
74498
74503
74504
74512
74515
74518
74521
74524
74527
74528
74529
74530
74531
74532
74535
74536
74538
74541
74544
74546
74547
74548
74550
74551
74553
74554
74555
74559
74561
74563
74571
74572
74573
74574
74575
74582
74583
74584
74585
74587
74590
74591
74592
74598
74599
74601
74603
74621
74622
74623
74624
74625
74626
74627
74628
74629
74646
74647
74648
74650
74651
74652
74653
74655
74658
74666
74667
74668
74669
74670
74671
74672
74673
74674
74675
74676
74677
74685
74686
74687
74688
74689
74690
74697
74698
74699
74700
74703
74704
74709
74710
74711
74712
74724
74726
74728
74733
74737
74744
74747
74749
74751
74752
74753
74759
74760
74761
74762
74763
74769
74770
74771
74772
74774
74779
74780
74781
74782
74786
74789
74796
74800
74802
74803
74813
74815
74816
74817
74818
74819
74820
74821
74822
74828
74829
74830
74831
74832
74835
74837
74839
74840
74841
74842
74844
74845
74846
74848
74849
74850
74852
74854
74855
74857
74878
74879
74880
74882
74883
74885
74886
74887
74888
74889
74890
74891
74892
74893
74894
74914
74915
74917
74918
74920
74921
74922
74924
74925
74933
74934
74935
74937
74938
74947
74948
74949
74950
74951
74952
74953
74957
74958
74959
74960
74961
74962
74963
74964
74965
74966
74967
74968
74969
74970
74972
74975
74978
74980
74981
74982
74984
74986
74988
74990
74991
74992
74993
74994
74995
74996
74997
74998
74999
75000
75002
75007
75008
75009
75014
75015
75016
75020
75021
75022
75023
75024
75025
75026
75030
75031
75032
75033
75034
75040
75041
75042
75044
75045
75048
75049
75050
75053
75054
75055
75056
75057
75058
75059
75060
75061
75062
75063
75064
75067
75068
75069
75070
75076
75077
75078
75079
75080
75081
75082
75083
75086
75087
75088
75089
75090
75091
75092
75093
75094
75095
75096
75097
75098
75099
75100
75101
75102
75103
75104
75105
75108
75109
75110
75118
75119
75120
75121
75122
75123
75124
75125
75126
75128
75129
75130
75131
75132
75133
75134
75135
75137
75139
75141
75142
75143
75144
75145
75162
75163
75164
75165
75166
75167
75168
75169
75170
75171
75172
75173
75174
75175
75176
75177
75183
75184
75185
75186
75187
75188
75189
75190
75191
75192
75193
75194
75195
75196
75198
75199
75200
75207
75208
75209
75213
75214
75215
75216
75217
75218
75220
75222
75224
75228
75229
75232
75233
75234
75235
75240
75241
75242
75243
75244
75245
75253
75254
75255
75256
75257
75258
75259
75260
75261
75262
75263
75264
75265
75266
75267
75268
75269
75270
75271
75272
75273
75274
75275
75276
75277
75278
75281
75282
75283
75284
75285
75286
75287
75288
75289
75290
75291
75292
75293
75294
75295
75296
75297
75298
75299
75300
75301
75302
75303
75304
75305
75306
75309
75310
75311
75320
75321
75322
75323
75324
75331
75332
75333
75334
75339
75340
75341
75342
75346
75347
75348
75349
75365
75377
75378
75379
75380
75383
75384
75385
75388
75389
75390
75391
75392
75393
75394
75395
75396
75397
75398
75399
75400
75401
75402
75403
75404
75405
75406
75407
75408
75409
75410
75411
75412
75413
75414
75415
75416
75417
75418
75419
75420
75421
75422
75423
75424
75425
75426
75427
75428
75429
75430
75431
75432
75433
75434
75437
75443
75444
75445
75446
75453
75454
75455
75456
75457
75461
75462
75463
75464
75465
75466
75467
75468
75469
75470
75476
75477
75478
75479
75480
75481
75482
75491
75492
75493
75494
75498
75499
75500
75503
75504
75506
75507
75508
75509
75510
75511
75512
75515
75517
75518
75519
75521
75522
75525
75527
75528
75529
75532
75535
75536
75538
75539
75543
75548
75549
75552
75553
75555
75557
75558
75559
75560
75561
75563
75568
75569
75570
75572
75573
75574
75575
75576
75587
75588
75589
75590
75591
75592
75596
75602
75607
75610
75611
75612
75613
75614
75622
75624
75625
75628
75629
75630
75631
75632
75644
75645
75646
75647
75648
75649
75654
75658
75659
75663
75664
75665
75666
75668
75677
75679
75683
75688
75689
75690
75694
75695
75698
75699
75700
75701
75702
75703
75705
75706
75708
75715
75716
75717
75718
75719
75720
75722
75723
75724
75726
75728
75729
75731
75732
75734
75763
75764
75765
75767
75768
75770
75771
75772
75773
75774
75775
75776
75780
75785
75786
75787
75788
75790
75791
75792
75793
75804
75807
75810
75815
75816
75817
75818
75819
75820
75826
75830
75836
75837
75838
75839
75841
75843
75844
75845
75846
75863
75864
75865
75867
75868
75870
75871
75872
75874
75875
75880
75881
75882
75883
75884
75885
75886
75893
75894
75895
75896
75897
75898
75899
75900
75901
75902
75905
75906
75907
75909
75910
75911
75912
75913
75914
75915
75916
75917
75918
75919
75928
75929
75930
75931
75932
75935
75939
75940
75941
75942
75944
75945
75946
75951
75952
75953
75954
75955
75956
75957
75958
75959
75960
75961
75962
75963
75964
75965
75966
75967
75968
75969
75970
75971
75972
75975
75976
75977
75978
75979
75980
75982
75983
75984
75985
75986
75987
75988
75995
75996
75997
75998
75999
76000
76001
76002
76003
76004
76005
76006
76007
76008
76009
76015
76016
76017
76018
76019
76020
76021
76022
76023
76026
76027
76036
76037
76038
76039
76040
76041
76044
76045
76046
76047
76048
76049
76050
76051
76052
76059
76060
76061
76065
76066
76067
76068
76069
76071
76073
76077
76078
76079
76083
76084
76085
76086
76087
76088
76089
76090
76091
76092
76093
76094
76095
76096
76097
76098
76099
76100
76101
76102
76103
76104
76105
76106
76107
76108
76109
76111
76112
76113
76114
76115
76116
76117
76118
76119
76120
76121
76122
76123
76124
76125
76126
76127
76135
76136
76137
76138
76139
76149
76150
76151
76152
76163
76164
76165
76166
76167
76168
76169
76170
76171
76172
76173
76174
76175
76176
76177
76178
76179
76180
76181
76182
76183
76184
76185
76186
76187
76188
76189
76190
76191
76192
76193
76194
76195
76196
76197
76198
76213
76214
76215
76216
76217
76218
76219
76222
76223
76230
76231
76232
76233
76234
76235
76238
76239
76242
76244
76245
76246
76247
76248
76249
76250
76251
76252
76253
76254
76255
76256
76257
76258
76259
76260
76261
76262
76263
76264
76265
76266
76267
76268
76269
76270
76271
76272
76273
76274
76275
76276
76277
76278
76279
76280
76281
76282
76283
76286
76287
76288
76289
76290
76291
76292
76293
76294
76295
76296
76297
76298
76299
76301
76302
76303
76304
76305
76306
76307
76308
76309
76310
76311
76312
76313
76314
76315
76316
76317
76318
76319
76320
76321
76322
76323
76324
76325
76326
76327
76328
76329
76330
76331
76332
76333
76334
76335
76336
76337
76338
76339
76340
76341
76342
76343
76344
76345
76346
76347
76348
76349
76350
76351
76352
76353
76354
76355
76356
76357
76358
76359
76360
76362
76364
76365
76366
76367
76368
76369
76370
76371
76372
76373
76374
76375
76376
76377
76378
76379
76380
76381
76382
76383
76384
76385
76386
76387
76388
76389
76390
76391
76392
76393
76394
76395
76396
76397
76398
76399
76400
76401
76402
76403
76404
76405
76406
76407
76408
76409
76410
76411
76412
76413
76414
76415
76416
76417
76418
76419
76420
76421
76422
76423
76424
76425
76426
76427
76428
76429
76430
76431
76432
76433
76434
76435
76436
76437
76438
76439
76440
76441
76442
76443
76444
76445
76446
76447
76448
76449
76450
76451
76452
76453
76454
76455
76457
76458
76459
76460
76461
76462
76463
76464
76465
76467
76468
76469
76470
76471
76472
76473
76474
76475
76476
76477
76478
76479
76480
76481
76482
76483
76484
76485
76486
76487
76488
76489
76490
76491
76492
76493
76494
76495
76496
76497
76498
76499
76500
76501
76502
76503
76504
76505
76506
76507
76508
76509
76510
76511
76512
76513
76514
76515
76516
76517
76518
76519
76523
76524
76525
76526
76527
76528
76529
76530
76531
76532
76533
76534
76535
76536
76537
76538
76539
76540
76541
76542
76543
76544
76545
76546
76547
76548
76549
76550
76551
76552
76553
76554
76555
76556
76557
76558
76559
76560
76561
76562
76563
76564
76565
76566
76567
76568
76569
76570
76571
76572
76573
76574
76575
76576
76577
76578
76579
76580
76581
76582
76583
76584
76585
76586
76587
76588
76589
76590
76591
76592
76593
76594
76595
76596
76597
76598
76599
76600
76601
76602
76603
76604
76605
76606
76607
76608
76609
76610
76611
76612
76613
76614
76615
76616
76617
76618
76619
76620
76621
76622
76623
76624
76625
76626
76627
76628
76629
76630
76631
76632
76633
76634
76635
76636
76637
76638
76639
76640
76643
76647
76648
76649
76650
76651
76652
76653
76654
76655
76656
76657
76658
76659
76660
76661
76662
76663
76664
76665
76666
76667
76668
76669
76670
76671
76672
76673
76674
76675
76676
76677
76678
76679
76680
76681
76682
76683
76684
76685
76686
76687
76688
76689
76690
76691
76693
76695
76696
76697
76698
76699
76700
76701
76702
76703
76704
76705
76706
76707
76708
76709
76710
76711
76712
76713
76714
76715
76716
76717
76718
76719
76720
76721
76722
76723
76724
76725
76726
76727
76728
76729
76730
76731
76732
76733
76734
76735
76736
76737
76738
76739
76740
76741
76742
76743
76744
76745
76746
76747
76748
76749
76750
76761
76762
76763
76764
76765
76766
76767
76789
76790
76791
76792
76793
76794
76795
76796
76797
76798
76818
76819
76820
76821
76822
76823
76824
76825
76826
76827
76828
76829
76830
76831
76832
76850
76851
76852
76853
76854
76855
76856
76857
76858
76859
76860
76861
76862
76863
76864
76865
76866
76867
76883
76884
76885
76886
76887
76888
76889
76890
76891
76892
76893
76894
76895
76896
76897
76898
76899
76900
76901
76902
76903
76917
76918
76919
76920
76921
76922
76923
76924
76925
76926
76927
76928
76929
76930
76931
76932
76933
76934
76935
76936
76937
76938
76939
76940
76941
76942
76943
76944
76945
76946
76947
76948
76949
76950
76951
76952
76953
76954
76955
76956
76957
76958
76959
76969
76970
76971
76972
76973
76974
76975
76976
76977
76978
76979
76987
76988
76989
76990
76991
76992
76993
76994
76995
76996
77002
77003
77004
77005
77006
77007
77008
77009
77013
77014
77015
77016
77017
77019
77020
77021
77024
77026
77028
77031
77032
77033
77037
77038
77043
77045
77047
77048
77050
77056
77058
77060
77061
77064
77066
77068
77071
77072
77074
77075
77076
77080
77082
77084
77085
77086
77087
77088
77089
77090
77091
77092
77093
77094
77095
77096
77097
77098
77099
77103
77104
77113
77114
77115
77116
77124
77125
77126
77127
77128
77129
77133
77134
77135
77136
77137
77138
77139
77140
77141
77142
77143
77144
77147
77151
77153
77155
77156
77159
77160
77161
77162
77168
77173
77174
77177
77182
77183
77186
77187
77188
77189
77190
77191
77193
77194
77199
77200
77203
77204
77205
77206
77213
77214
77215
77216
77221
77227
77237
77241
77242
77243
77246
77248
77249
77250
77251
77252
77259
77260
77261
77262
77263
77269
77270
77271
77272
77277
77278
77279
77280
77289
77290
77294
77295
77296
77297
77304
77306
77310
77314
77317
77318
77319
77320
77321
77323
77326
77328
77331
77333
77335
77336
77338
77339
77341
77342
77344
77346
77350
77351
77353
77354
77356
77367
77368
77370
77372
77377
77378
77379
77381
77382
77383
77384
77386
77389
77402
77403
77404
77406
77407
77408
77409
77420
77422
77425
77426
77427
77428
77429
77430
77432
77435
77437
77440
77442
77443
77444
77445
77447
77450
77452
77453
77454
77459
77460
77461
77465
77466
77467
77468
77469
77470
77471
77472
77473
77474
77475
77476
77477
77478
77484
77485
77488
77489
77490
77491
77492
77498
77499
77500
77501
77502
77508
77510
77512
77513
77514
77518
77519
77520
77521
77522
77523
77524
77525
77526
77536
77538
77539
77540
77541
77542
77543
77544
77545
77546
77547
77548
77549
77550
77551
77552
77553
77554
77563
77564
77565
77566
77572
77573
77574
77587
77588
77589
77590
77596
77597
77598
77601
77602
77603
77604
77605
77606
77607
77608
77609
77610
77611
77612
77613
77614
77615
77619
77621
77622
77623
77628
77629
77632
77635
77637
77638
77642
77646
77647
77648
77652
77653
77654
77656
77659
77664
77665
77669
77671
77672
77674
77679
77680
77683
77684
77687
77688
77689
77690
77691
77692
77693
77699
77700
77701
77702
77705
77706
77707
77708
77711
77715
77717
77718
77719
77720
77721
77722
77723
77724
77725
77726
77727
77728
77729
77730
77731
77732
77733
77734
77735
77736
77737
77738
77739
77740
77741
77742
77743
77744
77745
77746
77747
77748
77749
77750
77751
77752
77753
77754
77755
77756
77757
77758
77759
77760
77761
77762
77763
77764
77765
77766
77767
77768
77769
77770
77771
77772
77773
77774
77775
77776
77777
77778
77779
77780
77781
77782
77783
77784
77785
77786
77787
77788
77789
77790
77791
77792
77793
77794
77795
77796
77797
77798
77799
77800
77801
77802
77803
77804
77805
77806
77807
77808
77809
77810
77811
77812
77813
77814
77815
77816
77817
77818
77819
77820
77821
77822
77823
77824
77825
77826
77827
77828
77829
77830
77831
77832
77833
77834
77835
77836
77837
77838
77839
77840
77841
77842
77843
77844
77845
77846
77847
77848
77849
77850
77851
77852
77853
77860
77861
77862
77864
77865
77866
77869
77870
77871
77872
77882
77883
77884
77886
77887
77888
77893
77894
77895
77905
77906
77909
77910
77913
77914
77919
77921
77923
77928
77929
77932
77933
77941
77942
77943
77944
77951
77952
77954
77955
77960
77961
77962
77963
77964
77968
77971
77973
77974
77975
77977
77983
77985
77987
77990
77992
77995
78000
78001
78004
78005
78008
78009
78010
78012
78013
78016
78018
78019
78020
78021
78022
78023
78024
78025
78026
78027
78038
78039
78040
78041
78042
78043
78046
78047
78050
78051
78052
78053
78054
78059
78060
78062
78063
78066
78067
78070
78072
78075
78077
78079
78080
78081
78082
78083
78084
78085
78086
78087
78088
78089
78090
78091
78092
78093
78094
78095
78096
78097
78098
78099
78100
78101
78102
78103
78104
78105
78106
78107
78108
78109
78110
78111
78112
78113
78114
78115
78116
78204
78205
78206
78207
78208
78209
78210
78211
78212
78213
78214
78215
78216
78217
78218
78219
78220
78221
78222
78223
78224
78225
78226
78227
78228
78230
78293
78294
78295
78296
78297
78298
78299
78300
78301
78302
78303
78304
78305
78306
78307
78308
78309
78310
78311
78313
78367
78368
78369
78370
78371
78372
78373
78374
78375
78376
78377
78378
78379
78380
78381
78382
78432
78433
78434
78435
78436
78437
78438
78439
78440
78441
78442
78443
78444
78445
78446
78447
78496
78497
78498
78499
78500
78501
78502
78503
78504
78505
78506
78507
78508
78509
78510
78511
78547
78548
78549
78550
78551
78552
78553
78554
78555
78556
78557
78558
78559
78560
78561
78562
78563
78564
78565
78566
78597
78598
78599
78600
78601
78602
78603
78604
78605
78606
78607
78608
78632
78633
78634
78797
78798
78799
78800
78801
78802
78803
78804
78805
78806
78807
78808
78809
78810
78811
78812
78813
78814
78815
78816
78817
78818
78819
78820
78821
78822
78823
78824
78825
78826
78827
78828
78829
78830
78831
78832
78833
78834
78835
78848
78849
78850
78851
78852
78853
78854
78855
78856
78857
78858
78859
78860
78861
78862
78863
78864
78865
78866
78867
78868
78870
78880
78881
78882
78883
78884
78885
78886
78887
78888
78889
78890
78891
78892
78893
78894
78895
78896
78897
78908
78909
78910
78911
78912
78913
78914
78915
78916
78917
78918
78919
78920
78921
78922
78923
78924
78937
78938
78939
78940
78941
78942
78943
78944
78945
78946
78947
78948
78949
78950
78964
78965
78966
78967
78968
78969
78970
78971
78977
78991
78992
78993
78994
78995
79018
79059
79060
79061
79062
79063
79064
79065
79066
79067
79068
79069
79070
79071
79072
79073
79074
79075
79076
79077
79078
79079
79080
79081
79082
79083
79084
79085
79086
79107
79108
79109
79110
79111
79112
79113
79114
79115
79116
79117
79118
79119
79120
79121
79122
79123
79124
79125
79126
79127
79128
79129
79130
79131
79132
79133
79134
79135
79136
79137
79138
79139
79140
79141
79155
79156
79157
79158
79159
79160
79161
79162
79163
79164
79165
79166
79167
79168
79169
79170
79171
79172
79173
79185
79186
79187
79188
79189
79190
79191
79192
79193
79194
79195
79196
79197
79198
79199
79209
79210
79211
79212
79213
79214
79215
79216
79217
79218
79219
79220
79221
79229
79230
79231
79232
79233
79234
79235
79236
79237
79238
79239
79240
79241
79242
79243
79244
79245
79246
79247
79248
79249
79250
79251
79252
79253
79254
79255
79256
79257
79258
79259
79260
79261
79262
79263
79264
79265
79266
79267
79268
79269
79270
79278
79279
79280
79281
79282
79283
79284
79285
79291
79292
79293
79294
79298
79299
79300
79301
79302
79303
79304
79305
79306
79307
79308
79309
79310
79311
79312
79313
79314
79315
79316
79323
79324
79325
79326
79327
79328
79329
79330
79331
79332
79333
79334
79335
79336
79337
79338
79339
79340
79341
79342
79343
79344
79345
79353
79354
79355
79356
79357
79358
79359
79360
79361
79362
79363
79364
79365
79366
79367
79368
79369
79370
79371
79372
79373
79374
79375
79376
79377
79378
79387
79388
79389
79390
79391
79392
79393
79394
79395
79396
79397
79398
79399
79400
79401
79402
79403
79404
79405
79415
79416
79417
79418
79419
79420
79421
79422
79423
79424
79425
79426
79427
79428
79439
79440
79441
79442
79443
79444
79445
79446
79447
79448
79449
79450
79461
79462
79463
79464
79465
79466
79467
79468
79469
79479
79480
79481
79482
79483
79489
79490
79492
79493
79494
79495
79496
79497
79498
79503
79504
79505
79506
79507
79508
79509
79510
79511
79512
79513
79514
79515
79516
79517
79518
79528
79529
79530
79531
79532
79533
79534
79535
79536
79537
79538
79539
79540
79541
79542
79543
79544
79545
79571
79573
79595
79598
79601
79604
79606
79608
79612
79613
79614
79617
79618
79619
79624
79625
79628
79630
79633
79638
79639
79647
79648
79649
79650
79662
79663
79664
79668
79669
79670
79672
79673
79674
79676
79677
79678
79679
79680
79681
79682
79683
79697
79699
79700
79701
79703
79710
79714
79715
79716
79717
79719
79720
79732
79734
79735
79736
79737
79738
79739
79740
79741
79742
79743
79760
79762
79764
79765
79766
79767
79782
79799
79804
79810
79820
79821
79822
79823
79824
79826
79827
79828
79839
79840
79841
79842
79843
79844
79845
79846
79847
79848
79849
79850
79851
79852
79853
79873
79874
79875
79876
79878
79879
79880
79881
79882
79900
79906
79907
79908
79909
79915
79920
79924
79927
79930
79931
79937
79940
79945
79946
79948
79949
79961
79974
79975
79976
79977
79979
79983
79990
79993
79998
79999
80005
80011
80012
80013
80015
80016
80017
80018
80020
80021
80023
80024
80026
80027
80028
80031
80033
80034
80036
80076
80077
80078
80079
80081
80082
80083
80084
80088
80090
80092
80093
80094
80095
80096
80098
80099
80100
80101
80104
80106
80107
80108
80109
80110
80111
80112
80113
80114
80156
80157
80158
80159
80162
80163
80167
80171
80172
80173
80174
80175
80176
80177
80205
80207
80210
80211
80215
80216
80221
80222
80223
80224
80225
80226
80233
80234
80235
80238
80245
80247
80250
80251
80252
80253
80254
80260
80263
80266
80269
80270
80276
80277
80280
80281
80284
80285
80287
80288
80290
80291
80302
80303
80304
80305
80306
80307
80309
80311
80312
80314
80328
80329
80331
80332
80334
80335
80336
80338
80340
80341
80342
80343
80347
80348
80354
80360
80361
80362
80363
80365
80368
80369
80370
80371
80372
80379
80380
80381
80382
80383
80384
80385
80386
80387
80401
80402
80403
80404
80405
80415
80418
80419
80422
80423
80424
80427
80428
80429
80430
80435
80436
80438
80439
80440
80441
80442
80443
80444
80445
80447
80448
80449
80450
80451
80452
80453
80454
80455
80456
80457
80458
80459
80460
80461
80462
80463
80464
80465
80466
80467
80468
80469
80470
80471
80472
80473
80474
80475
80476
80477
80478
80487
80488
80489
80490
80491
80492
80493
80494
80495
80533
80534
80535
80536
80537
80539
80540
80541
80548
80566
80567
80568
80569
80570
80571
80572
80573
80574
80575
80576
80577
80583
80584
80585
80586
80587
80590
80591
80592
80597
80598
80600
80601
80610
80612
80616
80617
80618
80619
80620
80621
80622
80623
80634
80635
80636
80637
80638
80639
80640
80641
80642
80661
80662
80663
80664
80665
80666
80667
80668
80669
80670
80672
80674
80676
80677
80678
80682
80683
80684
80685
80686
80687
80688
80689
80690
80691
80692
80694
80696
80697
80699
80700
80701
80702
80703
80704
80705
80706
80708
80709
80710
80711
80754
80755
80756
80757
80758
80759
80760
80761
80762
80763
80778
80779
80780
80781
80782
80797
80798
80799
80800
80801
80802
80803
80804
80805
80806
80809
80810
80813
80814
80815
80816
80817
80818
80819
80820
80821
80822
80823
80824
80825
80826
80827
80828
80829
80830
80831
80832
80833
80836
80837
80838
80839
80840
80841
80842
80843
80861
80862
80863
80864
80865
80866
80867
80868
80869
80870
80871
80872
80873
80874
80875
80897
80899
80900
80901
80902
80903
80904
80905
80906
80912
80913
80914
80921
80922
80923
80931
80932
80933
80939
80940
80941
80942
80943
80944
80945
80946
80947
80948
80949
80950
80953
80954
80958
80959
80960
80963
80965
80966
80967
80968
80969
80970
80971
80972
80975
80976
80977
80978
80979
80984
80985
80986
80987
80988
80989
80990
80991
80992
80993
80994
80995
80998
80999
81000
81001
81002
81005
81006
81007
81008
81009
81010
81011
81012
81013
81014
81015
81016
81017
81018
81019
81020
81021
81022
81023
81024
81025
81026
81027
81028
81029
81030
81031
81032
81034
81035
81038
81039
81040
81041
81042
81043
81044
81045
81047
81048
81049
81050
81051
81052
81053
81054
81055
81056
81057
81058
81059
81060
81061
81062
81063
81064
81065
81066
81067
81068
81069
81070
81071
81072
81073
81075
81076
81077
81078
81079
81080
81081
81082
81083
81084
81085
81086
81087
81088
81089
81090
81091
81093
81094
81095
81096
81099
81100
81101
81102
81103
81104
81105
81106
81107
81108
81109
81110
81111
81112
81113
81114
81115
81116
81117
81118
81119
81120
81121
81122
81123
81128
81129
81131
81132
81137
81138
81139
81140
81141
81142
81143
81144
81145
81146
81147
81148
81149
81150
81151
81153
81154
81157
81158
81160
81161
81164
81165
81166
81167
81168
81169
81170
81171
81172
81173
81174
81175
81176
81177
81178
81179
81180
81181
81182
81183
81184
81185
81192
81193
81194
81195
81196
81197
81198
81199
81200
81201
81202
81203
81204
81205
81206
81207
81208
81209
81210
81211
81212
81213
81223
81224
81225
81226
81227
81228
81229
81230
81231
81232
81233
81234
81235
81236
81237
81238
81239
81240
81241
81242
81243
81244
81245
81246
81247
81248
81249
81250
81251
81252
81253
81254
81255
81257
81261
81262
81263
81264
81265
81266
81267
81268
81269
81270
81271
81272
81273
81276
81277
81278
81279
81280
81281
81282
81283
81284
81285
81286
81287
81288
81289
81290
81291
81292
81293
81294
81295
81296
81297
81298
81299
81300
81301
81302
81303
81304
81305
81306
81307
81308
81309
81310
81311
81312
81313
81314
81315
81316
81317
81318
81319
81320
81321
81322
81323
81324
81325
81326
81327
81328
81329
81332
81333
81334
81335
81336
81338
81339
81340
81341
81342
81343
81347
81348
81349
81351
81353
81355
81357
81358
81361
81365
81368
81371
81372
81373
81377
81378
81380
81381
81382
81383
81384
81389
81390
81396
81398
81399
81400
81401
81402
81403
81404
81409
81410
81411
81412
81421
81422
81423
81424
81425
81426
81434
81435
81436
81440
81445
81452
81455
81460
81464
81465
81466
81467
81468
81473
81474
81475
81476
81477
81485
81486
81487
81488
81489
81490
81497
81498
81501
81505
81506
81507
81508
81510
81518
81521
81522
81523
81524
81527
81534
81539
81542
81543
81544
81545
81550
81552
81554
81556
81557
81558
81560
81561
81563
81564
81565
81567
81568
81570
81571
81572
81574
81575
81576
81578
81580
81592
81593
81594
81596
81597
81598
81599
81601
81602
81605
81606
81628
81629
81630
81631
81632
81633
81634
81636
81637
81638
81639
81641
81644
81663
81664
81666
81667
81668
81670
81671
81672
81673
81674
81675
81676
81677
81678
81679
81680
81681
81682
81683
81684
81685
81686
81687
81688
81689
81690
81691
81693
81695
81697
81698
81699
81700
81701
81702
81703
81704
81708
81709
81710
81718
81719
81720
81721
81722
81729
81730
81731
81733
81734
81735
81736
81737
81738
81739
81740
81741
81742
81743
81744
81745
81746
81747
81748
81749
81750
81751
81752
81753
81754
81755
81756
81757
81758
81759
81760
81761
81762
81763
81764
81765
81766
81767
81768
81769
81770
81771
81772
81773
81774
81775
81776
81777
81778
81779
81780
81781
81782
81783
81784
81785
81787
81788
81789
81790
81791
81792
81793
81795
81796
81797
81798
81799
81800
81801
81802
81803
81804
81805
81806
81807
81810
81811
81812
81813
81814
81815
81816
81822
81823
81824
81825
81826
81827
81828
81829
81830
81831
81832
81833
81834
81835
81846
81847
81848
81850
81852
81854
81856
81857
81858
81859
81860
81866
81867
81868
81872
81873
81874
81875
81879
81880
81881
81882
81883
81884
81892
81893
81894
81895
81896
81897
81898
81899
81900
81901
81902
81903
81904
81905
81906
81907
81908
81909
81910
81911
81912
81913
81914
81915
81916
81917
81918
81919
81920
81921
81922
81923
81924
81925
81926
81927
81928
81929
81930
81931
81932
81933
81934
81935
81936
81937
81938
81939
81940
81941
81942
81943
81944
81945
81946
81947
81948
81949
81950
81951
81952
81953
81954
81955
81956
81957
81958
81959
81960
81961
81962
81963
81964
81968
81969
81970
81971
81994
81995
81996
81999
82000
82001
82002
82003
82004
82005
82006
82007
82008
82009
82010
82011
82012
82013
82014
82015
82016
82017
82018
82019
82020
82021
82022
82023
82024
82025
82026
82033
82034
82035
82036
82037
82047
82048
82049
82050
82051
82052
82061
82062
82063
82064
82065
82066
82067
82068
82069
82070
82071
82072
82073
82074
82075
82076
82077
82078
82079
82080
82081
82082
82083
82084
82085
82086
82087
82088
82089
82090
82091
82092
82093
82094
82095
82096
82097
82098
82099
82100
82101
82102
82103
82104
82105
82106
82107
82108
82109
82110
82111
82112
82113
82114
82115
82116
82117
82118
82119
82120
82121
82122
82123
82124
82125
82126
82127
82128
82129
82130
82131
82132
82133
82134
82135
82136
82137
82138
82139
82140
82141
82142
82143
82144
82145
82146
82147
82148
82149
82150
82151
82152
82153
82154
82155
82156
82157
82158
82159
82160
82161
82162
82163
82164
82165
82166
82167
82168
82169
82170
82171
82172
82173
82174
82175
82176
82177
82178
82179
82180
82181
82182
82183
82184
82185
82186
82187
82188
82189
82190
82191
82192
82193
82194
82195
82196
82197
82198
82199
82200
82201
82202
82203
82204
82205
82206
82207
82208
82209
82210
82211
82212
82213
82214
82215
82216
82217
82218
82219
82220
82221
82222
82223
82224
82225
82226
82227
82228
82229
82230
82231
82232
82233
82234
82235
82236
82237
82238
82239
82240
82241
82242
82243
82244
82245
82246
82247
82248
82249
82250
82251
82252
82253
82254
82255
82256
82257
82258
82259
82260
82261
82262
82263
82264
82265
82266
82267
82268
82269
82270
82271
82272
82273
82274
82275
82276
82277
82278
82279
82280
82281
82282
82283
82284
82285
82286
82287
82288
82289
82290
82291
82292
82293
82294
82295
82296
82297
82298
82299
82300
82301
82302
82303
82304
82305
82306
82307
82308
82309
82310
82311
82313
82315
82323
82325
82327
82328
82330
82332
82337
82339
82341
82343
82345
82346
82349
82353
82355
82358
82360
82361
82364
82366
82367
82374
82376
82377
82380
82381
82384
82387
82389
82391
82392
82393
82397
82398
82399
82406
82407
82412
82413
82414
82415
82420
82421
82422
82423
82431
82432
82435
82436
82437
82438
82439
82440
82441
82450
82451
82452
82453
82454
82455
82456
82457
82458
82464
82465
82466
82467
82472
82473
82474
82475
82494
82498
82501
82504
82506
82507
82508
82509
82514
82515
82516
82521
82523
82526
82534
82537
82538
82539
82540
82542
82545
82549
82551
82552
82553
82561
82562
82563
82564
82566
82568
82574
82576
82579
82580
82581
82583
82584
82586
82587
82588
82590
82591
82592
82594
82606
82607
82608
82610
82611
82613
82614
82616
82617
82619
82620
82642
82643
82645
82646
82651
82652
82653
82654
82655
82656
82657
82660
82661
82662
82663
82665
82667
82668
82670
82671
82673
82694
82695
82696
82697
82698
82699
82700
82701
82702
82703
82704
82706
82709
82710
82711
82712
82716
82717
82718
82724
82725
82728
82729
82730
82732
82733
82734
82735
82738
82740
82742
82743
82744
82751
82752
82753
82754
82755
82756
82757
82758
82759
82760
82761
82762
82763
82764
82765
82766
82767
82768
82769
82770
82771
82772
82773
82774
82775
82790
82792
82793
82794
82795
82796
82799
82806
82807
82808
82809
82810
82811
82813
82815
82817
82818
82819
82823
82824
82825
82829
82830
82831
82835
82836
82839
82840
82841
82845
82847
82850
82852
82854
82855
82857
82858
82859
82863
82864
82865
82866
82867
82868
82869
82870
82871
82872
82873
82874
82888
82889
82890
82891
82892
82893
82894
82895
82896
82897
82898
82899
82900
82903
82904
82905
82911
82912
82913
82914
82915
82916
82917
82918
82925
82926
82927
82928
82929
82938
82939
82941
82942
82943
82947
82948
82949
82952
82953
82954
82955
82956
82957
82958
82959
82960
82961
82962
82963
82964
82965
82974
82975
82980
82981
82983
82985
82986
82987
82988
82995
82996
82997
82998
82999
83000
83001
83002
83003
83004
83005
83006
83007
83008
83009
83010
83011
83012
83013
83014
83015
83016
83017
83018
83019
83020
83021
83022
83023
83024
83025
83026
83027
83028
83029
83030
83031
83032
83033
83034
83035
83036
83037
83038
83039
83040
83041
83042
83043
83044
83045
83046
83047
83048
83049
83050
83051
83052
83053
83054
83055
83056
83057
83058
83059
83060
83061
83062
83063
83064
83065
83066
83067
83068
83069
83070
83071
83072
83073
83074
83075
83076
83077
83078
83079
83080
83081
83082
83083
83084
83085
83086
83087
83088
83089
83090
83091
83092
83093
83094
83095
83096
83097
83098
83099
83100
83101
83102
83103
83104
83105
83106
83107
83108
83109
83110
83111
83112
83113
83114
83115
83116
83117
83118
83119
83120
83121
83122
83123
83124
83125
83126
83127
83128
83129
83130
83131
83132
83133
83134
83135
83136
83137
83138
83139
83140
83141
83142
83143
83144
83145
83146
83147
83148
83149
83150
83151
83152
83153
83154
83155
83156
83157
83158
83159
83160
83161
83162
83163
83164
83165
83166
83167
83168
83169
83170
83171
83172
83173
83174
83175
83176
83177
83178
83179
83180
83181
83182
83183
83184
83185
83186
83187
83188
83189
83190
83191
83192
83193
83194
83195
83196
83197
83198
83199
83200
83201
86092
86093
86095
86096
86098
86100
86102
86104
86107
86108
86113
86115
86116
86117
86119
86121
86126
86127
86128
86129
86130
86132
86140
86143
86144
86145
86146
86147
86148
86149
86150
86151
86152
86153
86154
86155
86156
86157
86159
86160
86162
86166
86167
86168
86834
86835
86836
86837
86838
86839
86840
86841
86842
86843
86844
86845
86846
86847
86848
86849
86856
86857
86858
86859
86860
86861
86862
86863
86864
86865
86866
86867
86868
86869
86870
86871
86872
86873
86874
86875
86876
86877
86878
86879
86880
86881
86882
86883
86884
86885
86893
86894
86895
86896
86897
86898
86899
86900
86901
86902
86903
86904
86905
86906
86907
86908
86909
86910
86911
86912
86913
86914
86915
86916
86917
86918
86929
86930
86931
86932
86933
86934
86935
86936
86937
86938
86939
86940
86941
86942
86943
86944
86945
86946
86947
86948
86949
86950
86951
86952
86953
86954
86955
86967
86968
86969
86970
86971
86972
86973
86974
86975
86976
86977
86978
86979
86980
86981
86982
86983
86984
86985
86986
86987
86988
86989
86990
86991
86992
86993
86994
87009
87010
87011
87012
87013
87014
87015
87016
87017
87018
87019
87020
87021
87022
87023
87024
87025
87026
87027
87028
87029
87030
87031
87032
87033
87034
87035
87036
87054
87055
87056
87057
87058
87059
87060
87061
87062
87063
87064
87065
87066
87067
87068
87069
87070
87071
87072
87073
87074
87075
87076
87077
87078
87100
87101
87102
87103
87104
87105
87106
87107
87108
87109
87110
87111
87112
87113
87114
87115
87116
87117
87118
87119
87120
87121
87140
87141
87142
87143
87144
87145
87146
87147
87148
87149
87150
87151
87152
87153
87154
87155
87166
87167
87168
87169
87170
87188
87189
87190
87191
87192
87193
87194
87195
87196
87197
87198
87199
87200
87201
87202
87203
87204
87205
87206
87207
87213
87214
87215
87216
87217
87218
87219
87220
87221
87222
87228
87229
87230
87231
87232
87233
87234
87235
87236
87237
87238
87246
87247
87248
87249
87250
87251
87252
87258
87259
87260
87261
87265
87266
87267
87268
87269
87270
87271
87272
87273
87274
87275
87276
87277
87278
87279
87280
87281
87282
87283
87284
87285
87286
87287
87288
87289
87290
87291
87292
87293
87294
87295
87296
87297
87298
87299
87300
87301
87302
87303
87304
87305
87306
87307
87308
87309
87310
87311
87312
87313
87314
87315
87316
87320
87321
87322
87323
87324
87330
87331
87332
87342
87343
87345
87348
87353
87354
87356
87358
87360
87361
87362
87366
87368
87369
87376
87377
87378
87379
87380
87387
87388
87389
87390
87395
87407
87408
87409
87410
87411
87412
87413
87414
87416
87420
87421
87422
87423
87426
87429
87430
87431
87433
87434
87435
87436
87437
87444
87445
87448
87449
87450
87451
87452
87453
87454
87455
87456
87457
87458
87459
87460
87461
87462
87463
87464
87465
87466
87467
87468
87469
87470
87471
87472
87473
87474
87475
87476
87477
87478
87479
87480
87481
87482
87483
87484
87485
87486
87487
87488
87489
87490
87491
87492
87493
87494
87495
87496
87497
87498
87499
87500
87501
87502
87503
87504
87505
87506
87507
87508
87509
87510
87511
87512
87513
87514
87515
87516
87517
87518
87519
87520
87521
87530
87531
87532
87533
87534
87541
87542
87547
87548
87549
87550
87551
87552
87553
87554
87555
87556
87557
87558
87559
87560
87561
87562
87563
87564
87565
87566
87567
87568
87569
87570
87571
87572
87573
87574
87575
87576
87580
87581
87582
87583
87584
87585
87586
87587
87588
87589
87590
87591
87592
87593
87594
87603
87604
87605
87606
87607
87608
87609
87610
87611
87612
87613
87614
87627
87628
87629
87630
87631
87632
87633
87634
87635
87649
87650
87651
87666
87690
87693
87694
87697
87698
87701
87703
87704
87710
87712
87714
87717
87718
87719
87724
87727
87729
87731
87733
87740
87741
87742
87743
87749
87750
87751
87757
87759
87761
87762
87764
87766
87768
87770
87772
87774
87776
87778
87779
87783
87784
87785
87788
87789
87796
87797
87798
87800
87801
87802
87803
87804
87806
87808
87810
87811
87813
87815
87817
87818
87821
87822
87823
87825
87827
87828
87829
87837
87838
87844
87845
87846
87848
87849
87850
87855
87860
87862
87863
87864
87865
87866
87867
87871
87872
87875
87876
87883
87884
87885
87886
87887
87888
87895
87896
87897
87898
87899
87906
87907
87919
87921
87923
87925
87932
87933
87934
87935
87936
87937
87944
87945
87946
87947
87948
87949
87950
87951
87959
87960
87962
87972
87976
87977
87978
87979
87980
87981
87982
87992
87993
87994
87995
87996
88000
88002
88004
88005
88007
88008
88010
88011
88012
88014
88015
88018
88019
88022
88032
88033
88035
88036
88038
88039
88044
88045
88046
88047
88069
88070
88072
88073
88075
88076
88077
88078
88080
88081
88082
88083
88085
88086
88089
88101
88102
88103
88104
88105
88106
88107
88108
88109
88110
88111
88116
88119
88122
88124
88125
88126
88127
88135
88137
88139
88140
88141
88143
88144
88146
88147
88149
88160
88161
88162
88163
88164
88165
88166
88168
88170
88171
88173
88174
88175
88176
88177
88178
88179
88181
88185
88186
88189
88190
88196
88197
88198
88199
88200
88206
88207
88208
88209
88210
88211
88215
88216
88217
88218
88224
88225
88226
88227
88228
88229
88230
88231
88232
88233
88234
88235
88244
88245
88246
88247
88248
88249
88250
88251
88252
88259
88260
88261
88262
88263
88264
88266
88268
88271
88272
88273
88274
88279
88280
88281
88282
88283
88296
88297
88298
88299
88300
88301
88302
88303
88304
88305
88307
88309
88311
88313
88314
88315
88316
88317
88318
88319
88320
88321
88322
88323
88324
88325
88344
88345
88346
88347
88348
88353
88354
88355
88357
88359
88360
88361
88362
88363
88364
88365
88366
88367
88368
88369
88370
88371
88372
88373
88374
88375
88376
88377
88378
88379
88380
88381
88382
88383
88384
88385
88386
88387
88392
88393
88394
88403
88404
88405
88406
88409
88410
88421
88422
88423
88424
88425
88426
88427
88428
88433
88434
88435
88436
88439
88440
88443
88446
88447
88449
88454
88455
88456
88457
88460
88461
88462
88463
88464
88465
88466
88467
88468
88469
88471
88472
88473
88474
88475
88476
88477
88478
88479
88480
88481
88482
88483
88484
88485
88486
88487
88488
88489
88490
88491
88492
88493
88494
88495
88496
88497
88498
88499
88500
88501
88502
88503
88504
88505
88506
88507
88508
88509
88510
88511
88512
88513
88514
88515
88516
88517
88518
88519
88520
88521
88522
88523
88524
88525
88526
88527
88528
88529
88530
88531
88532
88533
88534
88535
88536
88537
88538
88539
88540
88541
88542
88543
88544
88545
88546
88547
88548
88549
88550
88551
88552
88553
88554
88555
88556
88557
88558
88559
88560
88561
88562
88563
88564
88565
88566
88567
88568
88569
88570
88571
88572
88573
88574
88575
88576
88577
88578
88579
88580
88581
88582
88583
88584
88585
88586
88587
88588
88589
88590
88591
88592
88593
88594
88595
88596
88597
88598
88599
88600
88601
88602
88603
88604
88605
88606
88607
88608
88609
88610
88611
88612
88613
88614
88615
88616
88617
88618
88619
88620
88621
88622
88623
88624
88625
88626
88627
88628
88629
88630
88631
88632
88633
88634
88635
88636
88637
88638
88639
88640
88641
88642
88643
88644
88645
88646
88647
88648
88649
88650
88651
88652
88653
88654
88655
88656
88657
88658
88659
88660
88661
88662
88663
88664
88665
88666
88667
88668
88669
88670
88671
88672
88673
88674
88675
88676
88677
88678
88679
88680
88681
88682
88683
88684
88685
88686
88687
88688
88689
88690
88691
88692
88693
88694
88695
88696
88697
88698
88699
88700
88701
88702
88703
88704
88705
88706
88707
88708
88709
88710
88711
88712
88713
88714
88715
88716
88717
88718
88719
88720
88722
88728
88740
88741
88742
88743
88745
88746
88757
88759
88761
88762
88765
88766
88767
90990
90991
90992
90993
90994
90995
90996
90997
90998
90999
91000
91001
91002
91003
91004
91005
91006
91007
91008
91009
91017
91018
91019
91020
91021
91022
91023
91024
91030
91031
91032
91033
91034
91035
91036
91037
91041
91042
91043
91044
91045
91047
91048
91240
91241
91242
91243
91244
91245
91246
91247
91248
91249
91250
91256
91257
91258
91259
91260
91261
91262
91266
91267
91268
91269
91270
91271
91272
91273
91274
91275
91276
91277
91278
91279
91280
91281
91282
91283
91284
91285
91286
91290
91291
91292
91293
91294
91317
91321
91322
91326
91329
91330
91331
91332
91337
91338
91342
91343
91344
91345
91346
91352
91354
91358
91363
91364
91373
91374
91375
91377
91378
91379
91380
91382
91385
91393
91394
91395
91396
91397
91401
91402
91403
91407
91408
91410
91411
91413
91415
91416
91419
91424
91425
91426
91427
91428
91429
91430
91431
91432
91433
91434
91441
91442
91448
91449
91450
91451
91454
91456
91457
91460
91462
91466
91467
91472
91474
91476
91479
91480
91483
91485
91487
91488
91493
91494
91495
91496
91499
91500
91501
91502
91503
91504
91505
91506
91507
91508
91509
91510
91511
91512
91513
91514
91515
91516
91517
91518
91519
91520
91521
91522
91523
91524
91525
91526
91527
91528
91529
91530
91531
91532
91533
91534
91535
91536
91537
91538
91539
91540
91541
91542
91543
91544
91545
91546
91547
91563
91567
91585
91644
91645
91658
91659
91661
91694
91731
91772
91792
91803
91810
91811
91900
91901
91906
91907
91910
91930
91950
91991
92000
92099
92102
92104
92106
92118
92119
92120
92195
92202
92206
92208
92209
92280
92284
92288
92292
92297
92298
92319
92322
92341
92346
92349
92351
92353
92479
92484
92558
92562
92626
92627
92629
92637
92638
92649
92650
92651
92652
92685
92698
92712
92713
92714
92715
92741
92766
92771
92788
92798
92800
92801
92803
92804
92806
92807
92809
92878
92893
92894
92914
92917
92933
93005
93008
93015
93016
93017
93038
93040
93041
93042
93043
93063
93064
93065
93067
93068
93118
93125
93126
93127
93128
93130
93132
93239
93243
93245
93246
93281
93283
93284
93286
93388
93396
93397
93413
93422
93438
93443
93444
93445
93451
93459
93478
93484
93495
93496
93497
93498
93499
93500
93501
93545
93576
93613
93614
93615
93620
93621
93642
93660
93677
93678
93688
93692
93777
93810
93841
93843
93844
93890
93892
93918
93919
93926
93932
93938
93939
93940
93970
93971
93978
93980
94000
94027
94031
94032
94057
94062
94070
94076
94077
94078
94079
94117
94118
94127
94129
94130
94136
94137
94138
94157
94162
94164
94165
94181
94183
94188
94189
94190
94191
94195
94196
94197
94226
94248
94279
94280
94281
94282
94283
94294
94309
94313
94314
94326
94328
94329
94330
94331
94332
94358
94382
94404
94405
)


// ************************************************************************* //
