/*--------------------------------*- C++ -*----------------------------------*\
  =========                 |
  \\      /  F ield         | OpenFOAM: The Open Source CFD Toolbox
   \\    /   O peration     | Website:  https://openfoam.org
    \\  /    A nd           | Version:  12
     \\/     M anipulation  |
\*---------------------------------------------------------------------------*/
FoamFile
{
    format      ascii;
    class       labelList;
    location    "constant/polyMesh";
    object      cellProcAddressing;
}
// * * * * * * * * * * * * * * * * * * * * * * * * * * * * * * * * * * * * * //


10546
(
27099
27137
27857
27889
27890
27891
27894
27895
27896
27897
27926
27928
27929
27930
27931
27932
27933
27934
27935
28631
28667
28669
28670
28671
28672
28697
28699
28700
28701
28702
28703
28704
28705
28706
28707
28712
28713
28714
28715
28733
28735
28736
28737
28738
28739
28740
28741
28742
28743
28744
28745
28746
28747
28748
28749
28750
28751
28752
29420
29456
29458
29459
29460
29461
29493
29495
29496
29497
29498
29499
29500
29501
29502
29519
29521
29522
29523
29524
29525
29526
29527
29528
29529
29530
29531
29532
29533
29534
29535
29536
29537
29538
29539
29558
29560
29561
29562
29563
29564
29565
29566
29567
29568
29569
29570
29571
29572
29573
29574
29575
29576
29577
29578
29579
29580
29581
29582
29583
29584
29585
30209
30266
30268
30269
30270
30271
30303
30305
30306
30307
30308
30309
30310
30311
30312
30340
30342
30343
30344
30345
30346
30347
30348
30349
30350
30351
30352
30353
30364
30365
30366
30367
30368
30369
30370
30371
30372
30373
30374
30375
30376
30377
30378
30379
30380
30381
30382
30383
30384
30387
30388
30406
30407
30408
30409
30410
30411
30412
30413
30414
30415
30416
30417
30418
30419
30420
30421
30422
30423
30424
30425
30426
30427
30428
30429
30430
30431
30432
30433
30434
30435
30436
30437
30438
30439
30440
31045
31081
31083
31084
31085
31086
31139
31141
31142
31143
31144
31145
31146
31147
31148
31176
31178
31179
31180
31181
31182
31183
31184
31185
31186
31187
31188
31189
31214
31215
31216
31217
31218
31219
31220
31221
31222
31223
31224
31225
31226
31227
31228
31229
31230
31234
31235
31236
31237
31238
31239
31240
31241
31242
31243
31244
31245
31246
31247
31248
31249
31250
31251
31252
31255
31256
31258
31259
31261
31266
31280
31281
31282
31283
31284
31285
31286
31287
31288
31289
31290
31291
31292
31293
31294
31295
31296
31297
31298
31299
31300
31301
31302
31303
31304
31305
31306
31307
31308
31309
31310
31311
31312
31313
31314
31315
31316
31317
31318
31912
31948
31950
31951
31952
31953
31985
31987
31988
31989
31990
31991
31993
31994
31995
32043
32045
32046
32047
32048
32049
32050
32051
32052
32053
32054
32055
32056
32081
32082
32083
32084
32085
32086
32087
32088
32089
32090
32091
32092
32093
32094
32095
32096
32097
32101
32119
32120
32121
32122
32123
32124
32125
32126
32127
32128
32129
32130
32131
32132
32133
32134
32135
32137
32138
32139
32140
32141
32142
32143
32144
32145
32146
32147
32148
32149
32150
32151
32152
32155
32156
32158
32159
32163
32167
32182
32183
32184
32185
32186
32187
32188
32189
32190
32191
32192
32193
32194
32195
32196
32197
32198
32199
32200
32201
32202
32203
32204
32205
32206
32207
32208
32209
32210
32211
32212
32213
32214
32215
32216
32217
32218
32219
32220
32221
32222
32810
32846
32848
32849
32850
32851
32883
32885
32886
32887
32888
32889
32891
32892
32893
32920
32922
32923
32924
32925
32926
32927
32929
32930
32931
32936
32937
32938
32979
32980
32981
32982
32983
32984
32985
32986
32987
32988
32989
32990
32991
32992
32993
32994
32995
32998
33017
33018
33019
33020
33021
33022
33023
33024
33025
33026
33027
33028
33029
33030
33031
33032
33033
33035
33037
33038
33039
33040
33055
33056
33057
33058
33059
33060
33061
33062
33063
33064
33065
33066
33067
33068
33069
33070
33071
33072
33074
33075
33076
33077
33078
33079
33080
33081
33082
33083
33084
33085
33086
33087
33088
33091
33092
33096
33100
33116
33117
33118
33119
33120
33121
33122
33123
33124
33125
33126
33127
33128
33129
33130
33131
33132
33133
33134
33135
33136
33137
33138
33139
33140
33141
33142
33143
33144
33145
33146
33147
33148
33149
33150
33151
33152
33153
33154
33155
33156
33741
33778
33780
33781
33782
33783
33815
33817
33818
33819
33820
33821
33823
33824
33825
33852
33854
33855
33856
33857
33858
33859
33861
33862
33863
33868
33869
33870
33890
33891
33892
33893
33894
33895
33896
33897
33899
33900
33901
33906
33907
33908
33913
33914
33915
33930
33949
33950
33951
33952
33953
33954
33955
33956
33957
33958
33959
33960
33961
33962
33963
33964
33965
33968
33969
33970
33971
33972
33987
33988
33989
33990
33991
33992
33993
33994
33995
33996
33997
33998
33999
34000
34001
34002
34003
34004
34006
34007
34008
34009
34010
34011
34012
34013
34025
34026
34027
34028
34029
34030
34031
34032
34033
34034
34035
34036
34037
34038
34039
34040
34041
34044
34045
34046
34047
34048
34049
34050
34051
34052
34053
34054
34055
34056
34057
34058
34059
34060
34061
34065
34070
34086
34087
34088
34089
34090
34091
34092
34093
34094
34095
34096
34097
34098
34099
34100
34101
34102
34103
34104
34105
34106
34107
34108
34109
34110
34111
34112
34113
34114
34115
34116
34117
34118
34119
34120
34121
34122
34123
34124
34125
34126
34712
34744
34745
34746
34747
34748
34781
34783
34784
34785
34786
34787
34789
34790
34791
34818
34820
34821
34822
34823
34824
34825
34827
34828
34829
34834
34835
34836
34856
34857
34858
34859
34860
34861
34862
34863
34865
34866
34867
34872
34873
34874
34879
34880
34881
34894
34895
34896
34897
34898
34899
34900
34901
34902
34903
34904
34905
34910
34911
34912
34917
34918
34919
34934
34935
34936
34937
34938
34953
34954
34955
34956
34957
34958
34959
34960
34961
34962
34963
34964
34965
34966
34967
34968
34969
34972
34973
34974
34975
34976
34977
34978
34979
34980
34991
34992
34993
34994
34995
34996
34997
34998
34999
35000
35001
35002
35003
35004
35005
35006
35007
35010
35011
35012
35013
35014
35015
35016
35017
35018
35029
35030
35031
35032
35033
35034
35035
35036
35037
35038
35039
35040
35041
35042
35043
35044
35045
35049
35050
35051
35052
35053
35054
35055
35056
35057
35061
35063
35064
35065
35066
35067
35068
35069
35070
35090
35091
35092
35093
35094
35095
35096
35097
35098
35099
35100
35101
35102
35103
35104
35105
35106
35107
35108
35109
35110
35111
35112
35113
35114
35115
35116
35117
35118
35119
35120
35121
35122
35123
35124
35125
35126
35127
35128
35129
35130
35708
35747
35748
35749
35750
35751
35779
35780
35781
35782
35783
35784
35786
35787
35788
35816
35818
35819
35820
35821
35822
35823
35825
35826
35827
35832
35833
35834
35854
35855
35856
35857
35858
35859
35860
35861
35863
35864
35865
35870
35871
35872
35877
35878
35879
35892
35893
35894
35895
35896
35897
35898
35899
35900
35901
35902
35903
35908
35909
35910
35915
35916
35917
35930
35931
35932
35933
35934
35935
35936
35937
35938
35939
35940
35941
35942
35943
35944
35945
35946
35947
35948
35953
35954
35955
35970
35971
35972
35973
35974
35975
35976
35977
35978
35989
35990
35991
35992
35993
35994
35995
35996
35997
35998
35999
36000
36001
36002
36003
36004
36005
36008
36009
36010
36011
36012
36013
36014
36015
36016
36027
36028
36029
36030
36031
36032
36033
36034
36035
36036
36037
36038
36039
36040
36041
36042
36043
36046
36048
36049
36050
36051
36052
36053
36054
36055
36065
36066
36067
36068
36069
36070
36071
36072
36073
36074
36075
36076
36077
36078
36079
36080
36081
36084
36086
36087
36088
36089
36090
36091
36092
36093
36102
36103
36104
36105
36106
36107
36108
36109
36110
36126
36127
36128
36129
36130
36131
36132
36133
36134
36135
36136
36137
36138
36139
36140
36141
36142
36143
36144
36145
36146
36147
36148
36149
36150
36151
36152
36153
36154
36155
36156
36157
36158
36159
36160
36161
36162
36163
36164
36165
36166
36732
36774
36775
36776
36777
36778
36812
36813
36814
36815
36816
36817
36819
36820
36821
36844
36845
36846
36847
36848
36849
36850
36852
36853
36854
36859
36860
36861
36882
36883
36884
36885
36886
36887
36888
36889
36891
36892
36893
36898
36899
36900
36905
36906
36907
36920
36921
36922
36923
36924
36925
36926
36927
36928
36929
36930
36931
36936
36937
36938
36943
36944
36945
36958
36959
36960
36961
36962
36963
36964
36965
36966
36967
36968
36969
36970
36971
36972
36973
36974
36975
36976
36981
36982
36983
36996
36997
36998
36999
37000
37001
37002
37003
37004
37005
37006
37007
37008
37009
37010
37011
37012
37013
37014
37015
37016
37017
37018
37019
37020
37021
37037
37040
37041
37042
37043
37044
37045
37046
37047
37055
37056
37057
37058
37059
37060
37061
37062
37063
37064
37065
37066
37067
37068
37069
37070
37071
37073
37075
37076
37077
37078
37079
37080
37081
37082
37093
37094
37095
37096
37097
37098
37099
37100
37101
37102
37103
37104
37105
37106
37107
37108
37109
37113
37114
37115
37116
37117
37118
37119
37120
37121
37131
37132
37133
37134
37135
37136
37137
37138
37139
37140
37141
37142
37143
37144
37145
37146
37147
37151
37152
37153
37154
37155
37156
37157
37158
37159
37171
37173
37174
37175
37176
37177
37178
37179
37180
37192
37193
37194
37195
37196
37197
37198
37199
37200
37201
37202
37203
37204
37205
37206
37207
37208
37209
37210
37211
37212
37213
37214
37215
37216
37217
37218
37219
37220
37221
37222
37223
37224
37225
37226
37227
37228
37229
37230
37231
37232
37796
37830
37831
37832
37833
37834
37874
37875
37876
37877
37878
37880
37881
37882
37883
37908
37909
37910
37911
37912
37913
37914
37916
37917
37918
37923
37924
37925
37944
37945
37946
37947
37948
37949
37950
37951
37953
37954
37955
37960
37961
37962
37967
37968
37969
37982
37983
37984
37985
37986
37987
37988
37989
37990
37991
37992
37993
37998
37999
38000
38005
38006
38007
38020
38021
38022
38023
38024
38025
38026
38027
38028
38029
38030
38031
38032
38033
38034
38035
38036
38037
38038
38043
38044
38045
38058
38059
38060
38061
38062
38063
38064
38065
38066
38067
38068
38069
38070
38071
38072
38073
38074
38075
38076
38077
38078
38079
38080
38081
38082
38083
38096
38097
38098
38099
38100
38101
38102
38103
38104
38105
38106
38107
38108
38109
38110
38111
38112
38113
38114
38115
38116
38117
38118
38119
38120
38121
38140
38142
38143
38144
38145
38146
38147
38148
38149
38155
38156
38157
38158
38159
38160
38161
38162
38163
38164
38165
38166
38167
38168
38169
38170
38171
38175
38176
38177
38178
38179
38180
38181
38182
38183
38193
38194
38195
38196
38197
38198
38199
38200
38201
38202
38203
38204
38205
38206
38207
38208
38209
38212
38214
38215
38216
38217
38218
38219
38220
38221
38231
38232
38233
38234
38235
38236
38237
38238
38239
38240
38241
38242
38243
38244
38245
38246
38247
38250
38251
38252
38253
38254
38255
38256
38257
38258
38272
38273
38274
38275
38276
38277
38278
38279
38280
38290
38291
38292
38293
38294
38295
38296
38297
38298
38299
38300
38301
38302
38303
38304
38305
38306
38307
38308
38309
38310
38311
38312
38313
38314
38315
38316
38317
38318
38319
38320
38321
38322
38323
38324
38325
38326
38327
38328
38329
38330
38331
38332
38333
38887
38923
38924
38925
38926
38927
38959
38960
38961
38962
38963
38965
38966
38967
38968
38999
39000
39001
39002
39003
39004
39006
39007
39008
39013
39014
39015
39016
39035
39036
39037
39038
39039
39040
39041
39042
39044
39045
39046
39051
39052
39053
39058
39059
39060
39073
39074
39075
39076
39077
39078
39079
39080
39081
39082
39083
39084
39089
39090
39091
39096
39097
39098
39111
39112
39113
39114
39115
39116
39117
39118
39119
39120
39121
39122
39123
39124
39125
39126
39127
39128
39129
39134
39135
39136
39149
39150
39151
39152
39153
39154
39155
39156
39157
39158
39159
39160
39161
39162
39163
39164
39165
39166
39167
39168
39169
39170
39171
39172
39173
39174
39187
39188
39189
39190
39191
39192
39193
39194
39195
39196
39197
39198
39199
39200
39201
39202
39203
39204
39205
39206
39207
39208
39209
39210
39211
39212
39225
39226
39227
39228
39229
39230
39231
39232
39233
39234
39235
39236
39237
39238
39239
39240
39241
39242
39243
39244
39245
39246
39247
39248
39249
39250
39271
39272
39273
39274
39275
39276
39277
39278
39279
39284
39285
39286
39287
39288
39289
39290
39291
39292
39293
39294
39295
39296
39297
39298
39299
39300
39303
39304
39305
39306
39307
39308
39309
39310
39311
39322
39323
39324
39325
39326
39327
39328
39329
39330
39331
39332
39333
39334
39335
39336
39337
39338
39342
39343
39344
39345
39346
39347
39348
39349
39350
39360
39361
39362
39363
39364
39365
39366
39367
39368
39369
39370
39371
39372
39373
39374
39375
39376
39377
39378
39379
39382
39383
39384
39385
39386
39387
39388
39389
39390
39403
39404
39405
39406
39407
39408
39409
39410
39411
39422
39423
39424
39425
39426
39427
39428
39429
39430
39431
39432
39433
39434
39435
39436
39437
39438
39439
39440
39441
39442
39443
39444
39445
39446
39447
39448
39449
39450
39451
39452
39453
39454
39455
39456
39457
39458
39459
39460
39461
40026
40041
40042
40043
40044
40045
40078
40079
40080
40081
40082
40083
40085
40086
40087
40115
40116
40117
40118
40119
40120
40122
40123
40124
40129
40130
40131
40132
40153
40154
40155
40156
40157
40158
40159
40160
40162
40163
40168
40169
40170
40175
40176
40177
40178
40191
40192
40193
40194
40195
40196
40197
40198
40199
40200
40201
40202
40207
40208
40209
40214
40215
40216
40229
40230
40231
40232
40233
40234
40235
40236
40237
40238
40239
40240
40241
40242
40243
40244
40245
40246
40247
40252
40253
40254
40267
40268
40269
40270
40271
40272
40273
40274
40275
40276
40277
40278
40279
40280
40281
40282
40283
40284
40285
40286
40287
40288
40289
40290
40291
40292
40305
40306
40307
40308
40309
40310
40311
40312
40313
40314
40315
40316
40317
40318
40319
40320
40321
40322
40323
40324
40325
40326
40327
40328
40329
40330
40343
40344
40345
40346
40347
40348
40349
40350
40351
40352
40353
40354
40355
40356
40357
40358
40359
40360
40361
40362
40363
40364
40365
40366
40367
40368
40381
40382
40383
40384
40385
40386
40387
40388
40389
40390
40391
40392
40393
40394
40395
40396
40397
40398
40399
40400
40401
40402
40403
40404
40405
40406
40423
40424
40425
40426
40427
40428
40429
40430
40431
40440
40441
40442
40443
40444
40445
40446
40447
40448
40449
40450
40451
40452
40453
40454
40455
40456
40459
40460
40461
40462
40463
40464
40465
40466
40467
40478
40479
40480
40481
40482
40483
40484
40485
40486
40487
40488
40489
40490
40491
40492
40493
40494
40495
40496
40497
40500
40501
40502
40503
40504
40505
40506
40507
40508
40519
40520
40521
40522
40523
40524
40525
40526
40527
40528
40529
40530
40531
40532
40533
40534
40535
40536
40538
40539
40540
40541
40542
40543
40544
40545
40546
40559
40560
40561
40562
40563
40564
40565
40566
40578
40579
40580
40581
40582
40583
40584
40585
40586
40587
40588
40589
40590
40591
40592
40593
40594
40595
40596
40597
40598
40599
40600
40601
40602
40603
40604
40605
40606
40607
40608
41135
41192
41193
41194
41195
41196
41208
41209
41210
41211
41212
41213
41215
41216
41217
41245
41246
41247
41248
41249
41250
41251
41253
41254
41255
41260
41261
41262
41283
41284
41285
41286
41287
41288
41289
41290
41292
41293
41298
41299
41300
41305
41306
41307
41308
41321
41322
41323
41324
41325
41326
41327
41328
41329
41330
41331
41332
41333
41338
41339
41344
41345
41346
41359
41360
41361
41362
41363
41364
41365
41366
41367
41368
41369
41370
41371
41372
41373
41374
41375
41376
41377
41382
41383
41384
41397
41398
41399
41400
41401
41402
41403
41404
41405
41406
41407
41408
41409
41410
41411
41412
41413
41414
41415
41416
41417
41418
41419
41420
41421
41422
41435
41436
41437
41438
41439
41440
41441
41442
41443
41444
41445
41446
41447
41448
41449
41450
41451
41452
41453
41454
41455
41456
41457
41458
41459
41460
41473
41474
41475
41476
41477
41478
41479
41480
41481
41482
41483
41484
41485
41486
41487
41488
41489
41490
41491
41492
41493
41494
41495
41496
41497
41498
41511
41512
41513
41514
41515
41516
41517
41518
41519
41520
41521
41522
41523
41524
41525
41526
41527
41528
41529
41530
41531
41532
41533
41534
41535
41536
41549
41550
41551
41552
41553
41554
41555
41556
41557
41558
41559
41560
41561
41562
41563
41564
41565
41566
41567
41568
41569
41570
41571
41572
41573
41574
41590
41593
41594
41595
41596
41597
41598
41599
41600
41608
41609
41610
41611
41612
41613
41614
41615
41616
41617
41618
41619
41620
41621
41622
41623
41624
41625
41626
41627
41629
41630
41631
41632
41633
41634
41635
41636
41637
41649
41650
41651
41652
41653
41654
41655
41656
41657
41658
41659
41660
41661
41662
41663
41664
41665
41666
41668
41669
41670
41671
41672
41673
41674
41675
41687
41688
41689
41690
41691
41692
41693
41694
41695
41696
41697
41698
41700
41701
41702
41703
41704
41705
41706
41707
41708
41720
41721
41722
41723
41736
41737
41738
41739
41740
41741
41742
41743
41744
41745
41746
41747
41748
41749
41750
41751
41752
41753
41754
41755
41756
41757
42266
42298
42299
42300
42301
42302
42356
42357
42358
42359
42360
42361
42362
42363
42364
42372
42373
42374
42375
42376
42377
42378
42380
42381
42382
42387
42388
42389
42410
42411
42412
42413
42414
42415
42416
42417
42419
42420
42421
42426
42427
42428
42433
42434
42435
42448
42449
42450
42451
42452
42453
42454
42455
42456
42457
42458
42459
42460
42465
42466
42471
42472
42473
42486
42487
42488
42489
42490
42491
42492
42493
42494
42495
42496
42497
42498
42499
42500
42501
42502
42503
42504
42505
42510
42511
42524
42525
42526
42527
42528
42529
42530
42531
42532
42533
42534
42535
42536
42537
42538
42539
42540
42541
42542
42543
42544
42545
42546
42547
42548
42549
42562
42563
42564
42565
42566
42567
42568
42569
42570
42571
42572
42573
42574
42575
42576
42577
42578
42579
42580
42581
42582
42583
42584
42585
42586
42587
42600
42601
42602
42603
42604
42605
42606
42607
42608
42609
42610
42611
42612
42613
42614
42615
42616
42617
42618
42619
42620
42621
42622
42623
42624
42625
42638
42639
42640
42641
42642
42643
42644
42645
42646
42647
42648
42649
42650
42651
42652
42653
42654
42655
42656
42657
42658
42659
42660
42661
42662
42663
42676
42677
42678
42679
42680
42681
42682
42683
42684
42685
42686
42687
42688
42689
42690
42691
42692
42693
42694
42695
42696
42697
42698
42699
42700
42701
42714
42715
42716
42717
42718
42719
42720
42721
42722
42723
42724
42725
42726
42727
42728
42729
42730
42731
42732
42733
42734
42735
42736
42737
42738
42739
42740
42741
42742
42761
42763
42764
42765
42766
42767
42768
42769
42770
42776
42777
42778
42779
42780
42781
42782
42783
42784
42785
42786
42787
42788
42789
42790
42791
42792
42793
42795
42796
42797
42798
42799
42800
42801
42802
42814
42815
42816
42817
42818
42819
42820
42821
42822
42823
42824
42825
42826
42827
42828
42829
42842
42843
42844
42845
42846
42847
42848
42849
42850
42851
42852
42853
42878
42879
42880
42881
42882
42883
42884
42885
42886
42887
42888
42889
42890
42891
43340
43375
43409
43410
43411
43412
43413
43444
43445
43446
43447
43448
43449
43451
43452
43453
43502
43503
43504
43505
43506
43507
43508
43509
43510
43511
43512
43513
43514
43519
43520
43521
43522
43523
43524
43525
43526
43528
43529
43530
43535
43536
43537
43542
43543
43544
43557
43558
43559
43560
43561
43562
43563
43564
43565
43566
43567
43568
43573
43574
43575
43580
43581
43582
43595
43596
43597
43598
43599
43600
43601
43602
43603
43604
43605
43606
43607
43608
43609
43610
43611
43612
43613
43614
43619
43620
43633
43634
43635
43636
43637
43638
43639
43640
43641
43642
43643
43644
43645
43646
43647
43648
43649
43650
43651
43652
43653
43654
43655
43656
43657
43658
43671
43672
43673
43674
43675
43676
43677
43678
43679
43680
43681
43682
43683
43684
43685
43686
43687
43688
43689
43690
43691
43692
43693
43694
43695
43696
43709
43710
43711
43712
43713
43714
43715
43716
43717
43718
43719
43720
43721
43722
43723
43724
43725
43726
43727
43728
43729
43730
43731
43732
43733
43734
43747
43748
43749
43750
43751
43752
43753
43754
43755
43756
43757
43758
43759
43760
43761
43762
43763
43764
43765
43766
43767
43768
43769
43770
43771
43772
43785
43786
43787
43788
43789
43790
43791
43792
43793
43794
43795
43796
43797
43798
43799
43800
43801
43802
43803
43804
43805
43806
43807
43808
43809
43810
43823
43824
43825
43826
43827
43828
43829
43830
43831
43832
43833
43834
43835
43836
43837
43838
43839
43840
43841
43842
43843
43844
43845
43846
43847
43848
43849
43850
43851
43864
43865
43866
43867
43868
43869
43870
43871
43872
43873
43874
43875
43876
43877
43878
43879
43880
43881
43882
43883
43884
43885
43886
43887
43888
43889
43890
43911
43912
43913
43914
43915
43916
43917
43918
43923
43924
43925
43926
43927
43928
43929
43930
43931
43932
43933
43934
43935
43936
43937
43938
43951
43952
43953
43954
43955
43956
43957
43958
43971
43972
43973
43974
43995
43996
43997
43998
43999
44000
44001
44002
44415
44452
44455
44456
44457
44458
44489
44490
44491
44492
44493
44524
44525
44526
44527
44528
44529
44531
44532
44533
44561
44562
44563
44564
44565
44566
44567
44569
44570
44571
44576
44577
44578
44620
44621
44622
44623
44624
44625
44626
44627
44628
44629
44630
44631
44632
44633
44634
44635
44636
44637
44638
44639
44640
44641
44642
44643
44644
44645
44646
44647
44648
44653
44654
44655
44660
44661
44662
44675
44676
44677
44678
44679
44680
44681
44682
44683
44684
44685
44686
44687
44688
44689
44690
44691
44692
44693
44698
44699
44700
44713
44714
44715
44716
44717
44718
44719
44720
44721
44722
44723
44724
44725
44726
44727
44728
44729
44730
44731
44732
44733
44734
44735
44736
44737
44738
44751
44752
44753
44754
44755
44756
44757
44758
44759
44760
44761
44762
44763
44764
44765
44766
44767
44768
44769
44770
44771
44772
44773
44774
44775
44776
44789
44790
44791
44792
44793
44794
44795
44796
44797
44798
44799
44800
44801
44802
44803
44804
44805
44806
44807
44808
44809
44810
44811
44812
44813
44814
44827
44828
44829
44830
44831
44832
44833
44834
44835
44836
44837
44838
44839
44840
44841
44842
44843
44844
44845
44846
44847
44848
44849
44850
44851
44852
44865
44866
44867
44868
44869
44870
44871
44872
44873
44874
44875
44876
44877
44878
44879
44880
44881
44882
44883
44884
44885
44886
44887
44888
44889
44890
44903
44904
44905
44906
44907
44908
44909
44910
44911
44912
44913
44914
44915
44916
44917
44918
44919
44920
44921
44922
44923
44924
44925
44926
44927
44928
44929
44930
44931
44944
44945
44946
44947
44948
44949
44950
44951
44952
44953
44954
44955
44956
44957
44958
44959
44960
44961
44962
44963
44964
44965
44966
44967
44968
44969
44970
44983
44984
44985
44986
44987
44988
44989
44990
44991
44992
44993
44994
44995
44996
44997
44998
44999
45000
45001
45002
45019
45020
45021
45022
45031
45032
45033
45034
45035
45036
45037
45038
45051
45052
45053
45054
45063
45064
45077
45078
45079
45455
45493
45496
45497
45498
45499
45531
45534
45535
45536
45537
45538
45539
45541
45542
45567
45568
45569
45570
45571
45572
45573
45574
45575
45604
45605
45606
45607
45608
45609
45610
45612
45613
45614
45619
45620
45621
45642
45643
45644
45645
45646
45647
45648
45649
45651
45652
45653
45658
45659
45660
45665
45666
45667
45684
45701
45702
45703
45704
45705
45706
45707
45708
45709
45710
45711
45712
45713
45714
45715
45716
45717
45718
45719
45720
45721
45722
45723
45724
45725
45726
45727
45728
45729
45730
45731
45732
45733
45734
45735
45736
45741
45742
45743
45756
45757
45758
45759
45760
45761
45762
45763
45764
45765
45766
45767
45768
45769
45770
45771
45772
45773
45774
45775
45776
45777
45778
45779
45780
45781
45794
45795
45796
45797
45798
45799
45800
45801
45802
45803
45804
45805
45806
45807
45808
45809
45810
45811
45812
45813
45814
45815
45816
45817
45818
45819
45832
45833
45834
45835
45836
45837
45838
45839
45840
45841
45842
45843
45844
45845
45846
45847
45848
45849
45850
45851
45852
45853
45854
45855
45856
45857
45870
45871
45872
45873
45874
45875
45876
45877
45878
45879
45880
45881
45882
45883
45884
45885
45886
45887
45888
45889
45890
45891
45892
45893
45894
45895
45908
45909
45910
45911
45912
45913
45914
45915
45916
45917
45918
45919
45920
45921
45922
45923
45924
45925
45926
45927
45928
45929
45930
45931
45932
45933
45946
45947
45948
45949
45950
45951
45952
45953
45954
45955
45956
45957
45958
45959
45960
45961
45962
45963
45964
45965
45966
45967
45968
45969
45970
45971
45972
45973
45974
45987
45988
45989
45990
45991
45992
45993
45994
45995
45996
45997
45998
45999
46000
46001
46002
46003
46004
46005
46006
46007
46008
46009
46010
46011
46012
46013
46026
46027
46028
46029
46030
46031
46032
46033
46034
46035
46036
46037
46038
46039
46040
46041
46042
46043
46044
46045
46058
46059
46060
46061
46062
46063
46064
46065
46066
46067
46068
46069
46094
46095
46096
46097
46106
46107
46120
46462
46500
46501
46502
46503
46504
46538
46541
46542
46543
46544
46545
46546
46548
46549
46576
46579
46580
46581
46582
46583
46584
46585
46587
46588
46589
46594
46595
46612
46613
46614
46615
46616
46617
46618
46619
46620
46621
46622
46623
46625
46650
46651
46652
46653
46654
46655
46656
46657
46659
46660
46661
46666
46667
46668
46673
46674
46675
46688
46689
46690
46691
46692
46693
46694
46695
46696
46697
46698
46699
46704
46705
46706
46711
46712
46713
46729
46731
46732
46733
46734
46747
46748
46749
46750
46751
46752
46753
46754
46755
46756
46757
46758
46759
46760
46761
46762
46763
46764
46765
46766
46767
46768
46769
46770
46771
46772
46773
46774
46775
46776
46777
46778
46779
46780
46781
46782
46783
46784
46785
46786
46787
46788
46789
46802
46803
46804
46805
46806
46807
46808
46809
46810
46811
46812
46813
46814
46815
46816
46817
46818
46819
46820
46821
46822
46823
46824
46825
46826
46827
46840
46841
46842
46843
46844
46845
46846
46847
46848
46849
46850
46851
46852
46853
46854
46855
46856
46857
46858
46859
46860
46861
46862
46863
46864
46865
46878
46879
46880
46881
46882
46883
46884
46885
46886
46887
46888
46889
46890
46891
46892
46893
46894
46895
46896
46897
46898
46899
46900
46901
46902
46903
46916
46917
46918
46919
46920
46921
46922
46923
46924
46925
46926
46927
46928
46929
46930
46931
46932
46933
46934
46935
46936
46937
46938
46939
46940
46941
46954
46955
46956
46957
46958
46959
46960
46961
46962
46963
46964
46965
46966
46967
46968
46969
46970
46971
46972
46973
46974
46975
46976
46977
46978
46979
46980
46981
46982
46995
46996
46997
46998
46999
47000
47001
47002
47003
47004
47005
47006
47007
47008
47009
47010
47011
47012
47013
47014
47015
47016
47017
47018
47019
47020
47021
47034
47035
47036
47037
47038
47039
47040
47041
47042
47043
47044
47045
47046
47047
47048
47049
47050
47051
47052
47053
47066
47067
47068
47069
47070
47071
47072
47073
47074
47075
47076
47077
47090
47091
47092
47093
47114
47115
47440
47477
47478
47479
47480
47481
47515
47516
47517
47518
47519
47521
47522
47523
47524
47554
47557
47558
47559
47560
47561
47562
47563
47565
47566
47567
47572
47573
47590
47591
47592
47593
47594
47595
47596
47597
47598
47599
47600
47601
47607
47608
47609
47614
47615
47628
47629
47630
47631
47632
47633
47634
47635
47636
47637
47638
47639
47640
47642
47643
47644
47649
47666
47667
47668
47669
47670
47671
47672
47673
47674
47675
47676
47677
47682
47683
47684
47689
47690
47691
47704
47705
47706
47707
47708
47709
47710
47711
47712
47713
47714
47715
47716
47717
47718
47719
47720
47721
47722
47727
47728
47729
47744
47746
47747
47748
47749
47750
47751
47752
47753
47763
47764
47765
47766
47767
47768
47769
47770
47771
47772
47773
47774
47775
47776
47777
47778
47779
47780
47781
47782
47783
47784
47785
47786
47787
47788
47789
47790
47791
47792
47793
47794
47795
47796
47797
47798
47799
47800
47801
47802
47803
47804
47805
47818
47819
47820
47821
47822
47823
47824
47825
47826
47827
47828
47829
47830
47831
47832
47833
47834
47835
47836
47837
47838
47839
47840
47841
47842
47843
47856
47857
47858
47859
47860
47861
47862
47863
47864
47865
47866
47867
47868
47869
47870
47871
47872
47873
47874
47875
47876
47877
47878
47879
47880
47881
47894
47895
47896
47897
47898
47899
47900
47901
47902
47903
47904
47905
47906
47907
47908
47909
47910
47911
47912
47913
47914
47915
47916
47917
47918
47919
47932
47933
47934
47935
47936
47937
47938
47939
47940
47941
47942
47943
47944
47945
47946
47947
47948
47949
47950
47951
47952
47953
47954
47955
47956
47957
47958
47959
47960
47973
47974
47975
47976
47977
47978
47979
47980
47981
47982
47983
47984
47985
47986
47987
47988
47989
47990
47991
47992
47993
47994
47995
47996
47997
47998
47999
48012
48013
48014
48015
48016
48017
48018
48019
48020
48021
48022
48023
48024
48025
48026
48027
48028
48029
48030
48031
48044
48045
48046
48047
48048
48049
48050
48051
48052
48053
48054
48055
48068
48069
48070
48071
48084
48085
48392
48429
48430
48431
48432
48433
48466
48467
48468
48469
48470
48471
48473
48474
48475
48505
48506
48507
48508
48509
48510
48511
48512
48513
48519
48520
48521
48522
48542
48543
48544
48545
48546
48547
48548
48549
48550
48551
48552
48553
48559
48560
48561
48566
48567
48580
48581
48582
48583
48584
48585
48586
48587
48588
48589
48590
48591
48593
48594
48603
48604
48605
48618
48619
48620
48621
48622
48623
48624
48625
48626
48627
48628
48629
48630
48631
48636
48637
48638
48643
48656
48657
48658
48659
48660
48661
48662
48663
48664
48665
48666
48667
48668
48669
48670
48671
48672
48673
48674
48679
48680
48681
48694
48695
48696
48697
48698
48699
48700
48701
48702
48703
48704
48705
48706
48707
48708
48709
48710
48711
48712
48713
48714
48715
48716
48717
48718
48719
48735
48736
48737
48738
48739
48740
48741
48742
48743
48753
48754
48755
48756
48757
48758
48759
48760
48761
48762
48763
48764
48765
48766
48767
48768
48769
48770
48771
48772
48773
48774
48775
48776
48777
48778
48779
48780
48781
48782
48783
48784
48785
48786
48787
48788
48789
48790
48791
48792
48793
48794
48795
48808
48809
48810
48811
48812
48813
48814
48815
48816
48817
48818
48819
48820
48821
48822
48823
48824
48825
48826
48827
48828
48829
48830
48831
48832
48833
48846
48847
48848
48849
48850
48851
48852
48853
48854
48855
48856
48857
48858
48859
48860
48861
48862
48863
48864
48865
48866
48867
48868
48869
48870
48871
48884
48887
48890
48891
48892
48893
48894
48895
48896
48897
48898
48899
48900
48901
48902
48903
48904
48905
48906
48907
48908
48909
48910
48911
48912
48913
48914
48915
48916
48925
48926
48927
48928
48929
48930
48931
48932
48933
48934
48935
48936
48937
48938
48939
48940
48941
48942
48943
48944
48945
48946
48947
48948
48949
48950
48951
48964
48965
48966
48967
48968
48969
48970
48971
48972
48973
48974
48975
48976
48977
48978
48979
48980
48981
48982
48983
48996
48997
48998
48999
49000
49001
49002
49003
49004
49005
49006
49007
49020
49021
49022
49023
49036
49037
49323
49358
49359
49360
49361
49362
49395
49396
49397
49398
49399
49400
49402
49403
49404
49433
49434
49435
49436
49437
49438
49439
49440
49441
49442
49448
49449
49450
49471
49472
49473
49474
49475
49476
49477
49478
49479
49480
49481
49482
49483
49493
49494
49495
49496
49509
49510
49511
49512
49513
49514
49515
49516
49517
49518
49519
49520
49522
49523
49532
49533
49534
49547
49548
49549
49550
49551
49552
49553
49554
49555
49556
49557
49558
49559
49560
49561
49562
49567
49568
49585
49586
49587
49588
49589
49590
49591
49592
49593
49594
49595
49596
49597
49598
49599
49600
49601
49602
49603
49608
49609
49610
49623
49624
49625
49626
49627
49628
49629
49630
49631
49632
49633
49634
49635
49636
49637
49638
49639
49640
49641
49642
49643
49644
49645
49646
49647
49648
49661
49662
49663
49664
49665
49666
49667
49668
49669
49670
49671
49672
49673
49674
49675
49676
49677
49678
49679
49680
49681
49682
49683
49684
49685
49686
49701
49703
49704
49705
49706
49707
49708
49709
49710
49720
49721
49722
49723
49724
49725
49726
49727
49728
49729
49730
49731
49732
49733
49734
49735
49736
49737
49738
49739
49740
49741
49742
49743
49744
49745
49746
49747
49748
49749
49750
49751
49752
49753
49754
49755
49756
49757
49758
49759
49760
49761
49762
49775
49776
49777
49778
49779
49780
49781
49782
49783
49784
49785
49786
49787
49788
49789
49790
49791
49792
49793
49794
49795
49796
49797
49798
49799
49800
49813
49814
49815
49816
49817
49818
49819
49820
49821
49822
49823
49824
49825
49826
49827
49828
49829
49830
49831
49832
49833
49834
49835
49836
49837
49838
49839
49840
49841
49860
49862
49863
49864
49865
49866
49867
49868
49869
49871
49872
49873
49874
49875
49876
49877
49878
49879
49880
49881
49882
49883
49884
49885
49886
49887
49888
49893
49894
49895
49896
49897
49898
49899
49900
49901
49902
49903
49904
49905
49906
49907
49908
49909
49910
49911
49912
49925
49926
49927
49928
49929
49930
49931
49932
49933
49934
49935
49936
49949
49950
49951
49952
49965
49966
50229
50266
50267
50268
50269
50270
50301
50302
50303
50304
50305
50306
50308
50309
50310
50339
50340
50341
50342
50343
50344
50345
50346
50347
50348
50354
50355
50356
50377
50378
50379
50380
50381
50382
50383
50384
50385
50386
50387
50388
50389
50391
50400
50401
50402
50415
50416
50417
50418
50419
50420
50421
50422
50423
50424
50425
50426
50427
50428
50429
50431
50432
50453
50454
50455
50456
50457
50458
50459
50460
50461
50462
50463
50464
50465
50466
50467
50468
50473
50474
50491
50492
50493
50494
50495
50496
50497
50498
50499
50500
50501
50502
50503
50504
50505
50506
50507
50508
50509
50510
50515
50516
50529
50530
50531
50532
50533
50534
50535
50536
50537
50538
50539
50540
50541
50542
50543
50544
50545
50546
50547
50548
50549
50550
50551
50552
50553
50554
50567
50568
50569
50570
50571
50572
50573
50574
50575
50576
50577
50578
50579
50580
50581
50582
50583
50584
50585
50586
50587
50588
50589
50590
50591
50592
50605
50606
50607
50608
50609
50610
50611
50612
50613
50614
50615
50616
50617
50618
50619
50620
50621
50622
50623
50624
50625
50626
50627
50628
50629
50630
50646
50647
50648
50649
50650
50651
50652
50653
50654
50664
50665
50666
50667
50668
50669
50670
50671
50672
50673
50674
50675
50676
50677
50678
50679
50680
50681
50682
50683
50684
50685
50686
50687
50688
50689
50690
50691
50692
50693
50694
50695
50696
50697
50698
50699
50700
50701
50702
50703
50704
50705
50706
50719
50720
50721
50722
50723
50724
50725
50726
50727
50728
50729
50730
50731
50732
50733
50734
50735
50736
50737
50738
50739
50740
50741
50742
50743
50744
50745
50746
50747
50760
50761
50762
50763
50764
50765
50766
50767
50768
50769
50770
50771
50772
50773
50774
50775
50776
50777
50778
50779
50780
50781
50782
50783
50784
50785
50786
50807
50808
50809
50810
50811
50812
50813
50814
50819
50820
50821
50822
50823
50824
50825
50826
50827
50828
50829
50830
50831
50832
50833
50834
50835
50836
50837
50838
50839
50840
50841
50842
50855
50856
50857
50858
50871
50872
51110
51147
51148
51149
51150
51151
51184
51185
51186
51187
51188
51189
51191
51192
51193
51220
51221
51222
51223
51224
51225
51226
51228
51229
51230
51235
51236
51237
51258
51259
51260
51261
51262
51263
51264
51265
51266
51267
51268
51269
51270
51272
51281
51282
51283
51296
51297
51298
51299
51300
51301
51302
51303
51304
51305
51306
51307
51308
51309
51310
51311
51317
51334
51335
51336
51337
51338
51339
51340
51341
51342
51343
51344
51345
51346
51347
51348
51349
51354
51355
51372
51373
51374
51375
51376
51377
51378
51379
51380
51381
51382
51383
51384
51385
51386
51387
51388
51389
51390
51391
51396
51397
51410
51411
51412
51413
51414
51415
51416
51417
51418
51419
51420
51421
51422
51423
51424
51425
51426
51427
51428
51429
51430
51431
51432
51433
51434
51435
51448
51449
51450
51451
51452
51453
51454
51455
51456
51457
51458
51459
51460
51461
51462
51463
51464
51465
51466
51467
51468
51469
51470
51471
51472
51473
51486
51487
51488
51489
51490
51491
51492
51494
51495
51496
51497
51498
51499
51500
51501
51505
51506
51507
51508
51509
51510
51511
51512
51513
51514
51515
51524
51525
51526
51527
51528
51529
51530
51531
51532
51533
51534
51535
51536
51537
51538
51539
51540
51541
51542
51543
51544
51545
51546
51547
51548
51549
51564
51565
51566
51567
51568
51569
51570
51571
51572
51583
51584
51585
51586
51587
51588
51589
51590
51591
51592
51593
51594
51595
51596
51597
51598
51599
51600
51601
51602
51603
51604
51605
51606
51607
51608
51609
51610
51611
51612
51613
51614
51615
51616
51617
51618
51619
51620
51621
51622
51623
51624
51625
51626
51627
51628
51641
51642
51643
51644
51645
51646
51647
51648
51649
51650
51651
51652
51653
51654
51655
51656
51657
51658
51659
51660
51661
51662
51663
51664
51665
51666
51667
51680
51681
51682
51683
51684
51685
51686
51687
51688
51689
51690
51691
51692
51693
51694
51695
51696
51697
51698
51699
51716
51719
51722
51723
51728
51729
51730
51731
51732
51733
51734
51735
51736
51737
51738
51739
51752
51753
51965
52002
52003
52004
52005
52006
52039
52040
52041
52042
52043
52044
52046
52047
52048
52076
52077
52078
52079
52080
52081
52082
52084
52085
52086
52091
52092
52093
52113
52114
52115
52116
52117
52118
52119
52120
52122
52123
52124
52129
52130
52131
52136
52137
52138
52151
52152
52153
52154
52155
52156
52157
52158
52159
52160
52161
52162
52163
52164
52165
52166
52172
52189
52190
52191
52192
52193
52194
52195
52196
52197
52198
52199
52200
52201
52202
52203
52204
52205
52214
52227
52228
52229
52230
52231
52232
52233
52234
52235
52236
52237
52238
52239
52240
52241
52242
52243
52244
52245
52246
52251
52252
52265
52266
52267
52268
52269
52270
52271
52272
52273
52274
52275
52276
52277
52278
52279
52280
52281
52282
52283
52284
52285
52286
52287
52288
52289
52290
52303
52304
52305
52306
52307
52308
52309
52310
52311
52312
52313
52314
52315
52316
52317
52318
52319
52320
52321
52322
52323
52324
52325
52326
52327
52328
52341
52342
52343
52344
52345
52346
52347
52349
52350
52351
52352
52353
52354
52355
52356
52360
52361
52362
52363
52364
52365
52366
52367
52368
52369
52370
52379
52380
52383
52384
52385
52386
52387
52388
52389
52390
52391
52398
52399
52400
52401
52402
52403
52404
52405
52406
52407
52408
52409
52410
52411
52412
52417
52418
52419
52420
52421
52422
52423
52424
52425
52430
52431
52432
52433
52434
52435
52436
52437
52438
52439
52440
52441
52442
52443
52444
52445
52446
52459
52461
52462
52463
52464
52465
52466
52467
52468
52476
52477
52478
52479
52480
52481
52482
52483
52484
52485
52486
52487
52488
52489
52490
52491
52492
52493
52494
52495
52496
52497
52498
52499
52500
52501
52502
52503
52504
52505
52506
52507
52508
52509
52510
52511
52512
52513
52514
52515
52516
52517
52518
52519
52520
52521
52522
52535
52536
52537
52538
52539
52540
52541
52542
52543
52544
52545
52546
52547
52548
52549
52550
52551
52552
52553
52554
52567
52568
52569
52570
52571
52572
52573
52574
52575
52576
52577
52578
52603
52604
52605
52606
52607
52608
52796
52833
52834
52835
52836
52837
52870
52871
52872
52873
52874
52875
52877
52878
52879
52907
52908
52909
52910
52911
52912
52913
52915
52916
52917
52922
52923
52924
52944
52945
52946
52947
52948
52949
52950
52951
52953
52954
52955
52960
52961
52962
52967
52968
52969
52982
52983
52984
52985
52986
52987
52988
52989
52990
52991
52992
52998
52999
53000
53005
53006
53007
53020
53021
53022
53023
53024
53025
53026
53027
53028
53029
53030
53031
53032
53033
53034
53035
53036
53045
53058
53059
53060
53061
53062
53063
53064
53065
53066
53067
53068
53069
53070
53071
53072
53073
53074
53075
53076
53077
53078
53079
53096
53097
53098
53099
53100
53101
53102
53103
53104
53105
53106
53107
53108
53109
53110
53111
53112
53113
53114
53115
53116
53117
53118
53119
53120
53121
53134
53135
53136
53137
53138
53139
53140
53141
53142
53143
53144
53145
53146
53147
53148
53149
53150
53151
53152
53153
53154
53155
53156
53157
53158
53159
53172
53173
53174
53175
53176
53177
53178
53180
53181
53182
53183
53184
53185
53186
53187
53191
53192
53193
53194
53195
53196
53197
53198
53199
53200
53201
53210
53211
53214
53215
53216
53217
53218
53219
53220
53221
53222
53229
53230
53231
53232
53233
53234
53235
53236
53237
53238
53239
53240
53241
53242
53243
53250
53252
53253
53254
53255
53256
53257
53258
53259
53269
53270
53271
53272
53273
53274
53275
53276
53277
53278
53279
53280
53281
53282
53283
53284
53285
53288
53291
53292
53293
53294
53295
53296
53297
53298
53303
53304
53305
53306
53307
53308
53309
53310
53311
53312
53313
53314
53315
53316
53317
53318
53319
53320
53321
53322
53333
53335
53336
53337
53338
53339
53340
53341
53342
53348
53349
53350
53351
53352
53353
53354
53355
53356
53357
53358
53359
53360
53361
53362
53363
53364
53365
53366
53367
53368
53369
53370
53371
53372
53373
53374
53375
53376
53377
53378
53379
53380
53381
53382
53383
53384
53385
53398
53399
53400
53401
53402
53403
53404
53405
53406
53407
53408
53409
53422
53423
53424
53425
53446
53447
53600
53640
53641
53642
53643
53644
53645
53677
53678
53679
53680
53681
53682
53684
53685
53686
53714
53715
53716
53717
53718
53719
53721
53722
53723
53724
53729
53730
53731
53751
53752
53753
53754
53755
53756
53757
53758
53759
53760
53761
53767
53768
53769
53774
53775
53776
53789
53790
53791
53792
53793
53794
53795
53796
53797
53798
53799
53805
53806
53807
53812
53813
53814
53827
53828
53829
53830
53831
53832
53833
53834
53835
53836
53837
53838
53839
53840
53841
53850
53851
53852
53865
53866
53867
53868
53869
53870
53871
53872
53873
53874
53875
53876
53877
53878
53879
53880
53881
53882
53883
53884
53885
53886
53903
53904
53905
53906
53907
53908
53909
53910
53911
53912
53913
53914
53915
53916
53917
53918
53919
53920
53921
53922
53923
53924
53925
53926
53927
53928
53941
53942
53943
53944
53945
53946
53947
53948
53949
53950
53951
53952
53953
53954
53955
53956
53957
53958
53959
53960
53961
53962
53963
53964
53965
53966
53979
53980
53981
53982
53983
53984
53985
53987
53988
53989
53990
53991
53992
53993
53994
53998
53999
54000
54001
54002
54003
54004
54005
54006
54007
54008
54017
54018
54021
54022
54023
54024
54025
54026
54027
54028
54029
54036
54037
54038
54039
54040
54041
54042
54043
54044
54045
54046
54047
54048
54049
54050
54057
54059
54060
54061
54062
54063
54064
54065
54066
54076
54077
54078
54079
54080
54081
54082
54083
54084
54085
54086
54087
54088
54089
54090
54091
54092
54096
54097
54098
54099
54100
54101
54102
54103
54104
54114
54115
54116
54117
54118
54119
54120
54121
54122
54123
54124
54125
54126
54127
54128
54129
54130
54131
54132
54133
54140
54142
54143
54144
54145
54146
54147
54148
54149
54155
54156
54157
54158
54159
54160
54161
54162
54163
54164
54165
54166
54167
54168
54169
54170
54171
54172
54181
54182
54183
54184
54185
54186
54187
54188
54193
54194
54195
54196
54197
54198
54199
54200
54201
54202
54203
54204
54205
54206
54207
54208
54209
54210
54211
54212
54213
54214
54215
54216
54229
54230
54231
54232
54245
54246
54408
54422
54423
54424
54425
54426
54427
54428
54429
54430
54462
54463
54464
54465
54466
54467
54468
54469
54470
54471
54472
54473
54474
54475
54499
54500
54501
54502
54503
54504
54506
54507
54508
54509
54514
54515
54516
54536
54537
54538
54539
54540
54541
54542
54543
54549
54550
54551
54552
54553
54554
54559
54560
54561
54574
54575
54576
54577
54578
54579
54580
54581
54582
54583
54584
54585
54586
54587
54597
54598
54599
54612
54613
54614
54615
54616
54617
54618
54619
54620
54621
54622
54623
54624
54625
54626
54635
54636
54637
54650
54651
54652
54653
54654
54655
54656
54657
54658
54659
54660
54661
54662
54663
54664
54665
54666
54667
54668
54669
54670
54671
54688
54689
54690
54691
54692
54693
54694
54695
54696
54697
54698
54699
54700
54701
54702
54703
54704
54705
54706
54707
54708
54709
54710
54711
54712
54713
54726
54727
54728
54729
54730
54731
54732
54733
54734
54735
54736
54737
54738
54739
54740
54741
54742
54743
54744
54745
54746
54747
54748
54749
54750
54751
54764
54765
54766
54767
54768
54769
54770
54772
54773
54774
54775
54776
54777
54778
54779
54783
54784
54785
54786
54787
54788
54789
54790
54791
54792
54793
54802
54803
54806
54807
54808
54809
54810
54811
54812
54813
54814
54821
54822
54823
54824
54825
54826
54827
54828
54829
54830
54831
54832
54833
54834
54835
54842
54843
54844
54845
54846
54847
54848
54849
54850
54861
54862
54863
54864
54865
54866
54867
54868
54869
54870
54871
54872
54873
54874
54875
54876
54877
54881
54882
54883
54884
54885
54886
54887
54888
54889
54899
54900
54901
54902
54903
54904
54905
54906
54907
54908
54909
54910
54911
54912
54913
54914
54915
54916
54917
54918
54922
54924
54927
54928
54929
54930
54931
54932
54933
54940
54941
54942
54943
54944
54945
54946
54947
54948
54949
54950
54951
54952
54953
54954
54955
54956
54957
54966
54967
54968
54969
54970
54971
54972
54973
54978
54979
54980
54981
54982
54983
54984
54985
54986
54987
54988
54989
54994
54996
54997
54998
55006
55007
55008
55009
55010
55011
55012
55013
55014
55015
55016
55017
55030
55031
55196
55208
55209
55210
55211
55212
55225
55226
55227
55228
55229
55230
55231
55232
55233
55234
55235
55236
55237
55238
55239
55240
55241
55242
55243
55265
55266
55267
55268
55269
55270
55271
55272
55273
55274
55275
55276
55277
55278
55279
55280
55281
55282
55283
55284
55285
55286
55302
55303
55304
55305
55306
55307
55308
55309
55315
55316
55317
55318
55319
55320
55325
55326
55327
55340
55341
55342
55343
55344
55345
55346
55356
55357
55358
55359
55360
55361
55362
55363
55364
55365
55378
55379
55380
55381
55382
55383
55384
55385
55386
55387
55388
55389
55390
55391
55392
55393
55394
55395
55416
55417
55418
55419
55420
55421
55422
55423
55424
55425
55426
55427
55428
55429
55430
55431
55432
55433
55434
55435
55436
55437
55454
55455
55456
55457
55458
55459
55460
55461
55462
55463
55464
55465
55466
55467
55468
55469
55470
55471
55472
55473
55474
55475
55476
55477
55478
55479
55492
55493
55494
55495
55496
55497
55498
55499
55500
55501
55502
55503
55504
55505
55506
55507
55508
55509
55510
55511
55512
55513
55514
55515
55516
55517
55530
55531
55532
55533
55534
55535
55536
55538
55539
55540
55541
55542
55543
55544
55545
55549
55550
55551
55552
55553
55554
55555
55556
55557
55558
55559
55568
55569
55572
55573
55574
55575
55576
55577
55578
55579
55580
55587
55588
55589
55590
55591
55592
55593
55594
55595
55596
55597
55598
55599
55600
55601
55608
55609
55610
55611
55612
55613
55614
55615
55616
55627
55628
55629
55630
55631
55632
55633
55634
55635
55636
55637
55638
55639
55640
55641
55642
55643
55647
55650
55651
55652
55653
55654
55655
55656
55657
55665
55666
55667
55668
55669
55670
55671
55672
55673
55674
55675
55676
55677
55678
55679
55680
55681
55682
55683
55684
55687
55689
55690
55691
55692
55693
55694
55695
55696
55706
55707
55708
55709
55710
55711
55712
55713
55714
55715
55716
55717
55718
55719
55720
55721
55722
55723
55731
55732
55733
55734
55735
55736
55737
55738
55744
55745
55746
55747
55748
55749
55750
55751
55752
55753
55754
55755
55760
55761
55762
55763
55772
55773
55774
55775
55776
55777
55778
55779
55792
55793
55794
55795
55796
55797
55977
55978
55979
55980
55981
55990
55991
55992
55993
55994
55995
55996
55997
55998
56009
56010
56011
56012
56013
56014
56015
56016
56017
56018
56019
56020
56021
56022
56023
56024
56025
56026
56027
56028
56029
56030
56031
56032
56033
56034
56035
56049
56050
56051
56052
56053
56054
56055
56056
56057
56058
56059
56060
56061
56062
56063
56064
56065
56066
56067
56068
56069
56070
56071
56072
56073
56074
56087
56088
56089
56090
56091
56092
56093
56103
56104
56105
56106
56107
56108
56109
56110
56111
56112
56125
56126
56127
56128
56129
56130
56133
56144
56145
56146
56147
56148
56149
56150
56151
56152
56153
56154
56163
56164
56165
56166
56167
56168
56169
56170
56171
56172
56173
56174
56175
56176
56177
56178
56179
56180
56181
56182
56183
56184
56201
56202
56203
56204
56205
56206
56207
56208
56209
56210
56211
56212
56213
56214
56215
56216
56217
56218
56219
56220
56221
56222
56223
56224
56225
56226
56239
56240
56241
56242
56243
56244
56245
56246
56247
56248
56249
56250
56251
56252
56253
56254
56255
56256
56257
56258
56259
56260
56261
56262
56263
56264
56277
56278
56279
56280
56281
56282
56283
56285
56286
56287
56288
56289
56290
56291
56292
56296
56297
56298
56299
56300
56301
56302
56303
56304
56305
56306
56315
56316
56319
56320
56321
56322
56323
56324
56325
56326
56327
56334
56335
56336
56337
56338
56339
56340
56341
56342
56343
56344
56345
56346
56347
56348
56355
56357
56358
56359
56360
56361
56362
56363
56364
56374
56375
56376
56377
56378
56379
56380
56381
56382
56383
56384
56385
56386
56387
56388
56389
56390
56394
56397
56398
56399
56400
56401
56402
56403
56404
56412
56413
56414
56415
56416
56417
56418
56419
56420
56421
56422
56423
56424
56425
56426
56427
56428
56429
56430
56431
56438
56440
56441
56442
56443
56444
56445
56446
56447
56453
56454
56455
56456
56457
56458
56459
56460
56461
56462
56463
56464
56465
56466
56467
56468
56469
56470
56474
56475
56476
56477
56478
56479
56480
56481
56491
56492
56493
56494
56495
56496
56497
56498
56499
56500
56501
56502
56509
56511
56512
56513
56519
56520
56521
56522
56523
56524
56525
56526
56539
56540
56541
56542
56551
56552
56745
56746
56747
56748
56749
56750
56751
56752
56753
56760
56762
56763
56764
56765
56766
56767
56768
56769
56779
56780
56781
56782
56783
56784
56785
56786
56787
56788
56789
56790
56791
56792
56793
56794
56795
56796
56797
56798
56799
56800
56801
56802
56803
56804
56805
56806
56807
56808
56809
56810
56811
56812
56813
56820
56821
56822
56823
56824
56825
56826
56827
56828
56829
56830
56831
56832
56833
56834
56835
56836
56837
56838
56839
56840
56841
56842
56843
56844
56845
56858
56859
56860
56861
56862
56863
56867
56877
56878
56879
56880
56881
56882
56883
56884
56885
56886
56887
56896
56897
56900
56901
56902
56903
56904
56915
56916
56917
56918
56919
56920
56921
56922
56923
56924
56925
56926
56927
56928
56929
56934
56935
56936
56937
56938
56939
56940
56941
56942
56943
56944
56945
56946
56947
56948
56949
56950
56951
56952
56953
56954
56955
56956
56957
56958
56959
56972
56974
56975
56976
56977
56978
56979
56980
56981
56982
56986
56987
56988
56989
56990
56991
56992
56993
56994
56995
56996
56997
56998
56999
57000
57001
57010
57011
57012
57013
57014
57015
57016
57018
57019
57020
57021
57022
57023
57024
57025
57029
57030
57031
57032
57033
57034
57035
57036
57037
57038
57039
57048
57049
57052
57053
57054
57055
57056
57057
57058
57059
57060
57067
57068
57069
57070
57071
57072
57073
57074
57075
57076
57077
57078
57079
57080
57081
57088
57090
57091
57092
57093
57094
57095
57096
57097
57107
57108
57109
57110
57111
57112
57113
57114
57115
57116
57117
57118
57119
57120
57121
57122
57123
57127
57128
57129
57130
57131
57132
57133
57134
57135
57145
57146
57147
57148
57149
57150
57151
57152
57153
57154
57155
57156
57157
57158
57159
57160
57161
57162
57163
57164
57171
57173
57174
57175
57176
57177
57178
57179
57180
57186
57187
57188
57189
57190
57191
57192
57193
57194
57195
57196
57197
57198
57199
57200
57201
57202
57203
57212
57213
57214
57215
57216
57217
57218
57219
57224
57225
57226
57227
57228
57229
57230
57231
57232
57233
57234
57235
57238
57240
57241
57242
57252
57253
57254
57255
57256
57257
57258
57259
57272
57273
57274
57275
57284
57285
57503
57505
57506
57507
57508
57509
57510
57511
57512
57523
57524
57525
57526
57527
57528
57529
57530
57531
57541
57542
57543
57544
57545
57546
57547
57548
57549
57550
57551
57552
57553
57554
57555
57556
57557
57558
57559
57560
57561
57562
57563
57564
57565
57566
57567
57568
57569
57570
57571
57572
57573
57574
57575
57576
57577
57578
57579
57582
57583
57584
57585
57586
57587
57588
57590
57591
57592
57593
57594
57595
57596
57597
57601
57602
57603
57604
57605
57606
57607
57608
57609
57610
57611
57620
57621
57624
57626
57627
57628
57629
57639
57640
57641
57642
57643
57644
57645
57646
57647
57648
57649
57650
57651
57652
57653
57660
57661
57662
57663
57664
57665
57666
57667
57668
57679
57680
57681
57682
57683
57684
57685
57686
57687
57688
57689
57690
57691
57692
57693
57694
57695
57696
57698
57699
57700
57701
57702
57703
57704
57705
57706
57710
57711
57712
57713
57714
57715
57716
57717
57718
57719
57720
57721
57722
57723
57724
57725
57735
57737
57738
57739
57740
57741
57742
57743
57744
57751
57752
57753
57754
57755
57756
57757
57758
57759
57760
57761
57762
57763
57764
57765
57766
57767
57772
57773
57776
57777
57778
57779
57780
57781
57782
57783
57784
57791
57792
57793
57794
57795
57796
57797
57798
57799
57800
57801
57802
57803
57804
57805
57812
57813
57814
57815
57816
57817
57818
57819
57820
57831
57832
57833
57834
57835
57836
57837
57838
57839
57840
57841
57842
57843
57844
57845
57846
57847
57851
57852
57853
57854
57855
57856
57857
57858
57859
57869
57870
57871
57872
57873
57874
57875
57876
57877
57878
57879
57880
57881
57882
57883
57884
57885
57886
57887
57888
57891
57893
57894
57895
57896
57897
57898
57899
57900
57910
57911
57912
57913
57914
57915
57916
57917
57918
57919
57920
57921
57922
57923
57924
57925
57926
57927
57936
57937
57938
57939
57940
57941
57942
57943
57948
57949
57950
57951
57952
57953
57954
57955
57956
57957
57958
57959
57964
57965
57966
57967
57976
57977
57978
57979
57980
57981
57982
57983
57996
57997
57998
57999
58008
58009
58254
58257
58258
58259
58260
58261
58262
58263
58264
58273
58275
58276
58277
58278
58279
58280
58281
58282
58292
58293
58294
58295
58296
58297
58298
58299
58300
58301
58302
58303
58304
58305
58306
58307
58308
58309
58310
58311
58312
58313
58314
58315
58316
58317
58318
58319
58320
58321
58322
58323
58324
58325
58326
58327
58328
58329
58330
58331
58332
58333
58334
58337
58338
58339
58340
58341
58342
58343
58344
58345
58352
58353
58354
58355
58356
58357
58358
58359
58360
58361
58362
58363
58364
58365
58366
58373
58375
58376
58377
58378
58379
58380
58381
58382
58392
58393
58394
58395
58396
58397
58398
58399
58400
58401
58402
58403
58404
58405
58406
58407
58408
58412
58415
58416
58417
58418
58419
58420
58421
58422
58430
58431
58432
58433
58434
58435
58436
58437
58438
58439
58440
58441
58442
58443
58444
58445
58446
58448
58450
58451
58452
58453
58454
58455
58456
58457
58464
58465
58466
58467
58468
58469
58470
58471
58472
58473
58474
58475
58476
58477
58478
58479
58480
58488
58489
58490
58491
58492
58493
58494
58495
58496
58506
58507
58508
58509
58510
58511
58512
58513
58514
58515
58516
58517
58518
58519
58520
58521
58522
58525
58526
58527
58528
58529
58530
58531
58532
58533
58544
58545
58546
58547
58548
58549
58550
58551
58552
58553
58554
58555
58556
58557
58558
58559
58560
58564
58567
58568
58569
58570
58571
58572
58573
58574
58582
58583
58584
58585
58586
58587
58588
58589
58590
58591
58592
58593
58594
58595
58596
58597
58598
58599
58600
58601
58604
58606
58607
58608
58609
58610
58611
58612
58613
58623
58624
58625
58626
58627
58628
58629
58630
58631
58632
58633
58634
58635
58636
58637
58638
58639
58640
58644
58645
58646
58647
58648
58649
58650
58651
58661
58662
58663
58664
58665
58666
58667
58668
58669
58670
58671
58672
58677
58679
58680
58681
58689
58690
58691
58692
58693
58694
58695
58696
58709
58710
58711
58712
58721
58722
59006
59008
59009
59010
59011
59012
59013
59014
59015
59023
59024
59025
59026
59027
59028
59029
59030
59031
59041
59042
59043
59044
59045
59046
59047
59048
59049
59050
59051
59052
59053
59054
59055
59056
59057
59058
59059
59060
59061
59062
59063
59064
59065
59066
59067
59068
59069
59070
59071
59072
59073
59074
59075
59076
59077
59078
59079
59080
59081
59084
59086
59087
59088
59089
59090
59091
59092
59093
59103
59104
59105
59106
59107
59108
59109
59110
59111
59112
59113
59114
59115
59116
59117
59118
59119
59124
59127
59128
59129
59130
59131
59132
59133
59134
59141
59142
59143
59144
59145
59146
59147
59148
59149
59150
59151
59152
59153
59154
59155
59156
59157
59164
59166
59167
59168
59169
59170
59171
59172
59173
59179
59180
59181
59182
59183
59184
59185
59186
59187
59188
59189
59190
59191
59192
59193
59194
59195
59199
59200
59201
59202
59203
59204
59205
59206
59207
59217
59218
59219
59220
59221
59222
59223
59224
59225
59226
59227
59228
59229
59230
59231
59232
59233
59236
59238
59239
59240
59241
59242
59243
59244
59245
59255
59256
59257
59258
59259
59260
59261
59262
59263
59264
59265
59266
59267
59268
59269
59270
59271
59275
59278
59279
59280
59281
59282
59283
59284
59285
59293
59294
59295
59296
59297
59298
59299
59300
59301
59302
59303
59304
59305
59306
59307
59308
59309
59310
59311
59312
59319
59321
59322
59323
59324
59325
59326
59327
59328
59334
59335
59336
59337
59338
59339
59340
59341
59342
59343
59344
59345
59346
59347
59348
59349
59350
59351
59355
59356
59357
59358
59359
59360
59361
59362
59372
59373
59374
59375
59376
59377
59378
59379
59380
59381
59382
59383
59386
59388
59389
59390
59400
59401
59402
59403
59404
59405
59406
59407
59420
59421
59422
59423
59432
59433
59762
59763
59764
59765
59766
59767
59768
59769
59770
59777
59779
59780
59781
59782
59783
59784
59785
59786
59796
59797
59798
59799
59800
59801
59802
59803
59804
59805
59806
59807
59808
59809
59810
59811
59812
59813
59814
59815
59816
59817
59818
59819
59820
59821
59822
59823
59824
59825
59826
59827
59828
59829
59830
59831
59832
59833
59834
59835
59836
59840
59841
59842
59843
59844
59845
59846
59847
59848
59858
59859
59860
59861
59862
59863
59864
59865
59866
59867
59868
59869
59870
59871
59872
59873
59874
59882
59884
59885
59886
59887
59888
59889
59890
59891
59896
59897
59898
59899
59900
59901
59902
59903
59904
59905
59906
59907
59908
59909
59910
59911
59912
59921
59922
59923
59924
59925
59926
59927
59928
59929
59934
59935
59936
59937
59938
59939
59940
59941
59942
59943
59944
59945
59946
59947
59948
59949
59950
59953
59955
59956
59957
59958
59959
59960
59961
59962
59972
59973
59974
59975
59976
59977
59978
59979
59980
59981
59982
59983
59984
59985
59986
59987
59988
59992
59993
59994
59995
59996
59997
59998
59999
60000
60010
60011
60012
60013
60014
60015
60016
60017
60018
60019
60020
60021
60022
60023
60024
60025
60026
60027
60028
60029
60036
60037
60038
60039
60040
60041
60042
60043
60044
60051
60052
60053
60054
60055
60056
60057
60058
60059
60060
60061
60062
60063
60064
60065
60066
60067
60068
60077
60078
60079
60080
60081
60082
60083
60084
60089
60090
60091
60092
60093
60094
60095
60096
60097
60098
60099
60100
60103
60104
60105
60106
60117
60118
60119
60120
60121
60122
60123
60124
60137
60138
60139
60140
60149
60150
60511
60513
60514
60515
60516
60517
60518
60519
60520
60531
60532
60533
60534
60535
60536
60537
60538
60539
60549
60550
60551
60552
60553
60554
60555
60556
60557
60558
60559
60560
60561
60562
60563
60564
60565
60566
60567
60568
60569
60570
60571
60572
60573
60574
60575
60576
60577
60578
60579
60580
60581
60582
60583
60584
60585
60586
60587
60588
60589
60592
60594
60595
60596
60597
60598
60599
60600
60601
60611
60612
60613
60614
60615
60616
60617
60618
60619
60620
60621
60622
60623
60624
60625
60626
60627
60636
60637
60638
60639
60640
60641
60642
60643
60644
60649
60650
60651
60652
60653
60654
60655
60656
60657
60658
60659
60660
60661
60662
60663
60664
60665
60670
60671
60672
60673
60674
60675
60676
60677
60678
60687
60688
60689
60690
60691
60692
60693
60694
60695
60696
60697
60698
60699
60700
60701
60702
60703
60707
60708
60709
60710
60711
60712
60713
60714
60715
60725
60726
60727
60728
60729
60730
60731
60732
60733
60734
60735
60736
60737
60738
60739
60740
60741
60742
60743
60744
60747
60749
60750
60751
60752
60753
60754
60755
60756
60766
60767
60768
60769
60770
60771
60772
60773
60774
60775
60776
60777
60778
60779
60780
60781
60782
60783
60790
60791
60792
60793
60794
60795
60796
60797
60804
60805
60806
60807
60808
60809
60810
60811
60812
60813
60814
60815
60821
60822
60823
60824
60832
60833
60834
60835
60836
60837
60838
60839
60852
60853
60854
60855
60864
60865
61278
61280
61282
61283
61284
61285
61286
61287
61288
61297
61299
61300
61301
61302
61303
61304
61305
61306
61316
61317
61318
61319
61320
61321
61322
61323
61324
61325
61326
61327
61328
61329
61330
61331
61332
61333
61334
61335
61336
61337
61338
61339
61340
61341
61342
61343
61344
61345
61346
61347
61348
61349
61350
61351
61352
61353
61354
61355
61356
61360
61361
61362
61363
61364
61365
61366
61367
61368
61378
61379
61380
61381
61382
61383
61384
61385
61386
61387
61388
61389
61390
61391
61392
61393
61394
61399
61401
61402
61403
61404
61405
61406
61407
61408
61416
61417
61418
61419
61420
61421
61422
61423
61424
61425
61426
61427
61428
61429
61430
61431
61432
61436
61439
61440
61441
61442
61443
61444
61445
61446
61454
61455
61456
61457
61458
61459
61460
61461
61462
61463
61464
61465
61466
61467
61468
61469
61470
61471
61472
61473
61476
61478
61479
61480
61481
61482
61483
61484
61485
61495
61496
61497
61498
61499
61500
61501
61502
61503
61504
61505
61506
61507
61508
61509
61510
61511
61512
61516
61517
61518
61519
61520
61521
61522
61523
61533
61534
61535
61536
61537
61538
61539
61540
61541
61542
61543
61544
61547
61548
61549
61550
61561
61562
61563
61564
61565
61566
61567
61568
61581
61582
61583
61584
61593
61594
62096
62098
62099
62100
62101
62102
62103
62104
62105
62113
62114
62115
62116
62117
62118
62119
62120
62121
62131
62132
62133
62134
62135
62136
62137
62138
62139
62140
62141
62142
62143
62144
62145
62146
62147
62148
62149
62150
62151
62152
62153
62154
62155
62156
62157
62158
62159
62160
62161
62162
62163
62164
62165
62166
62167
62168
62169
62170
62171
62174
62176
62177
62178
62179
62180
62181
62182
62183
62193
62194
62195
62196
62197
62198
62199
62200
62201
62202
62203
62204
62205
62206
62207
62208
62209
62214
62217
62218
62219
62220
62221
62222
62223
62224
62231
62232
62233
62234
62235
62236
62237
62238
62239
62240
62241
62242
62243
62244
62245
62246
62247
62248
62249
62250
62257
62259
62260
62261
62262
62263
62264
62265
62266
62272
62273
62274
62275
62276
62277
62278
62279
62280
62281
62282
62283
62284
62285
62286
62287
62288
62289
62293
62294
62295
62296
62297
62298
62299
62300
62310
62311
62312
62313
62314
62315
62316
62317
62318
62319
62320
62321
62325
62326
62327
62328
62338
62339
62340
62341
62342
62343
62344
62345
62358
62359
62360
62361
62370
62371
62977
62978
62979
62980
62981
62982
62983
62984
62985
62992
62994
62995
62996
62997
62998
62999
63000
63001
63011
63012
63013
63014
63015
63016
63017
63018
63019
63020
63021
63022
63023
63024
63025
63026
63027
63028
63029
63030
63031
63032
63033
63034
63035
63036
63037
63038
63039
63040
63041
63042
63043
63044
63045
63046
63047
63048
63049
63050
63051
63055
63056
63057
63058
63059
63060
63061
63062
63063
63073
63074
63075
63076
63077
63078
63079
63080
63081
63082
63083
63084
63085
63086
63087
63088
63089
63090
63091
63092
63100
63102
63103
63104
63105
63106
63107
63108
63109
63114
63115
63116
63117
63118
63119
63120
63121
63122
63123
63124
63125
63126
63127
63128
63129
63130
63131
63140
63141
63142
63143
63144
63145
63146
63147
63152
63153
63154
63155
63156
63157
63158
63159
63160
63161
63162
63163
63166
63168
63169
63170
63180
63181
63182
63183
63184
63185
63186
63187
63200
63201
63202
63203
63212
63213
63928
63930
63931
63932
63933
63934
63935
63936
63937
63938
63939
63940
63951
63952
63953
63954
63955
63956
63957
63958
63959
63960
63961
63971
63972
63973
63974
63975
63976
63977
63978
63979
63980
63981
63982
63983
63984
63985
63986
63987
63988
63989
63990
63991
63992
63993
63994
63995
63996
63997
63998
63999
64000
64001
64002
64003
64004
64005
64006
64007
64008
64009
64010
64011
64012
64013
64014
64017
64019
64020
64021
64022
64023
64024
64025
64026
64036
64037
64038
64039
64040
64041
64042
64043
64044
64045
64046
64047
64048
64049
64050
64051
64052
64053
64062
64063
64064
64065
64066
64067
64068
64069
64074
64075
64076
64077
64078
64079
64080
64081
64082
64083
64084
64085
64090
64092
64093
64094
64102
64103
64104
64105
64106
64107
64108
64109
64122
64123
64124
64125
64134
64135
64968
64970
64971
64972
64973
64974
64975
64976
64985
64987
64988
64989
64990
64991
64992
64993
64994
64995
64996
64997
64998
64999
65009
65010
65011
65012
65013
65014
65015
65016
65017
65018
65019
65020
65021
65022
65023
65024
65025
65026
65027
65028
65029
65030
65031
65032
65033
65034
65035
65036
65037
65038
65039
65040
65041
65042
65043
65044
65045
65046
65047
65048
65052
65053
65054
65055
65056
65057
65058
65059
65069
65070
65071
65072
65073
65074
65075
65076
65077
65078
65079
65080
65085
65087
65088
65089
65097
65098
65099
65100
65101
65102
65103
65104
65117
65118
65119
65120
65129
65130
66065
66066
66069
66070
66071
66078
66079
66080
66081
66082
66083
66084
66085
66086
66087
66088
66089
66090
66093
66101
66102
66103
66104
66105
66106
66107
66108
66109
66110
66111
66112
66113
66114
66115
66116
66117
66118
66119
66120
66121
66122
66123
66124
66125
66126
66127
66128
66129
66130
66131
66134
66136
66137
66138
66148
66149
66150
66151
66152
66153
66154
66155
66168
66169
66170
66171
66180
66181
67215
67216
67223
67225
67226
67227
67228
67229
67230
67231
67232
67233
67234
67237
67246
67247
67248
67249
67250
67251
67252
67253
67254
67255
67256
67257
67258
67259
67260
67261
67262
67263
67264
67265
67266
67267
67280
67281
67282
67283
67292
67293
68448
68457
68460
68462
68463
68464
68474
68475
68476
68477
68478
68479
68480
68481
68482
68483
68484
68485
68486
68487
68496
68497
69793
69794
69795
69796
69797
69798
69799
69800
71190
71191
71192
72734
)


// ************************************************************************* //
