/*--------------------------------*- C++ -*----------------------------------*\
  =========                 |
  \\      /  F ield         | OpenFOAM: The Open Source CFD Toolbox
   \\    /   O peration     | Website:  https://openfoam.org
    \\  /    A nd           | Version:  12
     \\/     M anipulation  |
\*---------------------------------------------------------------------------*/
FoamFile
{
    format      ascii;
    class       labelList;
    location    "constant/polyMesh";
    object      pointProcAddressing;
}
// * * * * * * * * * * * * * * * * * * * * * * * * * * * * * * * * * * * * * //


14200
(
0
1
2
3
4
5
6
7
26
27
28
29
30
31
32
33
34
35
36
37
38
39
40
41
42
43
44
45
46
47
220
221
222
223
224
225
226
227
228
229
230
232
255
256
257
258
259
260
261
262
263
264
265
266
267
268
269
270
271
272
273
274
275
276
277
278
279
280
281
282
283
284
285
286
287
288
289
290
291
292
293
294
295
296
297
298
299
300
301
302
303
304
305
306
307
314
315
316
317
318
319
320
321
322
323
324
325
326
327
328
329
330
331
332
333
334
335
336
337
338
339
340
341
342
423
424
425
426
427
428
429
430
431
432
433
434
435
436
437
438
439
440
441
442
443
444
445
539
540
541
542
543
544
545
546
547
548
549
550
551
552
553
554
555
556
557
610
611
612
613
614
615
616
617
618
619
620
621
622
623
624
625
626
662
664
665
666
948
951
952
954
955
956
957
958
959
960
961
962
963
964
965
966
967
968
969
970
971
972
973
974
975
976
977
978
979
980
981
982
983
984
985
986
987
988
989
990
991
1096
1097
1098
1099
1100
1101
1102
1103
1104
1105
1106
1107
1108
1109
1110
1111
1112
1113
1114
1115
1116
1117
1118
1119
1120
1121
1122
1123
1124
1125
1126
1208
1209
1210
1211
1212
1213
1214
1215
1216
1217
1218
1219
1220
1221
1222
1223
1224
1225
1226
1227
1228
1229
1230
1231
1232
1233
1234
1235
1676
1677
1678
1679
1680
1681
1682
1683
1684
1685
1686
1687
1688
1689
1708
1709
1710
1711
1712
1713
1714
1715
1730
1731
1732
3065
3066
3068
3069
3070
3071
3072
3073
3074
3075
3076
3077
3078
3079
3080
3081
3082
3083
3084
3085
3086
3087
3088
3089
3090
3091
3092
3093
3094
3095
3096
3097
3098
3158
3159
3160
3161
3162
3163
3164
3165
3166
3167
3168
3169
3170
3171
3172
3173
3174
3175
3176
3177
3225
3226
3227
3228
3229
3230
3231
3232
3233
3234
3235
3236
3237
3238
3239
3240
3241
3242
3284
3285
3286
3287
3288
3289
3290
3291
3292
3293
3294
3295
3296
3297
3298
3299
3300
3301
3302
3303
3304
3305
3306
3307
3308
3309
3310
3311
3312
3313
4185
4186
4187
4188
4189
4190
4191
4192
4193
4194
4195
4196
4197
4198
4199
4200
4201
4202
4203
4204
4205
4206
4207
4208
4209
4210
4211
4212
4213
4214
4215
4216
4217
4218
4219
4220
4221
4222
4223
4224
4225
4226
4227
4228
4229
4230
4231
4232
4233
4234
4235
4280
4281
4282
4283
4284
4285
4286
4287
4288
4289
4290
4291
4292
4293
4294
4295
4296
4297
4298
4299
4300
4301
4302
4303
4304
4305
4306
4307
4308
4309
4310
4311
4312
4339
4340
4341
4342
4343
4344
4345
4346
4347
4348
4349
4350
4351
4352
4353
4354
4355
4356
4357
4358
4359
4360
4361
4362
4363
4364
4365
4366
4367
4394
4395
4396
4397
4398
4399
4400
4401
4402
4403
4404
4405
4406
4407
4408
4409
4410
4411
4412
4413
4414
4415
4416
4417
4418
4446
4447
4448
4449
4450
4451
4452
4453
4454
4455
4456
4457
4458
4459
4460
4461
4462
4463
4464
4465
4466
4936
4937
4938
4939
4940
4941
4942
4943
4944
4945
4946
4947
4948
4949
4950
4951
4952
4953
4954
4955
4956
4957
4958
4959
4960
4961
5021
5022
5023
5024
5025
5026
5027
5028
5029
5030
5031
5032
5033
5034
5071
5072
5073
5074
5075
5076
5077
5078
5079
5080
5081
5082
5083
5084
5085
5098
5111
5112
5113
5114
5115
5116
5165
5166
5167
5168
5169
5170
5171
5172
5173
5174
5175
5176
5177
5178
5179
5180
5212
5213
5214
5215
5216
5217
5218
5219
5220
5221
5222
5223
5224
5225
5226
5227
5228
5229
5230
5231
5232
5233
5234
5235
5236
5237
5266
5267
5268
5269
5270
5271
5272
5273
5274
5275
5276
5277
5278
5279
5280
5281
5282
5283
5303
5304
5305
5306
5307
5308
5309
5310
5311
5312
5313
5314
5315
5316
5317
5333
5334
5335
5336
5337
5338
5339
5340
5341
5342
5343
5344
5345
5346
5347
5348
5349
5365
5366
5367
5368
5384
5385
5386
5387
5388
5399
5400
5401
5402
5403
5404
5405
5406
5407
5408
5409
5410
5416
5417
5418
5419
5420
5473
5474
5475
5476
5477
5478
5479
5480
5481
5482
5483
5484
5485
5486
5487
5488
5489
5490
5491
5492
5493
5494
5544
5546
5547
5548
5549
5550
5551
5552
5553
5554
5555
5556
5566
5567
5568
5569
5570
5571
5608
5609
5610
5641
5700
5701
5702
5703
5704
5705
5706
5707
5708
5709
5710
5711
5712
5713
5714
5715
5716
5717
5718
5719
5720
5721
5722
5723
5724
5725
5726
5727
5728
5729
5730
5731
5732
5733
5782
5783
5784
5785
5786
5787
5788
5789
5790
5791
5792
5793
5794
5795
5796
5797
5798
5799
5800
5801
5802
5803
5804
5805
5806
5807
5808
5809
5810
5811
5812
5813
5814
5815
5816
5817
5818
5819
5820
5821
5822
5823
5824
5825
5826
5827
5828
5829
5830
5831
5832
5833
5834
5835
5836
5837
5838
5839
5840
5841
5842
5843
5844
5845
5846
5847
5848
5849
5850
5851
5852
5853
5854
5855
5856
5857
5858
5859
5860
5861
5862
5863
5864
5865
5866
5867
5868
5869
5870
5871
5872
5873
5874
5875
5876
5877
5878
5879
5880
5881
5882
5883
5884
5885
5886
5887
5888
5889
5890
5891
5892
5893
5894
5895
5896
5897
5898
5899
5900
5901
5902
5903
5904
5905
5906
5907
5908
5909
5910
5945
5946
5947
5948
5949
5950
5951
5952
5953
5954
5955
5956
5957
5958
5959
5960
5961
5962
5963
5964
5965
5966
5967
5968
5969
5970
5971
5972
5973
5974
5975
5976
5977
5978
5979
5980
5981
5982
5983
5984
5985
5986
5987
5988
5989
5990
5991
5992
5993
5994
5995
5996
5997
5998
5999
6000
6001
6002
6003
6004
6005
6006
6007
6008
6009
6010
6011
6012
6013
6014
6015
6016
6017
6018
6019
6020
6021
6022
6023
6024
6025
6026
6027
6028
6029
6052
6053
6054
6055
6056
6057
6058
6059
6060
6061
6062
6063
6064
6065
6066
6067
6068
6069
6070
6071
6072
6073
6074
6075
6076
6077
6078
6079
6080
6081
6082
6083
6084
6085
6086
6087
6088
6089
6090
6091
6092
6093
6094
6095
6096
6097
6098
6099
6100
6101
6102
6103
6104
6105
6106
6107
6126
6128
6129
6130
6131
6132
6298
6299
6300
6301
6302
6303
6367
6368
6369
6370
6371
6372
6373
6374
6375
6376
6377
6378
6379
6380
6381
6382
6383
6384
6385
6386
6387
6388
6389
6390
6391
6392
6393
6394
6395
6396
6397
6435
6436
6437
6438
6439
6440
6441
6442
6443
6444
6445
6446
6447
6448
6449
6450
6451
6452
6453
6454
6455
6456
6457
6458
6459
6460
6461
6462
6463
6464
6465
6485
6501
6502
6503
6504
6505
6506
6507
6508
6509
6510
6511
6512
6513
6514
6515
6516
6517
6518
6519
6520
6521
6522
6523
6524
6525
6526
6527
6528
6529
6530
6544
6545
6546
6547
6548
6549
6550
6551
6552
6553
6554
6555
6556
6557
6559
6561
6562
6563
6564
6565
6566
6567
6568
6569
6570
6571
6572
6573
6580
6581
6582
6583
6584
6585
6586
6587
6588
6589
6590
6591
6592
6593
6594
6595
6616
6617
6618
6619
6620
6621
6622
6623
6624
6625
6626
6627
6628
6629
6630
6631
6632
6633
6634
6635
6636
6637
6638
6739
6740
6741
6742
6743
6744
6745
6746
6747
6748
6749
6750
6751
6752
6753
6754
6755
6756
6757
6758
6759
6854
6855
6856
6857
6858
6859
6860
6861
6862
6863
6864
6865
6866
6867
6868
6869
6870
6871
6872
6961
6962
6963
6964
6965
6966
6967
6968
6969
6970
6971
6972
6973
6974
6975
6976
6977
7190
7191
7192
7196
7197
7198
7199
7200
7201
7228
7229
7230
7231
7232
7233
7234
7235
7236
7276
7277
7278
7279
7280
7281
7282
7283
7324
7325
7326
7327
7328
7329
7330
7331
7368
7370
7371
7372
7373
7403
7427
7428
7429
7430
7431
7432
7433
7434
7435
7436
7437
7438
7451
7452
7453
7454
7460
7461
7462
7463
7470
7471
7472
7473
7474
7475
7477
7478
7479
7480
7481
7482
7484
7485
7486
7492
7494
7496
7501
7504
7505
7506
7507
7513
7514
7515
7519
7520
7521
7527
7528
7529
7530
7532
7541
7545
7549
7550
7558
7559
7560
7561
7562
7563
7565
7568
7569
7576
7577
7583
7584
7585
7586
7589
7591
7592
7593
7594
7610
7612
7613
7614
7615
7616
7617
7618
7619
7620
7622
7623
7638
7639
7640
7641
7642
7643
7644
7645
7647
7649
7652
7654
7656
7657
7658
7662
7666
7668
7669
7670
7671
7672
7678
7682
7690
7698
7701
7703
7704
7705
7706
7707
7713
7716
7718
7719
7720
7721
7722
7728
7731
7735
7736
7737
7738
7744
7747
7750
7754
7755
7759
7762
7763
7764
7765
7771
7774
7778
7780
7781
7782
7783
7784
7791
7792
7793
7794
7800
7801
7802
7811
7813
7814
7815
7816
7822
7823
7826
7827
7828
7830
7831
7832
7833
7835
7837
7838
7849
7851
7856
7859
7860
7862
7863
7864
7866
7868
7869
7870
7882
7886
7891
7896
7901
7908
7909
7910
7920
7921
7928
7929
7930
7931
7932
7933
7934
7935
7936
7937
7942
7943
7947
7948
7951
7952
7953
7954
7955
7956
7963
7964
7971
7972
7980
7981
7982
7983
7984
7986
7987
7988
7989
7993
7994
7995
7996
7997
7998
8011
8012
8013
8014
8015
8016
8017
8018
8021
8022
8023
8024
8025
8026
8027
8034
8036
8042
8043
8044
8045
8046
8047
8048
8049
8050
8051
8058
8059
8060
8061
8062
8063
8064
8084
8085
8086
8087
8088
8089
8090
8091
8092
8093
8094
8095
8096
8097
8098
8099
8110
8111
8112
8113
8129
8130
8133
8134
8135
8136
8137
8138
8139
8140
8141
8142
8143
8144
8145
8146
8147
8148
8149
8150
8151
8152
8153
8165
8166
8167
8173
8174
8175
8183
8184
8185
8186
8187
8188
8189
8190
8191
8199
8205
8216
8218
8221
8223
8232
8239
8265
8266
8277
8285
8295
8304
15598
15611
15612
15613
15614
15615
15633
15634
15635
15636
15637
15638
15639
15640
15655
15656
15657
15658
15659
15660
15661
15662
15675
15676
15677
15678
15679
15680
15681
15682
15683
15684
15694
15695
15696
15697
15698
15699
15700
15701
15702
15703
15704
15706
15709
15710
15711
15712
15713
15714
15715
15716
15717
15718
15719
15720
15721
15733
15734
15735
15736
15737
15738
15746
15747
15748
15749
15750
15751
15752
15761
15762
15763
15764
15765
15766
15767
15768
15778
15779
15780
15781
15782
15783
15784
15794
15795
15796
15811
15812
15813
15814
15815
15830
15831
15832
15877
15878
15879
15880
15881
15882
15883
15884
15885
15886
15887
15888
15896
15897
15898
15899
15900
15901
15909
15910
15911
15912
15917
15918
15926
15927
15928
15929
15930
15931
15932
15933
15934
15935
15936
15937
15938
15939
15940
15941
15942
15960
15961
15962
15963
15964
15965
15966
15967
15968
15969
15970
15971
15972
15988
15989
15990
15991
15992
15993
15994
15995
15996
16007
16008
16009
16010
16011
16019
16020
16021
16022
16023
16024
16025
16032
16033
16034
16035
16036
16037
16038
16039
16047
16048
16049
16050
16051
16052
16053
16054
16055
16064
16065
16066
16067
16068
16069
16070
16071
16072
16073
16083
16084
16085
16086
16087
16088
16089
16103
16104
16105
16118
16122
16124
16125
16128
16131
16132
16133
16134
16139
16142
16145
16149
16151
16152
16153
16154
16157
16163
16164
16168
16169
16172
16174
16175
16178
16179
16180
16181
16182
16183
16184
16185
16194
16195
16196
16197
16198
16209
16213
16220
16222
16223
16224
16225
16226
16227
16228
16229
16230
16231
16232
16244
16245
16246
16247
16248
16249
16259
16262
16266
16267
16268
16269
16274
16277
16280
16283
16287
16288
16289
16290
16295
16299
16303
16306
16307
16308
16310
16311
16312
16313
16322
16323
16324
16328
16329
16330
16332
16334
16335
16342
16343
16344
16345
16347
16348
16350
16351
16352
16354
16355
16356
16358
16360
16361
16362
16364
16365
16366
16388
16389
16390
16391
16393
16395
16396
16397
16399
16400
16413
16414
16417
16418
16419
16420
16421
16422
16423
16424
16425
16426
16437
16438
16439
16440
16441
16442
16449
16456
16457
16458
16459
16460
16461
16462
16463
16464
16465
16466
16473
16474
16475
16476
16477
16478
16485
16486
16489
16491
16492
16493
16494
16495
16496
16497
16498
16499
16509
16510
16511
16515
16516
16517
16521
16523
16524
16525
16526
16527
16528
16529
16530
16531
16532
16533
16534
16547
16548
16549
16550
16551
16552
16559
16560
16561
16562
16567
16568
16569
16570
16571
16572
16573
16574
16575
16576
16577
16578
16579
16580
16581
16582
16599
16600
16601
16602
16603
16604
16605
16613
16614
16615
16616
16617
16618
16619
16620
16621
16622
16623
16624
16625
16626
16627
16628
16629
16630
16631
16632
16633
16637
16638
16639
16640
16641
16642
16643
16677
16680
16683
16685
16688
16690
16691
16692
16693
16694
16701
16706
16708
16709
16710
16711
16712
16713
16721
16725
16726
16727
16731
16735
16738
16740
16741
16744
16745
16747
16751
16752
16753
16755
16756
16757
16759
16761
16762
16764
16776
16777
16780
16781
16782
16783
16784
16790
16791
16794
16795
16796
16800
16801
16802
16803
16808
16809
16810
16811
16812
16813
16814
16815
16816
16817
16818
16819
16820
16821
16822
16840
16848
16855
16861
16868
16870
16871
16874
16875
16876
16877
16878
16879
16886
16887
16888
16889
16890
16891
16892
16893
16894
16895
16896
16897
16898
16899
16900
16901
16902
16903
16904
16905
16906
16907
16908
16909
16910
16937
16941
16942
16943
16944
16945
16953
16960
16964
16967
16969
16970
16971
16972
16973
16980
16983
16984
16985
16986
16992
16996
16998
17003
17006
17007
17008
17009
17010
17014
17022
17024
17028
17030
17031
17032
17033
17035
17036
17037
17046
17048
17049
17050
17052
17053
17054
17055
17057
17058
17059
17061
17062
17063
17065
17066
17067
17085
17086
17087
17089
17090
17092
17099
17100
17101
17103
17104
17105
17107
17109
17110
17120
17121
17122
17124
17125
17126
17127
17130
17140
17141
17142
17144
17145
17146
17147
17149
17151
17152
17153
17155
17156
17157
17159
17161
17162
17163
17164
17166
17167
17170
17171
17172
17174
17175
17176
17178
17180
17181
17182
17184
17185
17221
17222
17225
17226
17227
17231
17232
17233
17234
17235
17236
17243
17244
17245
17246
17247
17248
17249
17250
17251
17252
17253
17254
17255
17256
17257
17258
17259
17260
17261
17262
17288
17289
17290
17291
17292
17293
17295
17296
17297
17298
17299
17300
17307
17308
17309
17310
17311
17318
17319
17320
17321
17322
17323
17324
17331
17332
17333
17334
17335
17341
17343
17344
17345
17346
17347
17353
17354
17355
17356
17361
17362
17363
17364
17365
17366
17367
17368
17369
17370
17371
17372
17373
17374
17375
17376
17377
17395
17396
17397
17398
17399
17400
17401
17402
17403
17404
17415
17416
17417
17421
17423
17424
17425
17426
17427
17428
17429
17430
17439
17440
17441
17442
17443
17444
17445
17446
17447
17448
17449
17450
17451
17452
17453
17454
17455
17456
17457
17458
17459
17460
17461
17485
17486
17487
17488
17493
17494
17495
17496
17497
17498
17505
17506
17507
17508
17509
17510
17511
17512
17513
17514
17525
17526
17527
17528
17529
17530
17531
17532
17533
17534
17535
17536
17537
17538
17539
17540
17541
17542
17543
17544
17545
17546
17547
17548
17549
17550
17551
17552
17553
17554
17586
17588
17591
17594
17595
17597
17601
17603
17605
17606
17609
17611
17612
17613
17614
17620
17625
17629
17633
17636
17637
17638
17642
17643
17644
17645
17651
17652
17656
17657
17658
17663
17665
17666
17667
17669
17670
17677
17678
17679
17680
17682
17688
17689
17690
17691
17693
17695
17696
17697
17708
17709
17712
17713
17714
17715
17716
17717
17727
17730
17733
17735
17736
17737
17738
17739
17740
17747
17751
17755
17757
17760
17762
17763
17764
17766
17767
17774
17775
17776
17778
17779
17781
17782
17784
17785
17786
17787
17790
17804
17805
17806
17807
17808
17809
17816
17817
17818
17819
17820
17821
17822
17823
17832
17833
17834
17835
17836
17837
17838
17839
17840
17841
17842
17854
17856
17857
17858
17859
17860
17861
17868
17870
17872
17873
17874
17875
17876
17877
17884
17886
17887
17888
17889
17890
17891
17898
17899
17900
17901
17902
17903
17904
17905
17914
17915
17916
17917
17918
17919
17920
17921
17922
17923
17934
17935
17936
17937
17938
17939
17940
17941
17942
17943
18369
18374
18384
18387
18397
18411
18412
18414
18434
18435
18436
18443
18444
18555
18559
18579
18581
18582
18583
18626
18631
18638
18639
18645
18683
18684
18690
18691
18705
18706
18723
18724
18748
18762
18770
18772
18783
18792
18798
18806
18811
18817
18822
18826
18833
18842
18848
18859
18870
18874
18879
18880
18887
18901
18902
18903
18904
18913
18923
18935
18942
18955
18969
18986
18997
19011
19022
19023
19024
19058
19060
19078
19079
19094
19095
19105
19106
19107
19109
19121
19130
19131
19145
19152
19153
19176
19177
19192
19193
19208
19209
19210
19211
19239
19240
19241
19250
19251
19252
19253
19254
19255
19256
19257
19258
19259
19260
19261
19262
19263
19264
19265
19266
19267
19268
19269
19270
19271
19275
19276
19277
19278
19279
19280
19281
19282
19283
19284
19285
19286
19298
19299
19300
19301
19302
19303
19304
19305
19306
19307
19349
19350
19351
19355
19356
19357
19358
19359
19360
19361
19370
19371
19372
19373
19374
19375
19376
19377
19387
19388
19389
19390
19391
19392
19393
19394
19405
19406
19407
19408
19409
19410
19411
19421
19422
19423
19433
19434
19435
19439
19440
19441
19445
19446
19447
19451
19452
19453
19457
19460
19462
19463
19466
19467
19472
19474
19476
19478
19481
19484
19485
19486
19488
19490
19496
19497
19498
19504
19505
19508
19509
19512
19514
19516
19517
19518
19522
19523
19524
19525
19530
19531
19532
19536
19572
19573
19574
19582
19583
19584
19585
19586
19587
19588
19589
19590
19591
19592
19593
19594
19595
19596
19597
19598
19599
19600
19601
19602
19603
19604
19605
19606
19607
19608
19609
19610
19611
19612
19613
19614
19615
19616
19622
19623
19627
19630
19631
19633
19634
19635
19637
19638
19648
19649
19650
19651
19656
19657
19660
19661
19662
19666
19667
19668
19673
19675
19676
19679
19680
19683
19687
19691
19694
19695
19696
19697
19702
19704
19705
19707
19708
19709
19716
19718
19720
19724
19727
19728
19729
19733
19734
19737
19738
19739
19743
19745
19746
19747
19751
19753
19754
19755
19756
19761
19777
19778
19779
19780
19781
19782
19783
19784
19785
19786
19787
19800
19801
19802
19803
19804
19805
19806
19807
19808
19809
19810
19823
19824
19825
19826
19827
19828
19829
19830
19831
19832
19833
19846
19847
19848
19849
19850
19851
19852
19853
19854
19855
19856
19864
19865
19867
19869
19871
19872
19875
19876
19881
19882
19885
19886
19892
19895
19896
19900
19901
19902
19903
19909
19910
19913
19915
19917
19921
19922
19923
19929
19930
19931
19935
19936
19937
19942
19943
19945
19951
19952
19953
19954
19955
19956
19957
19961
19962
19963
19967
19968
19969
19970
19975
19976
19981
19984
19986
19989
19991
19994
19996
19997
20000
20001
20002
20003
20011
20016
20020
20021
20022
20026
20028
20031
20033
20034
20035
20036
20041
20042
20043
20045
20051
20053
20054
20058
20059
20060
20061
20063
20065
20066
20074
20075
20076
20077
20079
20081
20082
20084
20094
20095
20098
20099
20100
20104
20105
20106
20107
20108
20114
20115
20116
20117
20122
20123
20124
20125
20126
20127
20128
20129
20138
20139
20140
20141
20142
20143
20144
20145
20146
20147
20148
20149
20150
20167
20173
20179
20189
20193
20200
20201
20202
20203
20204
20205
20212
20213
20214
20215
20216
20217
20218
20219
20220
20221
20222
20234
20235
20236
20237
20238
20239
20240
20241
20242
20243
20244
20245
20246
20247
20248
20249
20250
20251
20252
20253
20254
20276
20280
20283
20287
20291
20292
20293
20294
20296
20303
20307
20311
20312
20313
20314
20320
20324
20327
20328
20329
20330
20335
20337
20338
20339
20340
20342
20350
20353
20357
20361
20365
20366
20367
20368
20373
20378
20381
20383
20384
20386
20387
20388
20395
20397
20398
20399
20401
20402
20403
20404
20406
20407
20408
20409
20410
20424
20426
20427
20429
20430
20431
20432
20434
20435
20436
20437
20439
20440
20441
20443
20444
20445
20463
20464
20466
20467
20468
20469
20471
20472
20473
20476
20477
20489
20490
20492
20493
20494
20496
20497
20498
20500
20501
20503
20504
20506
20507
20508
20510
20511
20512
20514
20535
20536
20538
20539
20540
20542
20543
20544
20546
20548
20549
20550
20551
20553
20554
20557
20558
20559
20560
20562
20563
20566
20567
20568
20570
20571
20600
20601
20602
20603
20604
20605
20612
20613
20614
20615
20616
20617
20618
20619
20620
20621
20622
20634
20635
20636
20637
20638
20639
20640
20641
20642
20643
20644
20645
20646
20647
20648
20649
20650
20651
20670
20671
20672
20673
20674
20680
20682
20684
20685
20686
20687
20688
20694
20695
20696
20697
20698
20704
20705
20706
20707
20708
20709
20710
20711
20712
20713
20714
20726
20727
20728
20732
20734
20735
20738
20739
20740
20741
20746
20747
20748
20749
20750
20751
20752
20753
20762
20763
20764
20765
20766
20767
20768
20769
20770
20780
20781
20782
20783
20788
20789
20790
20791
20792
20793
20794
20795
20796
20797
20798
20799
20812
20813
20814
20815
20816
20817
20818
20819
20820
20830
20831
20832
20833
20834
20835
20836
20837
20838
20839
20840
20841
20842
20843
20844
20845
20846
20864
20865
20866
20867
20868
20869
20870
20871
20872
20873
20874
20875
20876
20877
20878
20879
20880
20881
20900
20901
20902
20903
20904
20905
20906
20907
20908
20909
20910
20922
20923
20924
20925
20926
20927
20928
20929
20930
20931
20932
20933
20934
20935
20936
20937
20938
20939
20940
20941
20942
20964
20965
20966
20967
20968
20969
20970
20971
20972
20973
20974
20975
20976
20977
20978
20979
20980
20981
20982
20983
20984
20985
20986
20987
20988
21049
21051
21086
21098
21159
21160
21161
21164
21239
21248
21252
21268
21313
21326
21358
21359
23520
23521
23535
23536
23537
23538
23539
23540
23541
23542
23543
23544
23545
23546
23547
23576
23577
23578
23579
23580
23581
23582
23583
23584
23585
23586
23587
23588
23589
23608
23609
23610
23627
23628
23629
23630
23631
23632
23633
23634
23635
23636
23637
23638
23639
23640
23641
23642
23659
23660
23661
23662
23663
23664
23665
23679
23680
23681
23682
23683
23684
23685
23686
23687
23688
23689
23690
23691
23692
23693
23694
23710
23711
23712
23713
23714
23715
23716
23717
23718
23732
23733
23734
23735
23736
23737
23738
23739
23740
23741
23749
23750
23751
23752
23753
23754
23755
23769
23783
23784
23792
23793
23794
23795
23820
23821
23822
23824
23825
23826
23828
23829
23830
23832
23834
23835
23836
23837
23838
23839
23841
23842
23845
23846
23847
23848
23852
23857
23858
23859
23860
23861
23862
23867
23869
23870
23872
23873
23877
23878
23884
23885
23886
23891
23892
23893
23894
23895
23896
23901
23902
23903
23904
23905
23908
23910
23912
23924
23927
23928
23930
23934
23937
23941
23951
23960
23963
23964
23967
23969
23971
23974
23977
23978
23979
23980
23984
23985
23990
23991
23992
23993
23996
23999
24005
24011
24012
24023
24024
24025
24026
24027
24028
24029
24030
24031
24032
24033
24034
24035
24036
24037
24038
24039
24040
24041
24042
24043
24044
24045
24046
24047
24048
24049
24050
24051
24052
24053
24054
24055
24056
24057
24058
24059
24060
24061
24062
24063
24064
24065
24066
24067
24068
24069
24070
24071
24072
24073
24074
24075
24076
24077
24078
24079
24080
24081
24082
24083
24084
24085
24086
24087
24088
24089
24090
24091
24092
24093
24094
24095
24096
24097
24098
24099
24100
24101
24102
24103
24104
24105
24106
24107
24108
24109
24110
24111
24112
24113
24114
24115
24116
24117
24118
24119
24120
24121
24122
24123
24124
24125
24126
24127
24128
24129
24130
24131
24132
24133
24134
24135
24136
24137
24138
24139
24140
24141
24142
24143
24144
24145
24146
24147
24148
24149
24150
24151
24152
24153
24154
24155
24156
24157
24158
24159
24160
24161
24162
24163
24164
24165
24166
24167
24168
24169
24170
24171
24172
24173
24174
24175
24176
24177
24178
24179
24180
24181
24182
24183
24184
24185
24186
24187
24188
24189
24190
24191
24192
24193
24194
24195
24196
24197
24198
24199
24200
24201
24202
24203
24204
24205
24206
24207
24208
24209
24210
24211
24212
24213
24214
24215
24216
24217
24218
24219
24220
24221
24222
24223
24224
24225
24226
24227
24228
24229
24230
24231
24232
24233
24234
24235
24236
24237
24238
24239
24240
24241
24242
24243
24244
24245
24246
24247
24248
24249
24250
24251
24252
24253
24254
24255
24256
24257
24258
24259
24260
24261
24262
24263
24264
24265
24266
24267
24268
24269
24270
24271
24272
24273
24274
24275
24276
24277
24278
24279
24283
24284
24285
24286
24287
24288
24289
24290
24291
24292
24293
24294
24295
24296
24297
24298
24310
24311
24312
24314
24315
24316
24317
24318
24319
24320
24321
24322
24450
24475
24488
24491
24495
24496
24503
24508
24518
24519
24520
24525
24529
24554
24584
24585
24588
24589
24590
24604
24605
24621
24622
24623
24641
24642
24643
24646
24647
24650
24651
24658
24659
24660
24661
24665
24666
24671
24672
24682
24688
24691
24692
24700
24706
24708
24709
24712
24715
24717
24722
24723
24724
24725
24733
24739
24740
24741
24742
24743
24750
24751
24752
24753
24758
24759
24760
24761
24762
24763
24777
24778
24779
24780
24792
24793
24794
24798
24803
24805
24807
24808
24809
24846
24847
24851
24852
24854
24855
24856
24857
24862
24863
24864
24873
24874
24875
24876
24877
24879
24880
24889
24890
24891
24892
24893
24894
24895
24896
24918
24919
24920
24924
24925
24926
24927
24931
24932
24933
24937
24950
24951
24952
24962
24963
24964
24965
24966
24986
24987
24988
24990
24992
24993
24994
24995
24996
24998
24999
25000
25001
25002
25003
25004
25005
25006
25010
25011
25012
25016
25017
25018
25019
25020
25021
25022
25023
25024
25025
25026
25027
25028
25029
25032
25033
25034
25038
25040
25041
25043
25047
25048
25050
25052
25053
25054
25056
25057
25058
25059
25061
25062
25063
25065
25066
25067
25068
25069
25070
25071
25072
25077
25078
25079
25080
25081
25082
25083
25084
25085
25086
25087
25088
25089
25094
25095
25096
25097
25098
25103
25104
25105
25106
25107
25108
25109
25110
25111
25112
25113
25114
25115
25116
25118
25119
25120
25121
25122
25127
25128
25129
25130
25132
25135
25137
25138
25139
25140
25141
25143
25144
25145
25146
25148
25151
25152
25153
25154
25155
25156
25157
25159
25162
25165
25166
25171
25172
25173
25174
25175
25176
25177
25178
25179
25181
25182
25183
25184
25190
25191
25192
25196
25197
25198
25199
25200
25201
25202
25203
25204
25205
25206
25207
25208
25209
25211
25212
25213
25217
25218
25219
25220
25221
25222
25223
25224
25225
25226
25227
25228
25229
25230
25231
25232
25233
25234
25235
25236
25237
25239
25240
25241
25243
25244
25246
25255
25256
25258
25259
25260
25261
25264
25272
25273
25274
25275
25276
25277
25278
25279
25280
25281
25282
25283
25284
25285
25286
25287
25288
25289
25290
25291
25292
25293
25294
25295
25296
25297
25298
25299
25300
25306
25307
25309
25310
25311
25333
25334
25339
25340
25341
25342
25355
25356
25357
25358
25359
25360
25361
25362
25363
25364
25365
25366
25371
25372
25373
25374
25379
25380
25381
25382
25383
25384
25385
25386
25387
25388
25389
25390
25391
25392
25393
25394
25395
25396
25399
25400
25401
25402
25409
25411
25421
25422
25423
25424
25425
25427
25474
25475
25476
25477
25478
25480
25481
25482
25483
25484
25485
25486
25489
25490
25493
25494
25498
25499
25500
25501
25502
25503
25504
25508
25509
25510
25511
25512
25513
25514
25515
25516
25525
25526
25527
25546
25547
25548
25552
25553
25554
25555
25556
25557
25558
25559
25560
25561
25562
25563
25564
25565
25568
25569
25570
25572
25574
25575
25576
25577
25578
25580
25581
25582
25583
25587
25592
25593
25594
25595
25596
25597
25598
25599
25600
25601
25602
25603
25604
25605
25606
25607
25608
25609
25610
25611
25615
25616
25617
25618
25619
25622
25623
25624
25625
25626
25627
25628
25629
25630
25631
25632
25633
25634
25635
25636
25637
25638
25641
25642
25651
25652
25653
25654
25690
25691
25692
25693
25694
25695
25696
25697
25698
25699
25700
25701
25702
25703
25704
25705
25706
25707
25708
25709
25710
25711
25712
25713
25714
25715
25716
25717
25718
25719
25736
25737
25738
25739
25740
25741
25742
25743
25744
25745
25746
25747
25748
25749
25768
25769
25770
25771
25772
25773
25774
25775
25776
25777
25778
25805
25806
25807
25808
25809
25810
25811
25812
25813
25814
25815
25816
25817
25818
25819
25820
25821
25822
25823
25824
25825
25826
25827
25828
25829
25830
25831
25832
25841
25842
25843
25844
25845
25846
25853
25854
25855
25856
25857
25858
25859
25860
25861
25862
25863
25864
25865
25866
25867
25868
25869
25870
25871
25872
25873
25874
25875
25876
25877
25879
25880
25881
25882
25889
25890
25895
25896
25897
25898
25900
25907
25911
25912
25913
25914
25915
25916
25917
25918
25919
25920
25931
25932
25933
25934
25935
25936
25944
25945
25946
25947
25948
25949
25950
25951
25952
25957
25968
25969
25971
25972
25973
25981
25988
25989
25995
25996
26002
26003
26011
26012
26013
26014
26015
26025
26026
26030
26032
26040
26041
26043
26049
26052
26053
26054
26055
26072
26073
26074
26075
26080
26082
26083
26099
26100
26106
26107
26114
26115
26116
26117
26118
26119
26133
26138
26139
26150
26151
26152
26155
26156
26157
26158
26159
26165
26166
26189
26190
26191
26192
26193
26194
26195
26196
26197
26198
26204
26205
26206
26207
26208
26209
26210
26211
26212
26213
26230
26231
26232
26233
26239
26240
26241
26244
26245
26246
26247
26248
26249
26254
26257
26258
26260
26261
26262
26263
26264
26265
26293
26294
26295
26296
26302
26307
26310
26311
26330
26334
26335
26347
26353
26354
26355
26356
26357
26358
26359
26360
26361
26362
26363
26364
26365
26366
26367
26368
26394
26395
26396
26397
26398
26399
26400
26401
26403
26404
26431
26433
26434
26435
26436
26437
26438
26439
26440
26441
26442
26443
26444
26445
26446
26447
26448
26449
26450
26490
26491
26500
26501
26503
26504
26505
26506
26507
26508
26509
26510
26525
26526
26527
26528
26529
26530
26531
26532
26533
26540
26541
26542
26543
26544
26545
26546
26547
26548
26549
26550
26551
26552
26553
26554
26555
26556
26557
26558
26559
26560
26561
26589
26591
26594
26595
26596
26598
26602
26603
26604
26606
26609
26610
26612
26613
26614
26615
26617
26618
26619
26620
26621
26622
26623
26629
26630
26631
26632
26633
26634
26637
26638
26639
26640
26642
26643
26644
26645
26646
26647
26649
26652
26653
26654
26655
26656
26658
26659
26660
26661
26662
26663
26664
26667
26669
26671
26676
26677
26678
26679
26680
26682
26683
26687
26690
26691
26692
26693
26695
26696
26698
26699
26704
26705
26707
26708
26728
26729
26730
26731
26732
26733
26734
26735
26736
26737
26744
26745
26746
26747
26748
26749
26750
26751
26752
26753
26754
26755
26756
26757
26758
26759
26760
26761
26762
26763
26764
26765
26766
26767
26768
26769
26770
26771
26772
26773
26774
26775
26809
26810
26811
26812
26814
26815
26816
26817
26818
26819
26820
26821
26823
26824
26825
26827
26828
26829
26831
26832
26833
26834
26836
26837
26843
26844
26845
26846
26847
26848
26849
26851
26852
26853
26854
26855
26856
26857
26858
26859
26861
26862
26863
26864
26865
26866
26867
26868
26869
26870
26872
26873
26875
26876
26877
26878
26879
26880
26881
26882
26884
26889
26890
26891
26893
26894
26895
26896
26897
26898
26899
26905
26906
26907
26908
26909
26911
26912
26913
26918
26919
26921
26922
26923
26924
26925
26926
26940
26948
26949
26950
26951
26952
26953
26954
26955
26957
26958
26959
26964
26965
26966
26967
26968
26969
26970
26972
26973
26975
26976
26977
26978
26980
26981
26982
26983
26984
26986
26987
26988
26989
26991
26992
26993
26994
26995
26997
26998
26999
27001
27002
27003
27004
27038
27039
27059
27063
27067
27070
27071
27072
27073
27074
27075
27076
27077
27078
27079
27080
27081
27082
27083
27084
27085
27086
27087
27088
27089
27090
27091
27092
27093
27094
27095
27096
27097
27098
27099
27100
27101
27102
27103
27104
27105
27106
27107
27108
27109
27129
27130
27131
27132
27133
27134
27135
27136
27137
27138
27139
27140
27141
27142
27143
27144
27145
27146
27147
27148
27149
27150
27151
27152
27153
27154
27155
27156
27157
27158
27159
27160
27161
27162
27163
27164
27165
27166
27167
27168
27169
27170
27171
27172
27173
27174
27175
27176
27177
27178
27179
27180
27181
27182
27183
27184
27185
27186
27187
27188
27189
27190
27191
27192
27193
27194
27195
27196
27197
27256
27257
27258
27260
27261
27262
27263
27264
27265
27266
27267
27268
27269
27270
27276
27277
27278
27279
27280
27281
27282
27283
27285
27286
27287
27288
27289
27290
27291
27294
27295
27296
27297
27298
27299
27300
27301
27302
27303
27308
27309
27310
27312
27313
27314
27315
27317
27318
27319
27320
27321
27322
27323
27324
27325
27326
27327
27331
27332
27333
27334
27335
27336
27337
27338
27339
27340
27341
27342
27343
27344
27345
27346
27347
27348
27349
27350
27351
27352
27353
27354
27355
27356
27357
27358
27382
27383
27395
27396
27397
27398
27399
27400
27401
27402
27410
27411
27412
27413
27414
27415
27416
27417
27418
27419
27420
27421
27422
27423
27424
27425
27426
27427
27428
27429
27430
27431
27432
27433
27434
27435
27436
27437
27438
27439
27474
27475
27476
27477
27478
27479
27480
27481
27482
27483
27484
27485
27486
27487
27519
27520
27521
27522
27523
27524
27525
27526
27527
27528
27529
27530
27531
27532
27539
27540
27541
27542
27543
27552
27553
27554
27555
27556
27557
27558
27559
27564
27565
27566
27567
27568
27576
27577
27578
27579
27580
27581
27582
27583
27584
27585
27587
27588
27589
27590
27591
27592
27593
27594
27595
27596
27597
27598
27599
27600
27601
27602
27603
27604
27605
27606
27607
27608
27609
27610
27620
27644
27645
27646
27662
27663
27664
27665
27666
27711
27712
27713
27714
27718
27719
27720
27721
27722
27723
27724
27739
27740
27741
27742
27743
27744
27745
27746
27747
27748
27749
27750
27751
27752
27753
27754
27755
27756
27757
27758
27759
27760
27761
27762
27763
27764
27765
27766
27767
27768
27769
27770
27774
27775
27776
27777
27778
27779
27780
27781
27782
27783
27784
27785
27786
27787
27788
27789
27790
27791
27792
27793
27794
27795
27796
27797
27798
27799
27800
27801
27849
27850
27851
27852
27854
27855
27856
27857
27858
27859
27860
27861
27862
27863
27868
27869
27882
27883
27884
27885
27886
27896
27897
27898
27899
27900
27901
27902
27903
27904
27905
27906
27907
27908
27909
27910
27911
27912
27913
27914
27915
27916
27917
27918
27919
27920
27965
27966
27967
27968
27969
27970
27971
27972
27973
28027
28028
28029
28030
28031
28032
28033
28034
28035
28036
28037
28038
28039
28040
28041
28042
28043
28044
28045
28046
28047
28048
28049
28050
28051
28052
28053
28054
28055
28056
28057
28058
28059
28060
28061
28062
28086
28087
28088
28089
28090
28091
28092
28093
28094
28095
28096
28097
28098
28099
28100
28101
28102
28103
28104
28105
28106
28107
28108
28109
28110
28111
28112
28113
28114
28115
28116
28117
28118
28119
28120
28121
28122
28123
28124
28125
28126
28127
28128
28129
28130
28131
28132
28133
28134
28135
28136
28137
28138
28139
28140
28141
28142
28143
28144
28145
28146
28147
28148
28149
28150
28151
28152
28153
28222
28223
28224
28225
28226
28227
28228
28229
28230
28231
28232
28233
28234
28235
28236
28237
28238
28239
28240
28251
28252
28257
28258
28269
28270
28271
28274
28275
28276
28277
28278
28279
28280
28281
28294
28296
28302
28303
28306
28307
28308
28310
28311
28312
28313
28316
28318
28322
28325
28326
28331
28341
28360
28361
28362
28363
28364
28368
28369
28370
28371
28372
28373
28382
28383
28386
28387
28388
28424
28436
28437
28438
28439
28440
28441
28442
28443
28458
28459
28460
28461
28462
28463
28464
28465
28499
28500
28501
28502
28503
28504
28505
28506
28511
28512
28513
28514
28515
28516
28517
28518
28519
28520
28521
28522
28523
28524
28525
28526
28527
28528
28529
28530
28531
28532
28557
28558
28564
28565
28574
28575
28576
28577
28578
28588
28598
28602
28613
28614
28627
28650
28655
28701
28721
28732
28734
28736
28737
28738
28740
28741
28742
28744
28746
28749
28750
28751
28753
28772
28773
28774
28775
28776
28777
28778
28784
28785
28788
28789
28791
28792
28793
28794
28795
28796
28797
28798
28799
28800
28801
28806
28812
28822
28823
28824
28825
28826
28827
28828
28829
28830
28831
28832
28833
28851
28852
28853
28854
28855
28856
28857
28883
28888
28898
28899
28900
28901
28902
28903
28989
28990
28991
28992
28997
28998
28999
29002
29004
29007
29008
29011
29012
29013
29014
29015
29017
29018
29019
29028
29029
29030
29031
29040
29045
29046
29047
29048
29049
29050
29051
29052
29053
29054
29057
29059
29060
29067
29068
29069
29075
29084
29085
29088
29089
29090
29094
29095
29096
29097
29145
29146
29147
29158
29160
29162
29164
29253
29254
29256
29258
29268
29269
29270
29341
29403
29404
29424
29428
29430
29431
29432
29440
29442
29443
29444
29446
29448
29449
29450
29451
29457
29458
29459
29461
29466
29467
29469
29470
29477
29478
29479
29480
29489
29490
29491
29493
29494
29495
29496
29498
29499
29502
29503
29504
29505
29511
29512
29513
29514
29516
29520
29521
29522
29523
29524
29525
29527
29532
29533
29534
29538
29539
29540
29541
29542
29543
29544
29545
29546
29554
29555
29556
29561
29562
29563
29568
29569
29570
29571
29572
29573
29574
29575
29576
29577
29578
29579
29580
29581
29582
29583
29584
29617
29618
29619
29636
29637
29638
29639
29656
29657
29658
29659
29680
29681
29682
29683
29684
29685
29686
29687
29697
29701
29702
29703
29706
29707
29710
29713
29715
29720
29722
29724
29726
29728
29731
29732
29733
29735
29786
29788
29789
29790
29800
29801
29802
29809
29818
29819
29824
29832
29833
29868
29870
29875
29890
29899
29904
29905
29930
29931
29934
29945
29946
29953
29970
29978
29979
30005
30010
30012
30014
30018
30020
30021
30025
30037
30042
30043
30062
30067
30068
30070
30071
30172
30175
30182
30190
30192
30196
30197
30202
30204
30205
30210
30211
30212
30218
30220
30225
30226
30228
30229
30235
30249
30250
30251
30252
30266
30267
30268
30270
30316
30318
30320
30322
30342
30350
30355
30374
30377
30381
30398
30402
30404
30414
30417
30418
30449
30452
30454
30455
30461
30463
30465
30467
30468
30474
30476
30479
30480
30481
30483
30520
30522
30524
30526
30535
30536
30537
30543
30544
30546
30552
30554
30557
30558
30559
30560
30563
30565
30566
30567
30573
30574
30577
30579
30580
30583
30585
30586
30587
30591
30592
30593
30597
30598
30599
30606
30607
30608
30609
30610
30611
30612
30613
30616
30617
30618
30624
30625
30626
30627
30628
30641
30642
30643
30647
30648
30649
30653
30654
30655
30659
30660
30661
30673
30674
30675
30676
30678
30679
30680
30681
30688
30689
30702
30703
30715
30716
30717
30718
30719
30720
30721
30722
30723
30724
30725
30726
30733
30751
30752
30753
30754
30755
30756
30757
30758
30759
30760
30761
30762
30763
30764
30765
30766
30767
30768
30769
30770
30771
30772
30773
30774
30775
30807
30808
30809
30810
30811
30812
30813
30814
30815
30836
30837
30838
30839
30840
30841
30842
30843
30844
30845
30864
30865
30866
30867
30868
30869
30870
30871
30872
30873
30874
30898
30899
30900
30901
30902
30925
30926
30927
30928
30929
30930
30931
30932
30933
30934
30948
30982
30983
30994
31000
31002
31003
31004
31005
31006
31008
31009
31010
31011
31012
31013
31015
31016
31017
31018
31019
31020
31021
31022
31023
31024
31025
31027
31029
31032
31033
31034
31036
31045
31046
31047
31048
31049
31050
31051
31052
31053
31054
31055
31056
31059
31060
31061
31062
31063
31076
31077
31078
31079
31080
31081
31082
31083
31093
31094
31095
31096
31097
31098
31099
31100
31101
31102
31106
31107
31108
31109
31110
31111
31112
31113
31114
31115
31116
31117
31118
31119
31120
31121
31122
31123
31124
31125
31126
31127
31128
31129
31130
31131
31132
31133
31140
31141
31142
31143
31144
31145
31146
31147
31148
31149
31150
31151
31152
31153
31154
31155
31156
31157
31158
31159
31160
31161
31162
31163
31164
31180
31181
31182
31183
31184
31185
31186
31187
31188
31189
31190
31191
31192
31193
31194
31195
31196
31197
31198
31211
31212
31213
31214
31215
31216
31217
31218
31219
31220
31221
31222
31223
31224
31225
31226
31227
31233
31234
31235
31236
31238
31239
31240
31241
31242
31243
31244
31245
31246
31248
31250
31252
31254
31255
31257
31265
31266
31268
31269
31270
31271
31278
31279
31280
31284
31285
31286
31287
31288
31289
31345
31346
31349
31350
31351
31361
31362
31363
31364
31365
31366
31367
31368
31369
31370
31371
31372
31373
31374
31375
31385
31386
31387
31388
31389
31394
31395
31396
31397
31398
31399
31400
31401
31402
31403
31413
31414
31419
31420
31421
31422
31423
31424
31425
31426
31427
31428
31429
31430
31431
31432
31433
31434
31435
31436
31437
31443
31444
31449
31450
31451
31456
31457
31458
31459
31464
31465
31466
31467
31468
31469
31470
31489
31492
31495
31497
31500
31501
31502
31507
31508
31509
31510
31511
31519
31520
31521
31522
31523
31524
31525
31526
31527
31528
31529
31533
31534
31535
31603
31604
31642
31643
31644
31645
31646
31647
31648
31649
31650
31651
31652
31653
31660
31661
31662
31663
31664
31665
31666
31667
31668
31669
31670
31671
31672
31673
31677
31678
31679
31684
31685
31686
31691
31692
31693
31694
31699
31700
31701
31702
31703
31704
31705
31706
31707
31708
31709
31710
31742
31743
31744
31745
31746
31747
31748
31749
31750
31751
31752
31753
31754
31755
31763
31769
31770
31771
31772
31773
31774
31775
31777
31778
31785
31786
31787
31790
31791
31792
31793
31794
31795
31796
31797
31799
31801
31802
31803
31804
31805
31806
31807
31815
31819
31820
31821
31822
31823
31824
31826
31827
31829
31831
31832
31833
31834
31837
31838
31839
31843
31844
31845
31846
31847
31848
31849
31855
31856
31857
31858
31859
31860
31861
31862
31870
31871
31872
31873
31874
31875
31876
31877
31878
31879
31880
31881
31884
31885
31886
31887
31888
31889
31895
31896
31897
31898
31909
31913
31916
31921
31924
31927
31928
31929
31930
31931
31932
31933
31938
31939
31940
31941
31942
31943
31949
31950
31954
31955
31956
31964
31965
31966
31967
31968
31969
31981
31993
31994
31995
31996
31997
32067
32073
32078
32079
32126
32134
32135
32136
32159
32160
32161
32162
32163
32164
32166
32167
32168
32170
32171
32172
32173
32174
32175
32388
32395
32396
32397
32398
32399
32400
32401
32402
32403
32404
32405
32406
32407
32408
32409
32410
32411
32463
32498
32499
32500
32501
32502
32503
32504
32505
32506
32507
32705
32706
32707
32708
32709
32710
32711
32722
32723
32724
32725
32726
32738
32739
32740
32741
32742
32743
32759
32761
32762
32829
32830
32831
32832
32838
32840
32841
32842
32850
32857
32860
32865
32867
32871
32872
32879
32881
32882
32883
32884
32885
32900
32901
32902
32903
32904
32905
32906
32907
32908
32936
32938
32939
32940
32941
32942
32943
32944
32945
32946
32947
32948
32949
32950
32985
32987
32988
32989
32990
32991
32992
32993
32994
32995
32996
32997
32998
32999
33030
33032
33033
33034
33035
33036
33037
33038
33039
33040
33041
33042
33043
33068
33070
33071
33072
33110
33111
33114
33115
33116
33117
33118
33119
33120
33130
33131
33132
33133
33134
33135
33157
33158
33159
33160
33161
33162
33163
33189
33190
33191
33192
33193
33194
33195
33196
33223
33224
33225
33226
33227
33228
33229
33230
33231
33232
33233
33255
33256
33257
33258
33259
33260
33261
33262
33263
33264
33265
33283
33284
33285
33286
33287
33288
33307
33308
33309
33310
33311
33312
33319
33320
33321
33322
33323
33324
33327
33328
33329
33332
33336
33338
33351
33352
33353
33354
33356
33358
33359
33366
33367
33375
33379
33383
33406
33419
33465
33498
33510
33511
33514
33516
33517
33518
33519
33522
33523
33524
33526
33527
33529
33530
33533
33557
33558
33559
33560
33561
33562
33563
33565
33566
33567
33573
33574
33575
33576
33581
33582
33583
33584
33585
33590
33591
33592
33593
33595
33599
33603
33610
33624
33625
33626
33627
33628
33629
33630
33631
33632
33633
33637
33638
33639
33640
33642
33643
33644
33645
33657
33658
33659
33660
33661
33662
33696
33734
33735
33804
33805
33806
33808
33810
33813
33814
33824
33825
33826
33828
33829
33830
33831
33844
33845
33846
33847
33854
33855
33856
33857
33858
33860
33861
33862
33863
33864
33865
33866
33867
33872
33884
33885
33890
33891
33892
33893
33895
33896
33902
33903
33904
33909
33911
33915
33920
33925
33926
33929
33990
33991
33995
33997
33999
34001
34085
34098
34099
34164
34170
34171
34228
34232
34234
34235
34236
34247
34249
34250
34251
34252
34253
34255
34256
34259
34260
34261
34271
34272
34274
34275
34276
34277
34279
34284
34285
34286
34288
34294
34295
34296
34298
34299
34305
34306
34312
34313
34314
34315
34317
34320
34321
34322
34323
34324
34326
34331
34332
34337
34338
34339
34340
34355
34356
34357
34358
34359
34360
34361
34370
34371
34372
34377
34378
34379
34380
34381
34382
34383
34384
34385
34386
34387
34388
34389
34400
34401
34402
34406
34407
34408
34430
34431
34432
34433
34434
34453
34454
34455
34456
34471
34472
34473
34481
34482
34485
34489
34490
34491
34492
34500
34502
34508
34510
34512
34532
34534
34535
34545
34546
34547
34553
34561
34576
34584
34585
34635
34637
34642
34646
34648
34651
34652
34662
34695
34699
34705
34710
34714
34736
34737
34740
34753
34758
34759
34766
34783
34788
34804
34806
34807
34811
34813
34909
34913
34924
34927
34929
34933
34934
34943
34945
34946
34951
34952
34953
34959
34961
34966
34967
34969
34970
34981
34982
34983
34984
34998
34999
35032
35034
35036
35038
35060
35068
35073
35091
35094
35098
35113
35117
35119
35128
35131
35132
35165
35168
35170
35171
35174
35178
35180
35182
35184
35186
35187
35190
35192
35194
35230
35232
35234
35236
35251
35252
35253
35262
35263
35264
35270
35271
35272
35273
35274
35275
35276
35278
35281
35282
35283
35293
35294
35296
35300
35301
35302
35303
35304
35310
35311
35313
35315
35316
35317
35322
35323
35325
35329
35332
35333
35334
35335
35339
35340
35346
35347
35348
35349
35350
35359
35360
35361
35365
35366
35367
35371
35372
35373
35377
35378
35379
35395
35396
35397
35398
35399
35400
35401
35403
35404
35405
35406
35407
35414
35420
35421
35422
35423
35441
35442
35443
35444
35445
35446
35453
35454
35455
35456
35491
35492
35493
35494
35495
35496
35497
35498
35499
35500
35501
35502
35503
35504
35505
35506
35507
35508
35509
35510
35511
35512
35513
35519
35520
35521
35522
35523
35524
35525
35526
35527
35552
35553
35554
35555
35556
35557
35558
35559
35560
35561
35593
35594
35595
35596
35597
35598
35599
35600
35601
35602
35603
35604
35605
35606
35607
35636
35637
35638
35639
35640
35664
35709
35710
35711
35712
35713
35725
35730
35731
35732
35735
35736
35737
35738
35739
35741
35742
35743
35744
35745
35746
35747
35748
35751
35752
35753
35754
35755
35756
35757
35759
35760
35761
35762
35763
35764
35766
35767
35768
35769
35770
35771
35772
35775
35780
35781
35782
35783
35784
35785
35786
35787
35788
35789
35790
35791
35792
35793
35794
35798
35799
35800
35801
35802
35803
35804
35805
35818
35819
35820
35821
35823
35824
35825
35826
35827
35828
35829
35830
35831
35841
35842
35843
35844
35845
35846
35847
35848
35849
35850
35851
35852
35853
35854
35864
35865
35866
35867
35868
35869
35870
35871
35872
35873
35877
35878
35879
35880
35881
35882
35883
35884
35885
35886
35887
35888
35889
35890
35891
35892
35893
35894
35895
35896
35897
35898
35899
35900
35901
35902
35903
35904
35905
35906
35907
35908
35909
35910
35911
35912
35913
35914
35915
35916
35917
35918
35934
35935
35936
35937
35938
35939
35940
35941
35942
35943
35944
35945
35946
35947
35948
35955
35956
35957
35958
35959
35960
35961
35962
35968
35969
35970
35972
35973
35974
35975
35976
35978
35980
35982
35984
35985
35989
35990
35991
35992
35993
36000
36001
36002
36006
36007
36008
36009
36010
36011
36069
36070
36081
36082
36083
36084
36085
36086
36096
36097
36098
36099
36100
36101
36106
36107
36108
36109
36110
36111
36112
36113
36114
36115
36120
36123
36125
36126
36127
36128
36129
36130
36146
36147
36148
36149
36150
36151
36156
36157
36158
36159
36160
36165
36166
36167
36168
36169
36174
36175
36176
36177
36182
36183
36184
36185
36186
36188
36191
36193
36197
36199
36202
36203
36204
36205
36211
36214
36215
36216
36221
36222
36223
36227
36228
36229
36230
36336
36338
36339
36340
36341
36342
36343
36344
36346
36347
36348
36349
36350
36351
36352
36353
36354
36355
36356
36357
36358
36359
36360
36361
36362
36363
36364
36365
36366
36367
36368
36369
36375
36376
36377
36378
36379
36380
36381
36382
36383
36384
36385
36386
36387
36388
36392
36393
36394
36398
36399
36400
36405
36406
36407
36412
36413
36414
36415
36416
36417
36418
36419
36420
36421
36422
36423
36459
36460
36464
36465
36466
36467
36468
36469
36470
36471
36482
36488
36489
36490
36491
36492
36493
36494
36495
36496
36501
36502
36503
36504
36505
36506
36507
36508
36509
36510
36511
36512
36513
36516
36517
36518
36525
36526
36527
36528
36529
36530
36531
36532
36533
36546
36549
36550
36551
36552
36553
36558
36560
36561
36562
36563
36564
36565
36566
36567
36568
36575
36580
36581
36582
36583
36584
36585
36586
36587
36589
36590
36591
36595
36598
36599
36600
36601
36605
36606
36607
36608
36609
36610
36611
36612
36613
36619
36620
36621
36622
36623
36629
36630
36631
36632
36633
36644
36648
36651
36652
36653
36654
36655
36656
36657
36662
36663
36664
36665
36666
36667
36672
36673
36676
36677
36688
36691
36693
36694
36725
36727
36729
36731
36732
36733
36734
36744
36745
36746
36747
36749
36750
36754
36756
36758
36772
36783
36785
36792
36818
36820
36823
36837
36839
36846
36852
36858
36860
36862
36867
36869
36870
36872
36873
36875
36880
36882
36884
36887
36888
36892
36893
36902
36903
36906
36907
36908
36909
36910
36911
36912
36914
36916
36926
36927
36930
36931
36934
36935
36936
36940
36941
36942
36944
36950
36951
36954
36955
36958
36959
36960
36961
36962
36963
36965
36966
36968
36975
36982
36983
36984
37008
37009
37010
37011
37081
37082
37086
37093
37094
37095
37096
37097
37098
37099
37143
37155
37156
37181
37201
37203
37204
37215
37216
37217
37235
37236
37237
37238
37239
37240
37241
37436
37437
37438
37467
37468
37469
37470
37471
37472
37473
37474
37475
37476
37479
37568
37569
37570
37571
37572
37573
37574
37575
37576
37577
37578
37766
37767
37768
37769
37770
37779
37780
37802
37805
37812
37815
37816
37827
37838
37841
37842
37845
37846
37847
37848
37849
37856
37857
37858
37859
37860
37862
37867
37875
37876
37877
37884
37885
37886
37887
37891
37892
37894
37895
37900
37901
37903
37905
37906
37908
37910
37911
37912
37916
37919
37921
37924
37925
37926
37932
37933
37936
37937
37979
37981
37990
38007
38008
38046
38050
38052
38054
38055
38056
38062
38068
38069
38070
38072
38073
38074
38075
38077
38078
38084
38089
38090
38091
38093
38094
38095
38096
38104
38105
38106
38107
38108
38109
38110
38115
38116
38117
38123
38133
38134
38135
38136
38149
38150
38160
38161
38162
38163
38178
38179
38180
38181
38182
38183
38184
38185
38188
38195
38198
38199
38202
38231
38234
38235
38236
38239
38241
38242
38244
38245
38250
38252
38255
38262
38267
38271
38291
38294
38312
38314
38317
38318
38322
38327
38331
38334
38351
38353
38364
38365
38368
38454
38460
38461
38470
38473
38480
38483
38484
38485
38486
38487
38488
38490
38491
38501
38502
38504
38505
38506
38507
38508
38509
38512
38518
38540
38541
38542
38543
38556
38557
38558
38559
38569
38570
38571
38572
38573
38574
38598
38599
38602
38603
38636
38639
38652
38655
38657
38660
38663
38666
38669
38670
38700
38703
38708
38711
38713
38716
38720
38721
38735
38737
38747
38750
38751
38754
38768
38769
38772
38773
38775
38776
38777
38781
38782
38788
38789
38790
38791
38792
38793
38794
38795
38799
38800
38804
38805
38806
38822
38823
38826
38827
38828
38829
38830
38831
38832
38833
38840
38841
38842
38843
38844
38845
38846
38847
38850
38851
38855
38856
38857
38858
38871
38872
38873
38874
38875
38876
38877
38878
38882
38897
38898
38899
38900
38901
38908
38909
38910
38911
38912
38913
38914
38915
38916
38917
38931
38932
38933
38934
38935
38942
38943
38948
38951
38952
38955
38956
38957
38958
38959
38960
38961
38962
38963
38983
38984
38985
38986
38987
38988
38989
38990
38991
38992
38993
38994
38995
38996
38997
38998
38999
39000
39001
39006
39014
39015
39016
39017
39018
39019
39026
39027
39028
39029
39030
39031
39044
39045
39046
39047
39048
39049
39050
39051
39052
39053
39054
39055
39056
39057
39058
39059
39061
39062
39065
39066
39071
39072
39073
39074
39075
39076
39077
39078
39085
39086
39087
39088
39089
39090
39105
39106
39107
39108
39109
39110
39111
39112
39113
39114
39115
39116
39126
39127
39133
39134
39139
39140
39141
39142
39152
39153
39154
39155
39156
39157
39158
39159
39167
39168
39169
39170
39191
39192
39193
39194
39195
39196
39197
39198
39203
39204
39205
39206
39207
39208
39209
39210
39211
39212
39238
39239
39240
39241
39242
39243
39244
39245
39250
39251
39252
39253
39254
39255
39256
39257
39258
39259
39260
39261
39265
39266
39267
39268
39272
39273
39274
39275
39276
39277
39278
39279
39280
39281
39282
39283
39284
39285
39286
39287
39288
39289
39296
39297
39298
39299
39300
39307
39308
39309
39310
39311
39312
39313
39314
39315
39316
39322
39323
39324
39325
39328
39329
39330
39335
39339
39375
39376
39377
39378
39382
39383
39384
39385
39386
39387
39388
39389
39390
39391
39392
39400
39401
39402
39403
39404
39405
39406
39407
39408
39409
39410
39411
39415
39418
39419
39426
39427
39473
39485
39486
39503
39504
39505
39506
39507
39509
39510
39610
39611
39612
39613
39614
39615
39616
39642
39643
39644
39645
42487
42488
42489
42490
42491
42492
42493
42494
42495
42496
42497
42498
42511
42512
42513
42514
42515
42516
42517
42524
42525
42526
42527
42548
42549
42550
42551
42552
42553
42554
42555
42556
42557
42558
42559
42560
42561
42562
42563
42564
42565
42566
42567
42568
42569
42615
42616
42617
42618
42619
42620
42621
42622
42623
42624
42625
42626
42627
42628
42657
42658
42659
42660
42661
42662
42663
42664
42665
42666
42667
42668
42669
42670
42671
42693
42695
42696
42697
42698
42699
42700
42701
42702
42703
42704
42705
42706
42707
42732
42734
42735
42736
42737
42738
42739
42740
42741
42742
42743
42762
42763
42764
42765
42766
42767
42768
42769
42770
42771
42772
42782
42783
42784
42785
42786
42787
42788
42789
42790
42791
42798
42799
42800
42801
42802
42803
42804
42805
42806
42807
42808
42809
42810
42811
42812
42813
42814
42815
42816
42817
42818
42819
42820
42821
42822
42823
42824
42825
42826
42827
42828
42829
42830
42831
42832
42833
42914
42915
42916
42917
42918
42919
42920
42921
42925
42926
42929
42931
42933
42939
42943
42944
42945
42946
42947
42949
42950
42960
42962
42964
42965
42967
42969
42970
42975
42976
42977
42982
42987
42988
42989
42990
43000
43002
43004
43008
43009
43017
43018
43019
43020
43021
43022
43024
43025
43026
43027
43028
43029
43031
43033
43034
43036
43037
43038
43040
43046
43047
43048
43049
43056
43057
43058
43061
43062
43063
43064
43065
43066
43067
43074
43075
43080
43081
43083
43084
43085
43086
43087
43088
43089
43090
43095
43096
43097
43098
43099
43102
43106
43107
43108
43109
43110
43111
43112
43113
43114
43115
43116
43126
43127
43128
43129
43130
43146
43147
43149
43150
43151
43152
43153
43154
43157
43158
43159
43160
43161
43162
43163
43164
43165
43168
43169
43170
43171
43172
43173
43174
43175
43177
43178
43179
43180
43182
43183
43184
43185
43186
43187
43188
43190
43191
43192
43193
43194
43195
43197
43198
43199
43200
43201
43202
43203
43204
43206
43207
43208
43209
43210
43211
43213
43214
43215
43216
43217
43218
43219
43222
43223
43224
43225
43226
43227
43228
43229
43230
43231
43232
43233
43234
43235
43236
43237
43238
43239
43240
43241
43247
43248
43249
43250
43251
43252
43253
43254
43255
43256
43257
43258
43259
43260
43261
43262
43263
43264
43265
43266
43277
43278
43279
43288
43289
43290
43291
43292
43293
43294
43298
43299
43300
43301
43302
43303
43304
43305
43306
43307
43310
43311
43312
43313
43314
43315
43316
43317
43320
43321
43322
43323
43324
43325
43326
43327
43329
43330
43331
43332
43333
43334
43335
43336
43338
43339
43340
43341
43355
43369
43372
43385
43386
43387
43388
43389
43390
43391
43392
43395
43396
43397
43398
43399
43400
43401
43405
43406
43421
43422
43423
43424
43425
43426
43427
43428
43439
43440
43441
43442
43443
43444
43445
43446
43447
43448
43449
43450
43472
43473
43474
43475
43476
43477
43478
43479
43480
43481
43482
43483
43484
43485
43490
43491
43492
43493
43494
43495
43496
43497
43498
43499
43500
43501
43502
43503
43504
43505
43506
43511
43512
43513
43514
43515
43520
43521
43522
43531
43532
43533
43534
43535
43536
43537
43542
43543
43544
43550
43551
43552
43553
43554
43565
43566
43567
43568
43569
43583
43607
43608
43609
43612
43613
43614
43619
43621
43622
43659
43660
43661
43662
43663
43664
43666
43667
43668
43669
43673
43682
43684
43688
43689
43717
43722
43723
43725
43729
43731
43754
43757
43758
43760
43762
43763
43766
43768
43771
43798
43799
43801
43802
43812
43813
43814
43816
43817
43819
43826
43828
43832
43835
43838
43844
43848
43851
43876
43877
43880
43901
43902
43912
43913
43914
43915
43916
43917
43921
43924
43929
43930
43931
43938
43939
43940
43943
43944
43945
43946
43948
43949
43950
43960
43961
43962
43963
43964
43965
43966
43967
43977
43978
43979
43980
43986
43993
43997
43998
44002
44003
44004
44005
44006
44010
44011
44012
44013
44014
44015
44018
44025
44028
44029
44030
44031
44035
44036
44037
44038
44039
44043
44044
44057
44058
44062
44063
44064
44065
44066
44067
44074
44075
44076
44077
44078
44079
44094
44095
44096
44097
44098
44099
44100
44101
44102
44103
44104
44106
44110
44111
44116
44117
44118
44125
44126
44127
44132
44133
44134
44135
44136
44137
44145
44146
44147
44148
44149
44156
44157
44161
44162
44163
44164
44165
44186
44187
44188
44189
44197
44201
44202
44205
44209
44210
44247
44248
44249
44252
44253
44254
44255
44256
44257
44261
44262
44381
44382
44383
44384
44385
44422
44423
44424
44425
44426
44427
44428
44429
44430
44431
44464
44465
44466
44467
44468
44469
44470
44471
44472
44473
44474
44475
44476
44506
44507
44508
44509
44510
44511
44512
44513
44514
44515
44516
44517
44518
44519
44520
44521
44522
44543
44544
44545
44546
44547
44548
44549
44550
44551
44552
44553
44554
44555
44556
44557
44558
44559
44568
44569
44570
44571
44572
44573
44574
44575
44576
44577
44579
44580
44581
44582
44583
44584
44585
44586
44587
44588
44589
44590
44591
44592
44593
44594
44595
44705
44706
44707
44708
44709
44710
44711
44712
44713
44714
44715
44716
44717
44718
44719
44738
44739
44740
44741
44742
44743
44744
44745
44746
44747
44748
44749
44750
44751
44752
44753
44754
44755
44756
44771
44772
44773
44774
44775
44776
44777
44778
44779
44780
44781
44782
44783
44784
44785
44798
44799
44800
44801
44802
44803
44804
44805
44806
44807
44808
44809
44810
44811
44812
44813
44814
44815
44816
44817
44818
44819
44820
44821
44822
44823
44826
44830
44831
44832
44835
44839
44841
44842
44843
44851
44855
44863
44865
44866
44867
44868
44869
44870
44871
44873
44874
44875
44876
44877
44878
44879
44883
44885
44886
44898
44900
44902
44903
44905
44908
44909
44914
44916
44920
44921
44922
44923
44924
44925
44926
44927
44933
44934
44938
44944
44945
44946
44947
44948
44949
44966
44967
44968
44969
44970
44971
44972
44976
44977
44978
44979
44980
44981
44982
44983
44984
44985
44986
44987
44988
44989
44990
44991
44992
44994
44995
44996
44997
44998
45000
45001
45002
45003
45004
45005
45006
45007
45008
45009
45010
45011
45012
45013
45014
45015
45017
45018
45019
45020
45021
45022
45023
45024
45025
45026
45027
45028
45029
45030
45031
45032
45033
45034
45035
45036
45037
45038
45039
45040
45041
45042
45043
45048
45051
45052
45053
45054
45055
45056
45057
45058
45059
45060
45061
45062
45063
45064
45065
45066
45069
45071
45072
45073
45074
45075
45076
45090
45091
45092
45093
45094
45095
45099
45100
45101
45102
45103
45104
45105
45106
45107
45124
45125
45126
45127
45128
45129
45130
45148
45149
45150
45151
45152
45153
45154
45155
45156
45158
45159
45160
45161
45162
45163
45164
45165
45166
45167
45168
45169
45170
45171
45172
45173
45175
45190
45191
45192
45193
45194
45195
45196
45197
45198
45199
45200
45211
45212
45222
45223
45224
45225
45226
45227
45228
45229
45230
45231
45232
45233
45234
45235
45241
45242
45243
45244
45245
45246
45247
45248
45249
45250
45251
45252
45259
45260
45261
45262
45263
45266
45271
45274
45275
45276
45277
45278
45279
45294
45295
45296
45297
45298
45299
45300
45301
45302
45303
45304
45305
45306
45307
45309
45316
45317
45318
45319
45320
45321
45322
45330
45331
45332
45333
45334
45335
45336
45337
45346
45347
45348
45349
45350
45351
45352
45353
45354
45363
45364
45365
45366
45367
45368
45369
45370
45371
45372
45384
45385
45386
45387
45388
45389
45390
45391
45392
45393
45402
45403
45404
45405
45406
45407
45408
45409
45410
45411
45417
45418
45419
45420
45421
45422
45423
45424
45425
45428
45429
45430
45431
45432
45433
45435
45438
45443
45445
45446
45447
45454
45455
45456
45458
45461
45462
45466
45467
45469
45475
45476
45480
45481
45484
45488
45492
45493
45494
45495
45496
45497
45498
45500
45506
45511
45512
45513
45514
45516
45517
45519
45520
45521
45522
45524
45526
45529
45530
45535
45536
45537
45538
45539
45540
45541
45542
45545
45549
45550
45551
45552
45560
45561
45562
45563
45564
45570
45571
45572
45573
45575
45576
45577
45578
45579
45580
45581
45585
45586
45587
45588
45589
45590
45591
45593
45594
45595
45596
45597
45598
45599
45600
45601
45602
45603
45608
45609
45610
45611
45612
45613
45614
45615
45616
45617
45618
45619
45620
45621
45622
45623
45624
45625
45629
45630
45631
45632
45633
45634
45635
45636
45637
45638
45639
45640
45641
45642
45643
45644
45645
45646
45647
45653
45654
45655
45656
45657
45668
45669
45670
45671
45672
45673
45674
45675
45676
45677
45682
45683
45684
45685
45691
45699
45701
45703
45704
45711
45716
45717
45718
45719
45720
45721
45722
45723
45725
45727
45729
45730
45731
45732
45733
45734
45735
45737
45738
45739
45740
45741
45748
45749
45763
45764
45765
45766
45767
45768
45769
45770
45771
45772
45773
45774
45787
45788
45789
45790
45791
45792
45793
45794
45795
45796
45797
45798
45799
45800
45801
45802
45803
45808
45809
45810
45811
45812
45813
45814
45815
45816
45819
45820
45821
45826
45827
45828
45829
45830
45834
45835
45846
45847
45848
45850
45851
45852
45853
45855
45856
45857
45858
45860
45861
45862
45874
45875
45879
45881
45882
45883
45884
45886
45887
45888
45889
45890
45891
45908
45909
45914
45915
45916
45925
45926
45927
45928
45931
45932
45933
45934
45935
45936
45937
45938
45939
45951
45952
45953
45954
45969
45970
45971
45972
45980
45981
45982
45983
45984
45985
45998
45999
46000
46002
46003
46004
46005
46007
46008
46009
46010
46011
46012
46014
46015
46016
46017
46018
46020
46021
46022
46024
46025
46028
46029
46031
46032
46033
46034
46036
46037
46038
46039
46040
46042
46045
46046
46047
46048
46049
46051
46052
46053
46054
46055
46056
46058
46059
46060
46062
46063
46064
46066
46071
46073
46074
46075
46076
46078
46079
46080
46083
46084
46104
46105
46106
46108
46110
46115
46116
46118
46119
46120
46121
46122
46125
46129
46131
46132
46134
46136
46137
46139
46144
46145
46147
46149
46157
46158
46164
46165
46170
46172
46173
46178
46179
46180
46181
46182
46198
46199
46201
46202
46203
46204
46205
46212
46213
46215
46216
46218
46220
46225
46228
46231
46232
46233
46234
46235
46236
46237
46238
46239
46240
46241
46242
46243
46244
46245
46246
46247
46248
46249
46250
46251
46252
46253
46254
46255
46256
46257
46258
46259
46260
46279
46285
46290
46295
46301
46309
46314
46319
46325
46328
46331
46332
46333
46334
46335
46336
46337
46338
46340
46341
46342
46343
46344
46345
46346
46368
46369
46370
46371
46372
46373
46374
46375
46376
46377
46378
46379
46380
46381
46382
46383
46384
46410
46411
46412
46413
46421
46422
46423
46424
46428
46429
46430
46431
46432
46433
46434
46435
46436
46437
46438
46439
46440
46441
46442
46443
46444
46445
46463
46464
46465
46466
46476
46477
46478
46479
46480
46481
46482
46483
46484
46485
46486
46487
46488
46489
46490
46491
46492
46493
46494
46495
46496
46497
46498
46499
46501
46502
46503
46504
46505
46507
46508
46509
46510
46511
46512
46513
46514
46516
46517
46518
46519
46520
46521
46523
46524
46525
46526
46527
46529
46530
46531
46532
46533
46534
46536
46537
46538
46539
46540
46541
46543
46544
46545
46546
46547
46548
46549
46550
46551
46552
46553
46555
46556
46557
46558
46559
46560
46561
46563
46564
46565
46566
46567
46568
46569
46570
46571
46573
46574
46579
46580
46581
46584
46585
46586
46587
46588
46589
46591
46592
46593
46594
46595
46596
46597
46598
46599
46600
46605
46606
46607
46608
46609
46610
46611
46612
46613
46614
46615
46616
46617
46640
46641
46642
46643
46644
46645
46646
46647
46648
46649
46650
46664
46665
46666
46667
46668
46669
46670
46671
46672
46673
46674
46675
46676
46677
46678
46679
46680
46681
46682
46683
46684
46685
46686
46687
46688
46689
46690
46691
46692
46693
46694
46695
46697
46698
46700
46701
46702
46704
46705
46706
46707
46708
46710
46711
46713
46718
46720
46721
46722
46723
46724
46726
46727
46729
46730
46731
46732
46733
46737
46738
46740
46741
46742
46743
46744
46745
46746
46747
46748
46749
46750
46751
46752
46753
46754
46755
46756
46757
46758
46759
46760
46761
46762
46763
46766
46767
46768
46773
46774
46776
46777
46778
46780
46781
46782
46786
46787
46788
46789
46790
46791
46792
46793
46794
46795
46796
46802
46803
46805
46806
46811
46812
46813
46814
46815
46816
46817
46818
46819
46820
46821
46822
46823
46824
46825
46826
46827
46828
46829
46830
46831
46832
46840
46842
46847
46852
46856
46861
46866
46867
46868
46869
46870
46871
46872
46873
46874
46875
46876
46877
46878
46879
46880
46881
46882
46883
46884
46885
46886
46887
46891
46896
46900
46901
46902
46903
46904
46905
46906
46907
46908
46909
46910
46911
46912
46913
46914
46915
46916
46917
46918
46919
46920
46921
46922
46923
46924
46925
46926
46927
46928
46929
46930
46931
46932
46933
46934
46935
46936
46937
46938
46939
46940
46941
46942
46943
46944
46945
46946
46947
46948
46949
46950
46951
46952
46953
46954
46955
46956
46957
46958
46959
46960
46961
46962
46963
46964
46965
46966
46967
46968
46969
46970
46971
46972
46994
46999
47001
47005
47009
47010
47014
47018
47020
47024
47027
47028
47029
47030
47031
47032
47033
47034
47035
47036
47037
47038
47039
47040
47060
47061
47062
47063
47064
47065
47066
47067
47068
47069
47070
47071
47072
47073
47074
47075
47076
47077
47078
47079
47080
47081
47082
47083
47084
47085
47086
47087
47088
47089
47090
47091
47092
47093
47094
47095
47096
47097
47098
47099
47100
47102
47103
47104
47105
47106
47107
47111
47112
47113
47114
47115
47116
47120
47121
47122
47123
47124
47125
47126
47127
47128
47129
47130
47131
47132
47133
47134
47135
47136
47137
47138
47149
47150
47151
47152
47153
47154
47155
47156
47157
47158
47159
47160
47161
47162
47163
47164
47167
47168
47169
47170
47171
47172
47174
47175
47176
47178
47179
47180
47181
47182
47183
47184
47185
47186
47187
47188
47190
47191
47192
47193
47198
47199
47200
47201
47202
47203
47204
47205
47206
47211
47212
47213
47214
47215
47216
47217
47218
47219
47220
47221
47222
47223
47224
47225
47226
47227
47228
47238
47239
47240
47241
47242
47244
47245
47246
47248
47249
47250
47251
47252
47253
47254
47256
47257
47258
47259
47260
47261
47262
47263
47264
47269
47270
47271
47272
47273
47274
47275
47276
47282
47283
47284
47285
47286
47287
47288
47289
47293
47294
47295
47296
47297
47298
47299
47300
47301
47302
47303
47304
47305
47306
47307
47308
47309
47310
47311
47312
47313
47314
47324
47325
47326
47327
47328
47329
47330
47331
47332
47333
47334
47335
47336
47337
47338
47339
47340
47341
47342
47343
47344
47353
47354
47355
47356
47357
47358
47359
47360
47361
47362
47363
47364
47365
47366
47367
47368
47369
47370
47371
47372
47373
47374
47375
47376
47377
47378
47379
47380
47381
47382
47383
47384
47385
47386
47387
47388
47389
47390
47391
47392
47393
47394
47395
47396
47397
47398
47399
47400
47401
47402
47403
47404
47451
47452
47453
47454
47455
47456
47457
47458
47480
47481
47482
47483
47484
47485
47486
47487
47500
47501
47502
47503
47504
47505
47506
47507
47508
47509
47510
47511
47512
47513
47514
47515
47516
47517
47518
47519
47520
47521
47522
47523
47524
47525
47526
47527
47528
47529
47530
47531
47532
47537
47538
47539
47540
47541
47542
47543
47544
47545
47546
47547
47548
47549
47550
47551
47552
47553
47554
47555
47556
47557
47558
47559
47560
47561
47603
47604
47605
47606
47657
47658
47659
47660
47662
47663
47664
47665
47666
47667
47668
47695
47696
47703
47704
47705
47706
47707
47709
47710
47711
47712
47713
47714
47715
47716
47717
47718
47719
47720
47721
47727
47728
47729
47730
47731
47732
47733
47734
47735
47736
47741
47742
47743
47744
47745
47746
47747
47748
47749
47750
47773
47774
47775
47776
47777
47778
47779
47780
47781
47782
47783
47784
47785
47786
47787
47788
47789
47790
47791
47792
47793
47794
47795
47796
47797
47798
47799
47800
47811
47812
47813
47814
47818
47819
47820
47821
47822
47823
47824
47838
47839
47840
47841
47842
47862
47863
47864
47865
47866
47867
47874
47875
47876
47877
47878
47879
47880
47885
47886
47887
47888
47889
47890
47891
47892
47893
47894
47895
47896
47897
47898
47899
47900
47901
47902
47903
47904
47905
47906
47907
47908
47909
47910
47911
47912
47913
47914
47915
47916
47917
47918
47919
47920
47921
47922
47923
47924
47925
47926
47927
47928
47929
47930
47931
47932
47933
47934
47935
47936
47937
47938
47939
47940
47941
47942
47943
47944
47945
47946
47947
47948
47949
47950
47951
47957
47958
47960
47961
47962
47963
47964
47974
47975
47976
47977
47981
47982
47983
47984
47985
47986
47987
47988
47989
47990
47991
47992
47993
47994
47995
47996
47997
47998
47999
48000
48001
48002
48003
48004
48005
48010
48011
48012
48013
48014
48048
48049
48052
48053
48054
48055
48067
48095
48096
48097
48098
48099
48100
48101
48102
48103
48104
48105
48106
48107
48108
48109
48110
48111
48112
48113
48114
48115
48116
48117
48118
48119
48120
48121
48122
48123
48158
48159
48160
48161
48162
48163
48164
48165
48166
48167
48168
48169
48170
48171
48172
48173
48174
48175
48176
48177
48178
48179
48180
48181
48182
48183
48184
48185
48186
48187
48188
48189
48190
48191
48192
48193
48194
48195
48196
48197
48198
48199
48200
48201
48202
48203
48204
48205
48206
48207
48208
48209
48210
48211
48212
48276
48277
48278
48279
48280
48281
48282
48283
48284
48285
48286
48287
48288
48289
48290
48291
48292
48293
48294
48295
48296
48297
48298
48299
48300
48327
48328
48329
48330
48331
48332
48333
48334
48335
48336
48337
48338
48339
48340
48341
48342
48343
48344
48345
48346
48347
48348
48349
48350
48351
48352
48353
48354
48355
48356
48357
48358
48359
48360
48361
48362
48363
48364
48365
48366
48367
48368
48369
48370
48371
48372
48373
48374
48375
48376
48377
48378
48379
48380
48381
48382
48383
48384
48385
48386
48387
48388
48389
48390
48391
48392
48393
48394
48395
48403
48404
48405
48406
48407
48408
48409
48410
48411
48412
48413
48414
48415
48416
48417
48418
48419
48420
48421
48422
48423
48424
48425
48426
48427
48428
48429
48430
48431
48432
48433
48434
48435
48436
48437
48438
48459
48460
48463
48464
48465
48466
48481
48482
48483
48484
48485
48486
48487
48488
48489
48490
48491
48492
48494
48496
48499
48500
48504
48509
48510
48520
48523
48524
48525
48526
48538
48539
48540
48541
48542
48543
48544
48545
48546
48547
48548
48549
48550
48551
48552
48553
48554
48555
48556
48557
48558
48559
48566
48567
48568
48569
48570
48571
48572
48581
48582
48583
48584
48585
48586
48587
48588
48589
48590
48591
48592
48632
48633
48634
48635
48636
48637
48638
48639
48640
48641
48642
48643
48644
48645
48646
48647
48648
48649
48650
48651
48652
48653
48654
48655
48656
48657
48658
48659
48660
48661
48662
48663
48664
48665
48666
48667
48668
48669
48670
48671
48672
48673
48674
48675
48676
48677
48678
48679
48680
48681
48682
48683
48684
48685
48686
48687
48688
48689
48690
48691
48692
48693
48694
48696
48697
48698
48699
48700
48701
48749
48750
48751
49184
49185
49187
49193
49194
49195
49196
49199
49200
49201
49206
49209
49210
49211
49214
49218
49225
49229
49230
49236
49240
49241
49242
49243
49244
49245
49247
49248
49250
49251
49252
49254
49255
49256
49258
49259
49260
49262
49280
49282
49284
49285
49286
49287
49288
49289
49293
49294
49301
49302
49304
49307
49308
49309
49315
49316
49321
49322
49323
49324
49325
49326
49327
49328
49329
49330
49331
49337
49343
49347
49348
49349
49350
49351
49352
49368
49369
49378
49379
49380
49381
49388
49392
49393
49394
49395
49396
49397
49398
49399
49400
49418
49419
49420
49421
49422
49423
49425
49426
49427
49428
49429
49430
49431
49432
49434
49435
49436
49437
49438
49439
49440
49441
49442
49444
49445
49446
49449
49450
49451
49452
49453
49454
49456
49457
49458
49460
49461
49463
49464
49465
49468
49470
49476
49477
49478
49479
49480
49481
49482
49483
49484
49485
49486
49509
49510
49511
49512
49513
49514
49517
49518
49519
49520
49521
49522
49523
49525
49527
49528
49533
49534
49535
49536
49537
49539
49540
49541
49542
49543
49545
49546
49552
49554
49559
49561
49563
49568
49569
49571
49572
49574
49579
49580
49581
49582
49583
49584
49585
49586
49587
49588
49589
49590
49591
49592
49593
49594
49595
49596
49597
49601
49606
49612
49616
49621
49625
49626
49627
49628
49638
49639
49640
49641
49642
49643
49644
49645
49646
49647
49648
49649
49650
49651
49652
49653
49654
49655
49656
49657
49658
49659
49660
49661
49662
49663
49664
49665
49666
49667
49668
49669
49670
49671
49672
49673
49674
49675
49676
49677
49716
49717
49718
49719
49721
49722
49723
49724
49725
49726
49727
49730
49731
49732
49733
49734
49735
49736
49741
49742
49743
49744
49745
49746
49747
49748
49749
49750
49751
49752
49753
49754
49755
49756
49757
49758
49759
49760
49761
49768
49769
49770
49771
49772
49773
49774
49775
49776
49777
49778
49779
49780
49781
49783
49784
49785
49786
49787
49788
49790
49791
49792
49793
49795
49796
49797
49798
49799
49800
49801
49802
49803
49806
49807
49808
49809
49810
49811
49812
49813
49814
49819
49820
49821
49822
49823
49824
49825
49826
49827
49828
49829
49830
49831
49832
49833
49834
49835
49836
49837
49838
49839
49840
49841
49842
49843
49844
49845
49854
49855
49856
49857
49858
49859
49860
49861
49862
49864
49865
49866
49867
49868
49869
49870
49872
49873
49874
49875
49876
49877
49878
49879
49880
49881
49882
49883
49884
49886
49887
49889
49890
49891
49893
49894
49895
49896
49897
49898
49899
49900
49904
49905
49906
49907
49908
49909
49910
49911
49912
49913
49914
49915
49916
49917
49918
49919
49920
49921
49922
49923
49924
49925
49926
49927
49928
49929
49930
49931
49939
49940
49941
49942
49943
49944
49945
49946
49947
49948
49949
49950
49951
49952
49953
49954
49955
49956
49957
49958
49959
49960
49961
49971
49972
49973
49974
49975
49976
49977
49978
49979
49980
49981
49982
49983
49984
49985
49986
49987
49988
49989
49990
49991
49992
49993
49994
49995
49996
49997
49998
49999
50000
50001
50002
50003
50004
50005
50006
50007
50008
50009
50010
50011
50012
50013
50014
50015
50016
50017
50018
50019
50020
50021
50022
50044
50045
50046
50047
50068
50069
50070
50071
50072
50073
50074
50075
50076
50077
50078
50084
50085
50086
50087
50088
50089
50090
50091
50092
50093
50094
50095
50096
50097
50098
50099
50100
50101
50102
50103
50104
50105
50106
50107
50108
50109
50110
50111
50142
50143
50144
50145
50146
50147
50170
50171
50172
50173
50174
50187
50189
50190
50191
50192
50193
50194
50195
50196
50197
50204
50205
50206
50207
50208
50209
50210
50219
50220
50221
50235
50240
50241
50242
50243
50244
50245
50246
50247
50248
50249
50250
50251
50252
50262
50263
50264
50265
50266
50267
50268
50269
50270
50271
50272
50273
50274
50275
50278
50279
50281
50282
50283
50284
50285
50286
50287
50291
50292
50293
50294
50298
50299
50300
50305
50306
50307
50308
50309
50310
50311
50312
50313
50314
50315
50316
50317
50318
50319
50320
50321
50322
50323
50324
50325
50329
50330
50331
50332
50333
50334
50335
50336
50337
50338
50339
50340
50341
50342
50343
50344
50345
50352
50353
50354
50355
50368
50369
50397
50398
50399
50400
50401
50402
50403
50404
50405
50406
50407
50408
50409
50410
50411
50412
50413
50414
50415
50416
50417
50418
50419
50420
50421
50422
50423
50424
50425
50426
50427
50428
50429
50430
50431
50432
50433
50434
50435
50436
50437
50438
50439
50440
50441
50442
50443
50444
50445
50505
50506
50507
50508
50509
50510
50511
50512
50513
50514
50515
50516
50517
50518
50519
50520
50521
50522
50523
50524
50525
50526
50534
50535
50536
50537
50538
50539
50540
50541
50542
50543
50544
50545
50546
50547
50548
50549
50550
50551
50552
50553
50554
50555
50556
50557
50558
50559
50560
50561
50562
50563
50564
50565
50566
50567
50568
50569
50570
50571
50572
50573
50574
50575
50576
50577
50594
50595
50596
50597
50598
50599
50602
50608
50612
50613
50614
50615
50616
50617
50618
50619
50637
50638
50639
50640
50641
50642
50643
50644
50645
50646
50647
50648
50649
50650
50651
50652
50653
50732
50733
50736
50739
50748
50751
50760
50763
50766
50769
50771
50772
50777
50778
50781
50782
50783
50786
50788
50793
50798
50799
50815
50816
50825
50827
50837
50838
50840
50843
50845
50849
50850
50854
50855
50857
50858
50862
50866
50867
70050
70051
70052
70053
70054
70055
70056
70057
70058
70059
70060
70061
70108
70109
70110
70111
70112
70113
70114
70115
70116
70117
70118
70119
70120
70121
70164
70165
70166
70167
70168
70169
70170
70171
70172
70173
70174
70175
70176
70213
70214
70215
70216
70217
70218
70219
70220
70221
70249
70250
70420
70421
70422
70423
70424
70426
70429
70435
70438
70439
70443
70446
70447
70450
70451
70454
70455
70457
70458
70459
70463
70465
70467
70468
70469
70470
70471
70472
70474
70476
70477
70480
70481
70482
70483
70484
70485
70486
70492
70493
70494
70495
70496
70500
70501
70504
70505
70508
70512
70513
70514
70515
70521
70522
70523
70527
70528
70529
70530
70538
70539
70540
70541
70545
70546
70548
70549
70554
70557
70566
70567
70568
70569
70570
70614
70619
70625
70656
70658
70774
70775
70809
70819
70849
70850
70876
70882
70883
70911
70957
71447
71448
71449
71450
71459
71460
71461
71462
71463
71464
71465
71466
71467
71468
71470
71471
71472
71473
71474
71475
71476
71477
71478
71479
71660
71664
71684
71685
71693
71706
71714
71720
71724
71727
71728
71730
71751
71754
71755
71758
71759
71763
71773
71774
71775
71776
71777
71785
71798
71799
71847
71848
71865
71866
71867
71882
71894
71895
71917
71918
71934
71935
71936
71937
71962
71968
71977
72013
72014
72015
72167
72192
72200
72201
72218
72219
72220
72236
72245
72254
72255
72256
72375
72376
72377
72378
72404
72405
72416
72430
72431
72437
72476
72536
72543
72544
72783
72787
72801
72802
72803
72811
72855
72856
72884
72886
72887
72888
72892
72928
72947
72948
72949
72950
72952
72953
72987
72989
72990
72996
73051
73052
73053
73054
73062
73063
73064
73065
73073
73087
73088
73099
73150
73151
73152
73153
73154
73155
73182
73236
73238
73251
73293
73308
73310
73379
73380
73381
73386
73387
73428
79386
79410
79411
79412
79413
79414
79432
79434
79435
79436
79437
79438
79454
79456
79457
79458
79459
79460
79473
79475
79476
79477
79478
79487
79499
79500
79501
79502
79519
79520
79521
79522
79523
79524
79546
79547
79548
79549
79550
79551
79576
79579
79596
79600
79602
79622
79623
79626
79627
79634
79635
79637
79652
79653
79656
79657
79688
79689
79690
79694
79704
79706
79707
79709
79713
79819
79865
79866
79867
79868
79869
79870
79872
79883
79884
79885
79887
79891
79892
79901
79903
79904
79933
79934
79954
79955
79956
79957
79965
79966
79967
80002
80003
80006
80010
80135
80137
80140
80144
80148
80152
80178
80181
80182
80197
80203
80206
80208
80212
80213
80239
80246
80248
80249
80255
80257
80258
80261
80271
80272
80278
80279
80282
80294
80297
80318
80321
80322
80351
80352
80355
80359
80394
80395
80396
80397
80398
80399
80406
80407
80408
80412
80414
80416
80417
80420
80425
80426
80431
80432
80433
80446
80479
80480
80481
80482
80483
80484
80485
80486
80496
80497
80498
80499
80500
80501
80502
80503
80504
80505
80506
80507
80509
80510
80511
80528
80529
80530
80532
80549
80550
80551
80552
80553
80554
80555
80556
80558
80559
80595
80596
80599
80603
80604
80606
80607
80624
80625
80626
80628
80629
80643
80644
80645
80649
80650
80651
80671
80673
80675
80679
80680
80681
80733
80734
80735
80736
80737
80738
80739
80740
80741
80742
80743
80744
80745
80764
80770
80771
80772
80773
80774
80783
80784
80785
80786
80787
80788
80792
80796
80848
80877
80883
80884
80885
80886
80887
80888
80889
80890
80891
80892
80893
80894
80895
80896
80907
80908
80909
80911
80915
80916
80917
80918
80919
80920
80924
80925
80926
80927
80934
80935
80936
80937
80951
80952
80955
80956
81337
81344
81350
81352
81356
81359
81363
81369
81374
81375
81385
81386
81387
81391
81392
81393
81454
81463
81470
81471
81472
81478
81479
81480
81482
81483
81484
81499
81513
81514
81515
81516
81535
81546
81547
81548
81551
81553
81583
81587
81590
81607
81609
81612
81615
81619
81622
81625
81692
81694
81705
81706
81707
81711
81712
81713
81714
81715
81716
81717
81786
81794
81808
81809
81817
81818
81819
81820
81836
81837
81838
81839
81840
81849
81851
81855
81861
81863
81864
81869
81870
81871
81876
81877
81878
81886
81887
81888
81965
81966
81967
81972
81973
81974
81975
81984
81985
81986
81987
81988
81989
81990
81991
81992
81993
82027
82028
82029
82030
82031
82032
82038
82039
82040
82041
82042
82043
82044
82045
82046
95180
95184
95187
95190
95192
95318
95319
95321
95323
95325
95326
95328
95344
95348
95351
95354
95363
95365
95369
95372
95383
95384
95385
95391
95393
95395
95397
95400
95404
95408
95410
95413
95462
95464
95467
95470
95472
95474
95475
95476
95479
95480
95481
95483
95485
95487
95488
95489
95490
95492
95494
95495
95496
95498
95568
95570
95571
95573
95574
95579
95581
95583
95584
95586
95587
95588
95591
95597
95600
95602
95605
95606
95608
95609
95611
95613
95618
95619
95622
95624
95626
95627
95629
95631
95636
95639
95643
95645
95647
95659
95660
95671
95673
95676
95684
95688
95689
95692
95696
95697
95698
95703
95709
95713
95723
95727
95729
95733
95734
95735
95736
95738
95740
95830
95832
95836
95841
95851
95852
95853
95856
95861
95863
95865
95869
95871
95875
95882
95884
95887
95890
95898
95906
95909
95912
95914
95919
95920
95921
95922
95923
95937
95939
95943
95945
95951
95955
95958
95961
95963
95964
95965
95966
95967
96268
96282
96284
96286
96305
96314
96439
96441
96448
96457
96464
96468
96474
96475
96477
96478
96501
96514
96528
96534
96536
96552
96570
96595
96674
96686
96700
96701
96702
96703
96704
96706
96708
96710
96712
96731
96735
96738
96740
96742
96744
96748
96749
96750
96759
96761
96763
96765
96767
96768
96775
96779
96781
96784
96796
96797
96815
96816
96818
96819
96820
96821
96822
96828
96830
96832
96833
96834
96836
96837
96845
96850
96852
96856
96861
96867
96883
96887
96897
96899
96900
96931
96932
96933
96934
96935
96937
96944
96945
96946
96947
96948
96949
96965
96966
96967
96968
96969
96970
96971
96973
96976
96977
96978
96979
96983
96984
96985
96986
96987
96988
96989
96990
96991
96992
96993
96994
96995
96996
96999
97003
97011
97018
97019
97021
97022
97023
97024
97046
97047
97048
97049
97050
97051
97052
97053
97054
97055
97057
97058
97059
97060
97061
97062
97063
97065
97066
97067
97068
97069
97071
97072
97073
97074
97099
97100
97101
97102
97103
97104
97105
97106
97107
97108
97109
97110
97111
97118
97122
97124
97126
97133
97135
97136
97138
97140
97141
97143
97144
97145
97146
97149
97150
97152
97154
97156
97160
97166
97172
97174
97180
97181
97182
97183
97184
97196
97198
97200
97202
97203
97206
97210
97212
97218
97223
97228
97229
97256
97259
97263
97265
97268
97269
97270
97272
97275
97276
97278
97280
97281
97510
97521
97564
97565
98318
98334
98345
98348
98349
98350
98351
98353
98355
98356
98357
98359
98364
98386
98387
98405
98433
98492
98519
98558
98559
98561
98562
98563
98565
98567
98569
98572
98574
98575
98577
98579
98580
98582
98583
98735
98755
98758
98759
98783
98785
98787
98792
98810
98812
98813
98814
98819
98825
98827
98828
98829
98830
98832
98833
98835
98836
98838
98841
98868
98871
98872
98881
98884
98888
98891
98894
98897
98898
98900
98903
98906
98931
98932
98937
98938
98948
98949
98969
98971
98977
98979
98980
98985
98992
98997
98998
99000
99001
99002
99004
99006
99008
99010
99020
99022
99024
99025
99026
99029
99031
99035
99041
99046
99049
99052
99053
99054
99068
99069
99070
99071
99072
99074
99076
99077
99079
99080
99084
99086
99088
99090
99104
99106
99107
99108
99109
99110
99111
99112
99114
99116
99117
99118
99122
99129
99133
99134
99135
99139
99143
99145
99146
99149
99152
99154
99155
99156
99157
99158
99159
99160
99161
99163
99164
99166
99168
99169
99170
99174
99196
99197
99199
99200
99201
99203
99204
99206
99207
99208
99211
99212
99213
99214
99220
99222
99223
99226
99227
99229
99232
99234
99237
99240
99250
99253
99256
99260
99275
99276
99277
99278
99279
99280
99281
99283
99284
99285
99286
99287
99288
99289
99292
99293
99295
99296
99297
99298
99301
99303
99304
99305
99308
99310
99311
99323
99332
99333
99335
99336
99337
99338
99339
99341
99343
99344
99346
99347
99348
99349
99350
99351
99352
99353
99354
99356
99360
99362
99363
99365
99366
99374
99375
99376
99377
99378
99379
99380
99381
99382
99383
99384
99385
99386
99387
99388
99390
99391
99392
99393
99394
99395
99396
99397
99398
99399
99400
99401
99402
99403
99404
99405
99422
99426
99427
99428
99429
99430
99431
99432
99433
99434
99435
99436
99438
99440
99443
99445
99447
99451
99459
99460
99461
99462
99463
99464
99465
99479
99483
99513
99515
99518
99521
99523
99527
99533
99536
99538
99539
99544
99556
99569
99583
99588
99591
99597
99599
99600
99622
99623
99627
99631
99633
99993
99995
99997
99998
100004
100006
100008
100010
100017
100021
100026
100037
100040
100051
100052
100054
100057
100095
100097
100116
100118
100119
100133
100180
100183
100197
100198
100200
100203
100207
100208
100214
100244
100248
100255
100258
100283
100329
100386
100390
100398
100399
100401
100409
100670
100681
100685
100686
100687
100690
100694
100696
100702
100706
102896
102897
102898
102899
102900
102901
102902
102903
102904
102905
102906
102907
102908
102909
102910
102911
102913
102919
102920
102925
102926
102929
102930
102931
102946
102948
102956
102961
102963
102964
102966
102969
102971
102974
102979
102981
102983
102984
102985
102986
102987
102993
103014
103028
103037
103040
103041
103042
103043
103053
103054
103056
103057
103058
103061
103064
103065
103067
103068
103071
103072
103075
103083
103084
103085
103087
103088
103090
103091
103093
103094
103095
103096
103098
103106
103108
103109
103111
103112
103113
103114
103117
103118
103119
103120
103121
103122
103125
103126
103129
103130
103133
103136
103137
103142
103144
103146
103148
103150
103151
103154
103156
)


// ************************************************************************* //
