/*--------------------------------*- C++ -*----------------------------------*\
  =========                 |
  \\      /  F ield         | OpenFOAM: The Open Source CFD Toolbox
   \\    /   O peration     | Website:  https://openfoam.org
    \\  /    A nd           | Version:  12
     \\/     M anipulation  |
\*---------------------------------------------------------------------------*/
FoamFile
{
    format      ascii;
    class       labelList;
    location    "constant/polyMesh";
    object      pointProcAddressing;
}
// * * * * * * * * * * * * * * * * * * * * * * * * * * * * * * * * * * * * * //


13664
(
3325
3326
3327
3328
3329
3330
3331
3332
3333
3334
3335
3336
3337
3338
3339
3340
3341
3342
3343
3344
3345
3346
3347
3348
3349
3350
3351
3352
3353
3354
3355
3356
3357
3358
3359
3360
3361
3362
3363
3364
3365
3366
3367
3368
3369
3370
3371
3372
3373
3374
3375
3376
3377
3378
3379
3380
3381
3382
3383
3384
3385
3386
3387
3388
3389
3390
3391
3392
3393
3394
3395
3396
3397
3398
3399
3400
3401
3402
3403
3404
3405
3406
3407
3408
3409
3410
3411
3412
3413
3460
3461
3462
3463
3464
3465
3466
3467
3468
3469
3470
3471
3472
3473
3474
3475
3476
3477
3478
3479
3480
3493
3519
3520
3521
3522
3523
3524
3525
3526
3527
3562
3563
3564
3570
3571
3572
3573
3574
3575
3576
3577
3578
3579
3580
3581
3582
3583
3584
3585
3586
3587
3588
3589
3590
3591
3592
3593
3594
3595
3596
3597
3598
3599
3600
3601
3602
3603
3604
3605
3606
3607
3608
3609
3610
3611
3612
3613
3614
3615
3616
3617
3621
3623
3624
3625
3626
3627
3628
3629
3630
3631
3632
3633
3634
3635
3636
3637
3638
3639
3640
3641
3642
3643
3644
3645
3646
3647
3648
3649
3650
3658
3659
3660
3661
3672
3674
3675
3676
3677
3678
3679
3680
3681
3682
3683
3684
3685
3686
3687
3697
3698
3700
3717
3719
3720
3721
3722
3723
3724
3725
3726
3727
3728
3729
3730
3776
3777
3778
3779
3780
3782
3783
3784
3785
3786
3787
3788
3789
3790
3791
3792
3793
3794
3795
3796
3797
3798
3799
3800
3801
3802
3803
3804
3805
3806
3807
3808
3809
3810
3860
3885
3887
3888
3889
3890
3891
3892
3893
3894
3895
3896
3897
3898
3929
3931
3932
3933
3934
3935
3936
3937
3938
3939
3940
3941
3942
3943
3944
3945
3946
3947
3948
3949
3950
3951
4011
4013
4014
4015
4016
4017
4018
4019
4020
4021
4022
4023
4024
4025
4051
4052
4053
4054
4055
4056
4057
4058
4059
4060
4061
4062
4063
4064
4065
4066
4067
4068
4089
4091
4092
4093
4094
4095
4096
4097
4098
4099
4100
4101
4102
4103
4104
4105
4106
4107
4108
4109
4110
4111
4112
4113
4114
4115
4116
4117
4118
4132
4134
4135
4136
4137
4138
4139
4140
4141
4142
4143
4144
4152
4153
4154
4155
4247
4249
4251
4508
4509
4510
4511
4512
4513
4514
4515
4516
4517
4518
4519
4520
4521
4522
4523
4524
4525
4526
4527
4528
4529
4530
4531
4532
4533
4534
4535
4536
4537
4538
4539
4540
4541
4542
4543
4544
4545
4546
4547
4548
4549
4550
4551
4552
4553
4554
4555
4556
4557
4558
4559
4560
4561
4562
4563
4564
4565
4566
4567
4568
4569
4570
4571
4572
4573
4574
4575
4576
4577
4578
4579
4580
4581
4582
4583
4584
4585
4586
4587
4588
4589
4590
4591
4592
4593
4594
4643
4644
4645
4646
4647
4648
4649
4650
4651
4652
4653
4654
4655
4656
4657
4658
4659
4660
4661
4662
4663
4664
4665
4666
4677
4679
4680
4681
4682
4683
4684
4685
4686
4687
4688
4716
4717
4718
4719
4720
4721
4740
4742
4743
4771
4772
4773
4774
4775
4776
4777
4778
4779
4780
4781
4782
4783
4784
4785
4786
4787
4804
4805
4806
4807
4808
4809
4810
4811
4812
4813
4814
4815
4816
4817
4818
4819
4820
4821
4822
4823
4824
4825
4826
4827
4828
4829
4830
4831
4832
4833
4834
4835
4836
4837
4838
4839
4840
4841
4842
4844
4851
4852
4853
4854
4855
4856
4857
4858
4859
4860
4861
4862
4863
4864
4865
4866
4867
4868
4869
4870
4871
4872
4874
4875
4876
4877
4878
4879
4880
4881
4882
4883
4884
4885
4886
4887
4888
4889
4890
4891
4892
4893
4894
4895
4896
4897
4898
4899
4900
4901
4902
4903
4904
4905
4906
4907
4908
4909
4910
4911
4912
4913
4914
4915
4916
4917
4918
4919
4920
4921
4922
4923
4924
4925
4926
4927
4928
4929
4930
4931
4932
4933
4934
4935
4989
4990
4991
4992
4993
4994
4995
4996
4997
4998
4999
5000
5001
5002
5003
5004
5005
5006
5007
5008
5009
5010
5011
5012
5013
5014
5015
5016
5017
5018
5019
5020
5061
5062
5063
5064
5065
5066
5154
5155
5156
5421
5422
5423
5424
5425
5426
5427
5440
5441
5442
5443
5444
5445
5446
5450
5451
5452
5453
5454
5455
5456
5457
5458
5459
5460
5461
5462
5464
5465
5466
5467
5468
5469
5470
5471
5472
5557
5558
5559
5560
5561
5562
5563
5564
5565
6311
6315
6318
6319
6320
6321
6322
6323
6324
6325
6334
6335
6336
6337
6338
6339
6340
6341
6342
6343
6344
6356
6357
6358
6359
6398
6399
6400
6401
6402
6403
6404
6405
6406
6407
6408
6409
6410
6411
6412
6413
6414
6466
6467
6468
6469
6470
6472
6475
6476
6477
6478
6479
6480
6481
6482
6483
6531
6532
6533
6534
6535
6536
6539
6540
6541
6542
6543
6574
6575
6576
6577
6578
6579
6677
6678
6679
6680
6681
6682
6683
6684
6685
6686
6687
6688
6689
6690
6691
6692
6693
6694
6695
6696
6697
6698
6699
6700
6701
6702
6703
6704
6705
6706
6707
6708
6709
6710
6796
6797
6798
6799
6800
6801
6802
6803
6804
6805
6806
6807
6808
6809
6810
6811
6812
6813
6814
6815
6816
6817
6818
6819
6820
6821
6822
6823
6824
6825
6826
6827
6907
6908
6909
6910
6911
6912
6913
6914
6915
6916
6917
6918
6919
6920
6921
6922
6923
6924
6925
6926
6927
6928
6929
6930
6931
6932
6933
6934
7010
7011
7012
7013
7014
7015
7016
7017
7018
7019
7020
7021
7022
7023
7024
7025
7026
7027
7028
7029
7030
7031
7032
7033
7034
7035
7067
7068
7069
7070
7071
7072
7073
7074
7075
7076
7077
7078
7079
7080
7081
7082
7083
7084
7085
7086
7087
7088
7089
7090
7091
7092
7093
7094
7095
7096
7097
7098
7099
7100
7107
7108
7109
7110
7111
7112
7113
7114
7115
7116
7117
7118
7133
7134
7135
7136
7137
7138
7139
7140
7141
7142
7143
7144
7145
7146
7148
7163
7164
7165
7166
7167
7168
7169
7170
7171
7172
7173
7174
7176
7184
7185
7186
7187
7188
8369
8370
8371
8372
8373
8374
8375
8376
8416
8417
8418
8419
8420
8421
8422
8423
8459
8460
8461
8462
8463
8464
8465
8466
8467
8468
8487
8488
8489
8490
8491
8492
8493
8494
8495
8496
8497
8498
8499
8500
8501
8502
8503
8504
8505
8506
8598
8599
8600
8601
8602
8603
8604
8605
8606
8607
8608
8609
8610
8624
8625
8626
8627
8628
8629
8630
8631
8632
8633
8634
8635
8636
8650
8651
8652
8653
8654
8655
8656
8657
8658
8659
8660
8661
8662
8676
8677
8678
8679
8680
8681
8682
8683
8684
8685
8686
8687
8688
8689
8690
8691
8692
8693
8694
8695
8696
8697
8698
8699
8700
8701
8706
8707
8708
8709
8710
8714
8715
8716
8717
8718
8721
8722
8724
8726
8727
8729
8730
8732
8733
8737
8740
8744
8746
8747
8748
8749
8750
8751
8752
8753
8754
8755
8756
8757
8762
8763
8764
8765
8766
8771
8772
8773
8774
8775
8779
8780
8782
8785
8786
8789
8790
8792
8797
8798
8799
8800
8801
8805
8806
8812
8813
8814
8815
8816
8818
8819
8820
8821
8822
8882
8883
8885
8887
8888
8890
8891
8893
8894
8896
8897
8899
8900
8903
8905
8907
8908
8910
8911
8918
8919
8920
8921
8922
8923
8924
8926
8927
8928
8929
8931
8936
8938
8940
8941
8942
8949
8950
8951
8952
8953
8954
8955
8957
8960
8962
8963
8964
8968
8969
8970
8972
8973
8976
8977
8978
8980
8985
8986
8987
8988
8994
8995
8996
8997
8998
9000
9001
9002
9010
9011
9015
9020
9022
9027
9028
9029
9030
9031
9032
9033
9034
9035
9036
9037
9038
9039
9040
9042
9043
9045
9049
9050
9051
9059
9060
9062
9063
9065
9070
9071
9072
9073
9077
9089
9090
9107
9108
9109
9110
9111
9112
9113
9114
9115
9116
9117
9119
9120
9121
9122
9123
9125
9126
9128
9129
9130
9131
9132
9133
9135
9136
9143
9144
9146
9147
9148
9149
9150
9151
9153
9154
9156
9157
9158
9160
9161
9162
9164
9165
9166
9167
9169
9170
9173
9174
9176
9177
9178
9181
9184
9185
9186
9187
9188
9189
9195
9196
9197
9198
9199
9200
9204
9205
9214
9215
9242
9243
9244
9245
9246
9247
9248
9249
9250
9251
9252
9253
9254
9255
9256
9257
9258
9259
9261
9262
9263
9264
9265
9266
9267
9268
9270
9271
9273
9275
9276
9280
9282
9283
9284
9285
9286
9288
9289
9290
9292
9293
9298
9299
9300
9301
9302
9315
9316
9317
9319
9323
9324
9325
9330
9331
9332
9333
9334
9336
9337
9339
9340
9341
9351
9352
9353
9354
9355
9356
9357
9359
9360
9365
9366
9367
9368
9369
9370
9371
9375
9377
9378
9381
9383
9384
9389
9390
9391
9392
9394
9395
9396
9402
9403
9404
9406
9407
9408
9409
9410
9411
9412
9413
9419
9420
9421
9422
9423
9424
9425
9426
9427
9431
9432
9433
9434
9435
9436
9442
9447
9452
9453
9454
9455
9456
9457
9458
9459
9460
9461
9462
9465
9477
9482
9490
9494
9495
9496
9497
9498
9499
9500
9503
9505
9506
9507
9508
9509
9510
9511
9512
9516
9517
9518
9519
9525
9530
9532
9535
9536
9537
9538
9539
9540
9541
9542
9543
9544
9545
9546
9547
9554
9557
9559
9560
9561
9563
9586
9589
9591
9592
9593
9594
9595
9599
9604
9606
9610
9615
9617
9621
9625
9626
9629
9637
9639
9643
9646
9647
9648
9649
9650
9651
9652
9653
9654
9655
9656
9657
9658
9659
9660
9661
9662
9663
9664
9665
9666
9667
9668
9669
9670
9671
9672
9673
9674
9676
9677
9678
9679
9680
9681
9682
9683
9684
9685
9687
9689
9693
9703
9704
9705
9709
9717
9719
9722
9747
9749
9754
9755
9756
9757
9759
9761
9762
9775
9778
9779
9780
9782
9783
9784
9790
9791
9792
9793
9798
9809
9810
9811
9812
9813
9815
9818
9856
9857
9859
9864
9865
9866
9867
9885
9886
9887
9888
9895
9896
9898
9899
9900
9901
9902
9915
9917
9930
9931
9932
9934
9935
9936
9937
9938
9943
9944
9945
9958
9959
9960
9961
9996
9997
9998
9999
10000
10001
10002
10003
10004
10005
10006
10007
10008
10019
10020
10021
10042
10044
10045
10046
10047
10048
10050
10053
10054
10055
10057
10061
10063
10122
10123
10129
10130
10131
10132
10133
10134
10141
10142
10143
10144
10145
10169
10170
10171
10172
10173
10174
10175
10176
10177
10178
10179
10180
10181
10182
10183
10184
10188
10189
10190
10191
10192
10195
10196
10197
10198
10203
10204
10216
10218
10255
10263
10264
10265
10266
10267
10268
10274
10275
10276
10277
10278
10284
10285
10286
10287
10288
10294
10295
10296
10297
10298
10299
10300
10302
10309
10310
10311
10312
10313
10326
10327
10328
10329
10330
10342
10343
10344
10345
10346
10347
10348
10349
10350
10351
10352
10354
10355
10358
10359
10372
10373
10374
10375
10376
10398
10399
10400
10401
10402
10403
10404
10405
10406
10407
10408
10409
10411
10412
10413
10414
10421
10422
10423
10424
10425
10426
10436
10437
10438
10439
10440
10441
10442
10443
10444
10451
10452
10453
10454
10455
10456
10457
10458
10463
10464
10465
10483
10484
10485
10486
10487
10499
10503
10516
10517
10518
10525
10526
10541
10542
10543
10579
10580
10587
10588
10589
10590
10591
10619
10620
10621
10622
10623
10624
10625
10626
10627
10628
10629
10630
10631
10632
10633
10634
10635
10636
10637
10638
10639
10640
10641
10642
10643
10644
10648
10665
10666
10667
10668
10669
10670
10671
10672
10673
10674
10675
10676
10677
10678
10679
10687
10688
10689
10690
10700
10702
10748
10749
10750
10751
10752
10753
10754
10755
10756
10757
10758
10759
10760
10804
10805
10806
10807
10808
10809
10810
10811
10812
10813
10814
10815
10816
10817
10818
10819
10820
10821
10822
10823
10824
10825
10826
10827
10828
10829
10830
10831
10833
10834
10836
10839
10840
10841
10842
10843
10845
10846
10847
10848
10849
10850
10851
10852
10853
10854
10865
10866
10884
10886
10887
10889
10968
10974
10980
10984
11055
11056
11057
11058
11059
11060
11061
11062
11063
11064
11065
11066
11067
11068
11069
11070
11071
11072
11096
11097
11098
11099
11100
11101
11102
11103
11104
11105
11106
11107
11108
11109
11110
11111
11112
11113
11137
11138
11139
11140
11141
11142
11143
11144
11145
11146
11147
11148
11149
11150
11151
11152
11153
11154
11167
11168
11169
11170
11171
11172
11173
11174
11175
11176
11177
11178
11179
11180
11181
11182
11183
11184
11185
11186
11187
11188
11189
11190
11191
11192
11193
11194
11195
11204
11205
11206
11207
11208
11209
11210
11211
11212
11213
11214
11216
11218
11219
11220
11221
11223
11224
11229
11230
11231
11232
11233
11236
11237
11242
11243
11244
11245
11246
11252
11253
11254
11255
11256
11258
11259
11260
11262
11263
11264
11266
11267
11268
11269
11270
11271
11279
11280
11281
11282
11283
11284
11285
11286
11289
11290
11295
11296
11298
11299
11300
11301
11302
11303
11304
11305
11306
11307
11319
11321
11323
11324
11325
11326
11327
11328
11329
11330
11331
11332
11333
11334
11335
11336
11349
11350
11351
11360
11361
11362
11363
11364
11365
11366
11367
11370
11371
11372
11373
11374
11375
11377
11378
11379
11380
11381
11383
11385
11396
11397
11398
11399
11400
11401
11402
11403
11404
11405
11407
11408
11409
11411
11412
11413
11414
11416
11417
11419
11420
11426
11427
11428
11429
11430
11431
11432
11433
11438
11442
11445
11446
11447
11448
11449
11450
11451
11452
11453
11457
11463
11465
11468
11473
11474
11477
11479
11480
11481
11482
11483
11484
11485
11486
11487
11488
11489
11490
11491
11492
11493
11494
11495
11496
11497
11501
11502
11503
11504
11505
11506
11507
11508
11509
11510
11529
11530
11531
11532
11533
11534
11535
11536
11537
11538
11539
11542
11543
11544
11545
11546
11547
11548
11549
11550
11556
11560
11561
11563
11564
11565
11566
11567
11568
11569
11584
11585
11586
11587
11588
11589
11592
11593
11594
11595
11596
11597
11606
11607
11608
11609
11611
11614
11615
11616
11617
11618
11619
11620
11639
11640
11641
11642
11643
11644
11645
11646
11647
11648
11649
11652
11653
11654
11655
11656
11657
11658
11659
11660
11661
11662
11663
11690
11691
11692
11693
11694
11695
11696
11697
11698
11699
11700
11701
11702
11703
11704
11705
11707
11714
11717
11727
11740
11755
11762
11763
11785
11793
11804
11818
11821
11845
11855
11856
11875
11888
11889
11907
11908
11909
11911
11914
11916
11947
11949
11955
11968
11997
12003
12005
12007
12008
12037
12038
12070
12072
12075
12076
12088
12098
12099
12100
12101
12102
12114
12192
12195
12196
12199
12209
12210
12236
12238
12241
12242
12243
12244
12295
12298
12299
12310
12311
12315
12317
12362
12363
12364
12365
12370
12371
12372
12373
12387
12388
12391
12405
12406
12407
12409
12410
12424
12431
12445
12447
12448
12449
12450
12456
12472
12474
12475
12476
12482
12483
12485
12486
12542
12543
12544
12551
12552
12553
12554
12555
12556
12572
12574
12575
12599
12601
12602
12605
12606
12608
12609
12610
12622
12623
12638
12639
12640
12641
12643
12665
12667
12673
12675
12676
12681
12682
12683
12684
12685
12687
12688
12691
12709
12710
12730
12738
12778
12805
12806
12807
12809
12812
12816
12817
12818
12819
12820
12821
12842
12845
12858
12859
12862
12863
12864
12865
12866
12867
12871
12876
12878
12879
12880
12881
12883
12884
12959
12962
12965
12967
13004
13008
13009
13010
13011
13012
13013
13014
13015
13016
13019
13023
13026
13027
13028
13029
13030
13031
13032
13033
13034
13202
13239
13303
13304
13305
13306
13307
13314
13315
13316
13317
13318
13319
13364
13365
13366
13368
13424
13425
13427
13428
13431
13461
13462
13467
13468
13558
13559
13560
13561
13562
13564
13568
13586
13597
13598
13650
13651
13652
13660
13661
13662
13684
13685
13711
13712
13713
13714
13715
13716
13758
13847
13848
13852
13857
13858
13859
13878
13879
13884
13885
13886
13887
13910
13912
13913
13989
13991
13993
13996
13997
14008
14013
14128
14130
14131
14132
14133
14134
14135
14136
14144
14145
14146
14147
14148
14149
14150
14194
14195
14196
14197
14198
14199
14200
14201
14202
14203
14204
14216
14217
14218
14219
14220
14221
14222
14223
14224
14225
14226
14238
14239
14240
14241
14242
14243
14244
14245
14246
14247
14248
14260
14261
14262
14263
14264
14265
14266
14267
14268
14269
14270
14271
14272
14273
14274
14275
14276
14277
14278
14279
14280
14281
14282
14283
14284
14285
14286
14291
14292
14293
14296
14297
14300
14302
14303
14304
14305
14306
14307
14311
14313
14314
14316
14317
14320
14322
14324
14326
14327
14330
14331
14334
14336
14337
14338
14342
14343
14345
14347
14348
14349
14350
14351
14352
14353
14354
14355
14361
14362
14363
14367
14369
14371
14372
14373
14377
14378
14386
14387
14388
14395
14396
14397
14398
14399
14400
14401
14402
14403
14404
14405
14406
14407
14408
14409
14410
14418
14419
14420
14421
14422
14423
14424
14425
14426
14427
14428
14429
14430
14431
14432
14433
14434
14435
14436
14447
14448
14449
14450
14451
14452
14453
14454
14455
14456
14457
14458
14459
14460
14470
14471
14472
14473
14474
14475
14476
14477
14478
14479
14488
14489
14490
14491
14492
14493
14494
14506
14508
14509
14510
14512
14513
14514
14515
14519
14520
14521
14522
14523
14524
14529
14530
14532
14534
14535
14536
14537
14540
14542
14544
14545
14546
14547
14548
14549
14550
14551
14552
14559
14561
14562
14563
14567
14568
14571
14572
14575
14576
14577
14578
14579
14580
14581
14582
14583
14584
14585
14586
14599
14600
14601
14602
14603
14604
14605
14607
14608
14609
14610
14611
14612
14614
14616
14617
14618
14619
14620
14622
14624
14625
14626
14627
14628
14629
14630
14631
14632
14633
14634
14635
14636
14637
14638
14639
14656
14657
14658
14659
14660
14661
14664
14666
14667
14669
14670
14671
14672
14673
14674
14679
14681
14682
14684
14685
14686
14687
14688
14689
14694
14695
14696
14698
14699
14700
14701
14702
14703
14704
14706
14711
14712
14713
14714
14718
14719
14720
14721
14722
14723
14724
14725
14726
14727
14728
14729
14730
14741
14742
14743
14744
14745
14746
14747
14748
14755
14756
14757
14758
14759
14760
14761
14767
14768
14769
14770
14771
14772
14773
14774
14775
14776
14777
14778
14779
14780
14781
14782
14783
14784
14785
14786
14787
14788
14789
14790
14791
14792
14793
14794
14795
14796
14797
14798
14799
14800
14801
14802
14803
14804
14831
14832
14835
14836
14837
14841
14842
14843
14844
14845
14846
14847
14848
14849
14850
14851
14852
14853
14854
14855
14871
14872
14873
14874
14875
14881
14883
14885
14886
14887
14888
14889
14890
14897
14898
14899
14903
14904
14905
14909
14910
14911
14912
14913
14914
14915
14916
14917
14918
14919
14931
14932
14933
14934
14939
14940
14941
14942
14943
14949
14950
14951
14955
14956
14957
14958
14959
14960
14961
14962
14963
14964
14965
14966
14967
14968
14969
14970
14987
14988
14989
14990
14995
14996
14997
14998
14999
15005
15006
15007
15008
15009
15010
15011
15012
15013
15014
15015
15016
15017
15018
15019
15020
15021
15022
15023
15024
15025
15047
15048
15049
15050
15051
15052
15053
15054
15055
15056
15057
15058
15059
15060
15063
15065
15066
15076
15077
15079
15081
15082
15085
15086
15087
15091
15092
15093
15094
15095
15099
15100
15101
15103
15105
15106
15108
15109
15110
15111
15112
15113
15114
15120
15121
15122
15123
15124
15125
15126
15127
15133
15134
15137
15138
15139
15143
15144
15145
15147
15149
15151
15152
15153
15155
15156
15157
15158
15159
15160
15165
15166
15167
15168
15169
15170
15171
15172
15178
15179
15180
15181
15182
15188
15189
15192
15193
15194
15198
15199
15200
15201
15202
15203
15204
15205
15206
15207
15218
15220
15221
15222
15226
15228
15229
15230
15231
15232
15238
15239
15240
15241
15242
15243
15244
15245
15254
15255
15256
15257
15258
15264
15265
15268
15269
15285
15286
15287
15288
15289
15290
15291
15292
15293
15294
15295
15306
15307
15308
15309
15310
15311
15312
15324
15325
15326
15327
15328
15329
15330
15331
15332
15333
15334
15347
15348
15349
15350
15351
15352
15353
15354
15355
15356
15357
15358
15359
15360
15361
15362
15363
15364
15365
15366
15367
15368
15369
15370
15371
15372
15373
15374
15386
15387
15388
15389
15390
15391
15392
15393
15394
15395
15396
15397
15398
15399
15400
15401
15402
15403
15404
15405
15406
15407
15408
15409
15410
15411
15412
15413
15414
15415
15416
15432
15433
15434
15435
15436
15437
15438
15439
15440
15441
15442
15443
15444
15445
15446
15447
15448
15449
15450
15451
15452
15453
15454
15455
15472
15473
15474
15475
15476
15477
15478
15479
15480
15481
15482
15483
15484
15497
15498
15499
15500
15501
15506
15507
15508
15509
15510
15511
15517
15518
15519
15520
15521
15522
15528
15529
15530
15533
15534
15535
15536
15537
15538
15539
15546
15547
15548
15549
15550
15555
15556
15557
15560
15561
15562
15563
15564
15565
15571
15572
15573
15574
15575
15576
15577
15584
15585
15586
15587
15588
15589
15590
15591
15599
15600
15601
15602
15603
15604
15605
15606
15607
15622
15624
15625
15626
15627
15628
15629
15630
15631
15632
15648
15649
15650
15651
15652
15653
15654
15671
15673
15674
15722
15723
15724
15725
15726
15727
15728
15729
15730
15731
15732
15739
15740
15741
15742
15743
15744
15745
15753
15754
15755
15756
15757
15758
15759
15760
15769
15770
15771
15772
15773
15774
15775
15776
15777
15785
15786
15787
15788
15789
15790
15791
15792
15793
15797
15798
15799
15800
15801
15802
15803
15804
15805
15806
15807
15808
15809
15810
15821
15822
15823
15824
15825
15826
15827
15828
15829
15838
15839
15840
15841
15842
15843
15844
15845
15846
15853
15854
15855
15856
15857
15858
15863
15864
15865
15866
15867
15868
15869
15870
15871
15872
15873
15874
15875
15876
15889
15890
15891
15892
15893
15894
15895
15902
15903
15904
15905
15906
15907
15908
15913
15914
15915
15916
15919
15920
15921
15922
15923
15924
15925
15943
15944
15945
15946
15947
15948
15949
15950
15951
15952
15953
15954
15955
15956
15957
15958
15959
15973
15974
15975
15976
15977
15978
15979
15980
15981
15982
15983
15984
15985
15986
15987
15997
15998
15999
16000
16001
16002
16003
16004
16005
16006
16012
16013
16014
16015
16016
16017
16018
16026
16027
16028
16029
16030
16031
16040
16041
16042
16043
16044
16045
16046
16056
16057
16058
16059
16060
16061
16062
16063
16074
16075
16076
16077
16078
16079
16080
16081
16082
16090
16091
16092
16093
16094
16095
16096
16097
16098
16099
16100
16101
16108
16109
16110
16111
16112
16115
16119
16121
16126
16127
16129
16130
16135
16136
16138
16141
16143
16148
16150
16155
16156
16158
16160
16161
16162
16166
16170
16171
16173
16176
16177
16188
16189
16190
16192
16204
16205
16212
16214
16215
16216
16218
16221
16234
16235
16236
16237
16238
16239
16241
16242
16243
16251
16252
16254
16255
16256
16257
16260
16261
16263
16265
16270
16271
16273
16276
16278
16279
16281
16293
16300
16302
16304
16305
16309
16314
16315
16316
16317
16318
16319
16320
16325
16326
16327
16331
16333
16336
16337
16338
16339
16340
16341
16353
16357
16359
16367
16375
16376
16377
16378
16379
16380
16381
16386
16387
16411
16415
16416
16429
16430
16431
16432
16434
16436
16446
16447
16450
16451
16452
16453
16454
16467
16468
16469
16471
16479
16487
16488
16490
16500
16501
16502
16506
16507
16508
16518
16519
16520
16522
16536
16538
16539
16540
16543
16544
16545
16546
16554
16563
16564
16565
16566
16587
16588
16589
16590
16591
16592
16594
16595
16596
16597
16598
16609
16611
16612
16634
16635
16636
16644
16645
16646
16647
16648
16649
16650
16651
16652
16653
16654
16655
16656
16657
16658
16659
16660
16661
16662
16663
16664
16665
16666
16667
16668
16669
16670
16671
16672
16673
16674
16675
16676
16678
16679
16681
16682
16684
16686
16687
16689
16695
16696
16697
16698
16699
16700
16702
16703
16704
16705
16707
16714
16715
16716
16717
16718
16719
16720
16722
16723
16724
16728
16729
16730
16732
16734
16736
16737
16739
16742
16743
16746
16748
16749
16750
16754
16758
16760
16766
16767
16768
16769
16770
16771
16772
16774
16775
16778
16785
16786
16787
16788
16789
16792
16793
16797
16798
16799
16804
16805
16806
16807
16823
16824
16825
16826
16827
16828
16829
16830
16831
16833
16836
16838
16841
16842
16843
16844
16845
16846
16847
16849
16850
16851
16852
16853
16854
16856
16857
16858
16859
16860
16862
16863
16864
16865
16866
16869
16872
16873
16880
16881
16882
16883
16884
16885
16911
16912
16913
16914
16915
16916
16917
16918
16919
16920
16921
16922
16923
16924
16925
16927
16928
16929
16930
16931
16932
16933
16935
16936
16938
16939
16946
16947
16948
16949
16950
16951
16952
16954
16955
16956
16957
16958
16961
16962
16963
16965
16966
16968
16974
16975
16976
16977
16979
16981
16982
16987
16988
16989
16990
16991
16993
16994
16995
16997
16999
17000
17004
17005
17011
17012
17013
17017
17018
17019
17020
17021
17023
17025
17026
17027
17029
17038
17039
17040
17041
17042
17043
17044
17045
17047
17051
17056
17064
17068
17069
17070
17071
17072
17073
17074
17075
17076
17077
17078
17080
17081
17082
17083
17084
17088
17091
17093
17094
17095
17096
17097
17098
17102
17106
17108
17111
17112
17113
17114
17115
17116
17117
17118
17119
17123
17128
17129
17131
17132
17133
17134
17135
17136
17137
17138
17139
17143
17148
17150
17154
17158
17160
17165
17168
17169
17177
17186
17188
17189
17190
17191
17192
17193
17194
17195
17196
17197
17198
17199
17200
17201
17202
17203
17204
17205
17206
17207
17208
17212
17213
17214
17219
17220
17223
17224
17228
17229
17230
17237
17238
17239
17240
17241
17242
17263
17264
17265
17266
17267
17268
17269
17270
17271
17272
17273
17274
17276
17280
17282
17283
17284
17285
17286
17287
17294
17301
17302
17303
17304
17305
17312
17313
17314
17315
17316
17317
17325
17326
17327
17328
17329
17330
17336
17337
17338
17339
17340
17342
17348
17349
17350
17351
17352
17357
17358
17359
17360
17378
17379
17380
17381
17382
17383
17384
17385
17386
17387
17388
17389
17393
17394
17405
17406
17407
17408
17409
17410
17412
17413
17418
17419
17420
17422
17431
17432
17433
17434
17435
17436
17437
17438
17462
17463
17464
17465
17466
17467
17468
17469
17470
17471
17472
17473
17474
17475
17476
17482
17484
17489
17490
17491
17492
17499
17500
17501
17502
17503
17504
17515
17516
17517
17518
17519
17520
17521
17522
17523
17524
17555
17556
17557
17558
17559
17560
17561
17562
17563
17564
17565
17566
17567
17568
17569
17570
17571
17572
17573
17574
17578
17579
17580
17582
17583
17584
17585
17587
17589
17590
17592
17593
17596
17598
17599
17600
17602
17604
17607
17608
17610
17615
17616
17617
17618
17619
17621
17622
17623
17624
17626
17627
17628
17630
17631
17632
17634
17635
17639
17640
17641
17646
17647
17648
17649
17650
17653
17654
17655
17659
17660
17661
17662
17664
17668
17671
17672
17673
17674
17675
17676
17681
17683
17684
17685
17686
17687
17692
17694
17698
17699
17700
17701
17702
17703
17704
17705
17706
17707
17710
17711
17718
17719
17720
17721
17722
17723
17724
17725
17726
17728
17729
17731
17732
17734
17741
17742
17743
17744
17745
17746
17748
17749
17750
17752
17753
17754
17756
17758
17759
17761
17765
17768
17769
17770
17771
17772
17773
17777
17780
17783
17788
17789
17791
17792
17793
17794
17795
17796
17797
17798
17799
17800
17801
17802
17803
17810
17811
17812
17813
17814
17824
17825
17826
17827
17828
17829
17830
17831
17843
17844
17845
17846
17847
17848
17849
17850
17851
17852
17853
17855
17862
17863
17864
17865
17866
17867
17869
17871
17878
17879
17880
17881
17882
17883
17885
17892
17893
17894
17895
17896
17906
17907
17908
17909
17910
17911
17912
17913
17924
17925
17926
17927
17928
17929
17930
17931
17932
17933
17944
17945
17946
17947
17948
17949
17950
17951
17952
17953
17963
17964
17965
17966
17967
17968
17969
17970
17971
17981
17982
17983
17984
17985
17986
17987
17988
17989
17999
18000
18001
18002
18003
18004
18005
18006
18007
18017
18018
18019
18020
18021
18022
18023
18024
18025
18026
18027
18028
18029
18030
18031
18032
18033
18034
18035
18036
18037
18040
18042
18043
18045
18047
18048
18049
18052
18053
18055
18056
18057
18060
18062
18063
18065
18067
18068
18071
18072
18073
18074
18075
18076
18083
18084
18085
18086
18091
18092
18093
18094
18095
18096
18097
18098
18100
18101
18102
18108
18109
18111
18112
18113
18115
18116
18117
18118
18120
18122
18123
18124
18125
18130
18131
18133
18134
18135
18136
18137
18142
18143
18144
18146
18147
18148
18151
18153
18154
18155
18157
18158
18159
18160
18164
18165
18166
18167
18168
18169
18170
18171
18178
18179
18180
18181
18182
18183
18184
18185
18186
18187
18188
18189
18190
18191
18192
18193
18194
18195
18196
18197
18212
18213
18214
18215
18216
18217
18218
18219
18220
18221
18222
18223
18232
18233
18236
18237
18238
18239
18240
18241
18242
18250
18251
18252
18253
18258
18259
18260
18261
18262
18263
18271
18272
18273
18274
18275
18276
18283
18284
18289
18290
18291
18292
18293
18294
18298
18300
18301
18302
18306
18307
18308
18309
18310
18311
18312
18313
18314
18324
18325
18326
18327
18332
18333
18334
18335
18336
18337
18338
18339
18340
18341
18352
18353
18354
18355
18360
18361
18362
18363
18368
18370
18371
18372
18375
18376
18378
18379
18381
18383
18385
18388
18389
18391
18393
18395
18396
18398
18399
18400
18401
18402
18403
18405
18406
18407
18409
18415
18416
18417
18418
18419
18420
18422
18423
18424
18428
18429
18430
18431
18432
18433
18437
18438
18442
18445
18446
18447
18448
18449
18450
18454
18455
18456
18459
18461
18462
18464
18466
18468
18469
18470
18474
18475
18476
18480
18481
18482
18483
18484
18485
18487
18489
18492
18493
18494
18496
18497
18498
18502
18504
18505
18507
18508
18509
18511
18512
18513
18514
18518
18519
18520
18523
18524
18525
18526
18527
18528
18529
18530
18531
18532
18533
18542
18543
18544
18545
18546
18547
18548
18553
18554
18556
18560
18561
18563
18564
18565
18566
18571
18572
18573
18574
18584
18585
18586
18587
18588
18589
18590
18591
18592
18593
18594
18601
18607
18608
18609
18610
18612
18613
18615
18616
18617
18618
18623
18624
18625
18627
18632
18633
18634
18635
18636
18637
18640
18646
18647
18648
18649
18650
18651
18652
18653
18654
18663
18665
18666
18667
18668
18669
18670
18671
18679
18680
18697
18698
18699
18700
18701
18702
18703
18704
18713
18714
18715
18716
18717
18718
18719
18720
18721
18722
18729
18730
18731
18732
18733
18734
18735
18736
18737
18738
18739
18740
18741
18742
18743
18744
18745
18746
18747
18749
18752
18754
18755
18756
18758
18760
18761
18763
18764
18765
18766
18767
18768
18769
18771
18773
18778
18779
18781
18782
18784
18787
18789
18791
18793
18795
18796
18797
18799
18803
18804
18805
18809
18810
18812
18813
18814
18815
18816
18818
18819
18820
18821
18823
18824
18825
18828
18829
18830
18831
18832
18834
18836
18837
18838
18839
18840
18841
18844
18845
18846
18847
18849
18850
18851
18852
18853
18854
18855
18857
18860
18861
18862
18864
18865
18866
18867
18868
18869
18872
18873
18875
18876
18877
18878
18881
18882
18883
18884
18885
18886
18888
18889
18890
18891
18892
18893
18894
18895
18896
18897
18898
18899
18900
18905
18906
18907
18910
18911
18912
18915
18916
18917
18918
18919
18920
18921
18922
18924
18925
18926
18927
18928
18929
18930
18931
18932
18933
18934
18936
18939
18941
18943
18950
18951
18952
18953
18954
18956
18962
18964
18965
18967
18970
18972
18975
18976
18981
18982
18983
18984
18985
18987
18994
18995
18996
19002
19003
19004
19007
19009
19010
19016
19017
19018
19019
19020
19021
19025
19026
19042
19043
19044
19045
19046
19047
19048
19049
19050
19051
19052
19053
19054
19055
19056
19057
19059
19061
19072
19073
19074
19075
19076
19077
19080
19081
19088
19089
19090
19091
19092
19093
19096
19097
19104
19110
19111
19112
19113
19114
19115
19116
19117
19118
19119
19120
19123
19124
19126
19127
19128
19129
19133
19134
19135
19136
19137
19138
19144
19147
19155
19156
19157
19158
19159
19160
19165
19170
19171
19172
19173
19174
19175
19178
19179
19186
19187
19188
19189
19190
19191
19194
19195
19196
19197
19198
19199
19200
19201
19202
19203
19204
19205
19206
19207
19218
19219
19230
19231
19232
19233
19234
19235
19236
19237
19238
19242
19297
19322
19324
19325
20096
20118
20180
20277
20382
20390
20465
20480
21016
21018
21022
21032
21033
21036
21046
21053
21058
21062
21070
21075
21076
21077
21078
21080
21107
21110
21113
21114
21116
21130
21132
21133
21135
21136
21145
21150
21151
21152
21172
21173
21174
21188
21189
21190
21200
21201
21202
21203
21218
21219
21229
21230
21245
21271
21272
21273
21284
21321
21335
21347
21348
21357
21365
21366
21369
21372
21373
21374
21376
21377
21379
21381
21383
21385
21387
21388
21390
21391
21392
21395
21396
21398
21400
21402
21404
21406
21408
21443
21444
21445
21457
21458
21459
21460
21461
21462
21463
21464
21465
21466
21467
21468
21469
21470
21471
21472
21473
21474
21475
21476
21477
21478
21479
21480
21481
21482
21483
21484
21485
21486
21487
21488
21489
21490
21491
21492
21493
21494
21495
21496
21497
21498
21499
21500
21501
21502
21503
21504
21505
21506
21507
21508
21555
21556
21557
21558
21559
21560
21561
21562
21563
21564
21565
21569
21570
21571
21572
21573
21574
21575
21576
21577
21578
21579
21580
21581
21582
21591
21592
21593
21594
21595
21596
21597
21598
21599
21600
21601
21613
21614
21615
21616
21617
21618
21619
21620
21621
21622
21635
21639
21640
21641
21642
21643
21644
21645
21648
21649
21652
21654
21655
21656
21658
21660
21661
21664
21665
21666
21671
21672
21673
21674
21675
21676
21681
21682
21684
21685
21686
21689
21690
21694
21696
21698
21700
21701
21702
21703
21708
21709
21710
21713
21716
21717
21718
21719
21720
21721
21722
21723
21724
21725
21726
21727
21728
21729
21730
21731
21733
21734
21735
21736
21737
21738
21741
21742
21743
21744
21746
21747
21748
21749
21750
21751
21752
21753
21754
21755
21757
21758
21759
21760
21763
21764
21765
21766
21768
21769
21770
21772
21773
21774
21775
21776
21777
21778
21779
21780
21781
21782
21783
21784
21785
21786
21787
21788
21789
21790
21791
21792
21793
21794
21795
21796
21797
21798
21799
21800
21801
21802
21803
21804
21806
21808
21812
21813
21814
21816
21817
21818
21824
21827
21828
21829
21830
21831
21832
21833
21834
21835
21836
21849
21851
21853
21854
21855
21856
21857
21859
21861
21862
21864
21865
21866
21868
21869
21870
21871
21872
21874
21875
21876
21877
21878
21879
21880
21881
21882
21883
21897
21899
21900
21901
21906
21907
21908
21913
21914
21915
21916
21921
21922
21923
21924
21925
21926
21927
21928
21938
21939
21940
21941
21942
21943
21944
21945
21946
21947
21948
21949
21964
21965
21966
21967
21972
21973
21974
21975
21976
21977
21978
21979
21980
21981
21982
21983
21984
21985
21986
21987
21988
21989
21990
21991
21992
21993
21994
21995
21996
21997
21998
21999
22000
22001
22002
22003
22030
22031
22032
22033
22034
22035
22036
22040
22041
22042
22043
22044
22045
22046
22047
22048
22049
22050
22051
22052
22065
22066
22067
22068
22069
22070
22071
22072
22073
22074
22075
22076
22077
22078
22079
22080
22088
22089
22090
22091
22092
22093
22094
22095
22096
22097
22098
22099
22105
22106
22109
22110
22111
22112
22113
22114
22115
22116
22117
22118
22119
22131
22132
22133
22134
22135
22136
22139
22140
22141
22142
22143
22144
22145
22146
22147
22148
22149
22150
22151
22152
22153
22154
22155
22168
22169
22170
22171
22172
22173
22174
22175
22176
22181
22182
22183
22184
22185
22186
22187
22188
22189
22190
22191
22192
22193
22194
22195
22196
22197
22198
22230
22231
22232
22233
22234
22235
22236
22237
22238
22239
22240
22241
22249
22250
22251
22252
22253
22254
22255
22263
22264
22265
22266
22267
22268
22269
22270
22281
22282
22283
22284
22285
22286
22287
22288
22289
22290
22291
22303
22304
22305
22306
22307
22308
22309
22310
22311
22312
22313
22314
22325
22326
22327
22328
22329
22330
22331
22332
22333
22334
22335
22336
22337
22347
22348
22349
22350
22351
22352
22353
22354
22355
22356
22360
22361
22362
22363
22364
22365
22366
22367
22368
22369
22370
22371
22372
22373
22377
22378
22379
22380
22381
22382
22383
22384
22385
22392
22393
22394
22395
22396
22397
22398
22399
22400
22411
22412
22413
22414
22415
22416
22423
22424
22425
22430
22431
22432
22433
22434
22436
22437
22438
22439
22443
22444
22445
22447
22449
22450
22451
22455
22456
22457
22459
22460
22461
22462
22463
22464
22465
22466
22467
22474
22475
22476
22480
22481
22484
22485
22486
22487
22488
22489
22490
22491
22492
22493
22494
22506
22507
22508
22509
22510
22512
22513
22514
22515
22517
22518
22520
22521
22522
22523
22524
22527
22529
22530
22531
22532
22533
22534
22535
22536
22537
22538
22539
22540
22541
22542
22557
22558
22559
22561
22562
22564
22565
22566
22567
22568
22569
22570
22571
22576
22577
22578
22579
22580
22582
22585
22587
22588
22589
22591
22592
22593
22594
22595
22596
22597
22598
22599
22600
22601
22602
22603
22614
22615
22616
22617
22618
22619
22620
22621
22628
22629
22630
22631
22632
22633
22634
22635
22636
22637
22638
22639
22640
22641
22642
22643
22644
22645
22646
22647
22648
22649
22650
22651
22652
22653
22654
22655
22656
22657
22658
22659
22660
22661
22685
22686
22689
22690
22691
22692
22693
22694
22695
22696
22697
22698
22699
22700
22701
22702
22717
22719
22721
22722
22723
22724
22725
22731
22732
22735
22737
22738
22741
22742
22743
22747
22748
22749
22753
22754
22755
22756
22761
22762
22763
22764
22765
22766
22767
22775
22776
22779
22780
22781
22782
22783
22784
22785
22786
22787
22788
22789
22790
22791
22792
22793
22794
22811
22812
22813
22814
22819
22820
22821
22822
22823
22824
22825
22826
22827
22828
22829
22830
22831
22832
22833
22834
22835
22836
22837
22857
22858
22859
22860
22861
22865
22866
22867
22868
22869
22871
22872
22873
22874
22877
22878
22879
22880
22881
22882
22883
22884
22885
22886
22894
22896
22898
22899
22900
22901
22902
22904
22905
22906
22907
22908
22912
22913
22914
22915
22917
22918
22921
22922
22923
22924
22927
22928
22929
22930
22932
22934
22935
22937
22938
22940
22942
22943
22946
22947
22950
22952
22953
22956
22958
22959
22960
22961
22963
22964
22965
22966
22968
22969
22970
22972
22973
22975
22977
22979
22981
22982
22983
22984
22988
22989
22991
22993
22994
22995
22999
23000
23004
23005
23006
23007
23008
23009
23010
23011
23018
23019
23020
23023
23024
23025
23026
23027
23028
23029
23030
23037
23038
23040
23042
23043
23046
23047
23048
23049
23054
23055
23058
23059
23060
23061
23062
23063
23064
23065
23074
23075
23076
23077
23080
23081
23083
23084
23086
23087
23088
23089
23091
23092
23093
23094
23095
23097
23099
23100
23101
23103
23105
23106
23107
23108
23109
23110
23111
23112
23113
23114
23115
23127
23128
23129
23131
23132
23134
23135
23136
23137
23139
23140
23141
23144
23145
23146
23147
23148
23149
23150
23156
23157
23158
23159
23160
23164
23165
23166
23167
23168
23172
23173
23174
23175
23176
23177
23178
23179
23180
23181
23182
23183
23184
23185
23186
23187
23200
23201
23202
23203
23204
23205
23206
23212
23213
23214
23215
23216
23217
23218
23219
23220
23221
23222
23223
23224
23225
23226
23227
23228
23229
23230
23231
23232
23233
23234
23235
23236
23254
23255
23256
23260
23262
23263
23264
23268
23269
23274
23275
23276
23277
23278
23279
23280
23281
23282
23283
23284
23285
23298
23299
23302
23304
23306
23307
23308
23309
23310
23316
23317
23318
23319
23320
23326
23327
23332
23333
23334
23338
23339
23340
23341
23342
23349
23350
23353
23354
23355
23359
23360
23361
23366
23367
23368
23369
23374
23375
23376
23377
23382
23383
23384
23388
23389
23390
23394
23395
23396
23397
23402
23403
23406
23407
23408
23409
23410
23411
23412
23413
23414
23415
23416
23417
23418
23419
23436
23437
23438
23439
23440
23446
23447
23448
23455
23456
23457
23458
23459
23460
23461
23462
23463
23464
23465
23466
23467
23468
23469
23470
23471
23507
23508
25955
25964
25966
25970
25975
25983
25984
25985
25990
25991
25998
26000
26010
26017
26019
26020
26021
26035
26084
26091
26102
26110
26122
26123
26146
26161
26163
26179
26181
26182
26187
26200
26201
26202
26203
26215
26216
26217
26237
26238
26250
26271
26272
26273
26274
26275
26276
26343
26352
26372
26373
26380
26421
26422
26423
26451
26452
26458
26459
26460
26461
26462
26463
26464
26495
26517
26577
26578
26580
26585
26587
26597
26635
26709
26711
26807
26808
26822
26900
26901
26903
26904
26937
27005
27035
27036
27037
27233
27234
27235
27236
27241
27243
27251
27252
27253
27255
27274
27311
27361
27367
27389
27390
27460
27462
27472
27496
27498
27499
27500
27502
27509
27510
27511
27512
27515
27516
27517
27544
27546
27561
27562
27626
27630
27631
27632
27699
27701
27703
27709
27733
27735
27736
27738
27844
27870
27921
27922
27941
27942
27979
28007
28012
28014
28015
28016
28067
28068
28069
28070
28157
28201
28202
28204
28210
28219
28249
28250
28253
28254
28255
28291
28293
28297
28298
28299
28300
28304
28309
28337
28338
28339
28351
28426
28427
28428
28429
28430
28431
28432
28447
28448
28449
28450
28451
28452
28454
41557
41559
41560
41561
41562
41564
41565
41591
41592
41593
41594
41595
41596
41597
41598
41599
41600
41601
41602
41603
41622
41623
41630
41631
41632
41633
41634
41635
41636
41637
41638
41639
41640
41641
41642
41643
41644
41645
41646
41647
41648
41649
41650
41651
41652
41653
41654
41715
41716
41717
41718
41719
41720
41721
41722
41723
41724
41725
41726
41727
41728
41729
41730
41731
41732
41733
41734
41735
41736
41737
41738
41739
41740
41741
41742
41743
41744
41745
41746
41747
41748
41749
41750
41751
41752
41753
41754
41755
41756
41757
41758
41759
41760
41761
41762
41763
41764
41765
41766
41767
41768
41769
41770
41771
41772
41773
41774
41775
41776
41777
41778
41779
41780
41781
41782
41783
41784
41785
41786
41787
41788
41789
41790
41791
41792
41793
41838
41839
41840
41841
41842
41843
41844
41845
41894
41895
41896
41897
41898
41899
41900
41901
41902
41903
41904
41905
41906
41907
41908
41909
41910
41911
41912
41913
41914
41915
41916
41917
41918
41919
41920
41921
42058
42059
42060
42061
42062
42063
42064
42065
42066
42067
42068
42069
42070
42071
42072
42073
42074
42075
42076
42077
42078
42170
42171
42172
42173
42174
42175
42176
42177
42178
42186
50943
50950
50951
50952
50953
50954
50963
50969
50980
51000
51002
51004
51005
51048
51064
51089
51091
51111
51114
51261
51264
51283
51284
51285
51286
51306
51307
51335
51337
51338
51339
51369
51376
51378
51380
51415
51416
51417
51419
51452
51456
51465
51470
51479
51480
51497
51502
51503
51504
51509
51510
51871
51872
51896
51897
51898
51899
51900
51901
51902
51903
51904
51905
51930
51931
51932
51933
51934
51935
51936
51937
51938
51939
51940
51941
51942
51943
51944
51945
51946
51947
51948
51949
51950
51951
51952
51975
51976
51977
51978
51979
51980
51981
51982
51983
51984
51985
51986
51987
51988
51989
51990
51991
51992
51993
51994
51995
51996
51997
52020
52021
52022
52023
52024
52025
52026
52027
52028
52029
52030
52031
52032
52033
52034
52035
52036
52037
52058
52059
52060
52061
52062
52063
52064
52065
52066
52067
52068
52069
52070
52071
52072
52073
52074
52075
52076
52077
52078
52079
52080
52081
52082
52083
52084
52085
52086
52087
52088
52089
52090
52091
52092
52093
52094
52095
52096
52097
52098
52099
52100
52101
52102
52103
52104
52105
52106
52107
52108
52109
52110
52111
52112
52113
52114
52115
52116
52117
52118
52119
52120
52121
52122
52123
52124
52125
52126
52127
52128
52129
52130
52131
52132
52133
52134
52135
52136
52137
52146
52147
52148
52149
52150
52151
52152
52153
52154
52155
52156
52157
52158
52159
52160
52161
52417
52418
52419
52420
52421
52422
52423
52424
52425
52426
52446
52447
52448
52449
52450
52451
52452
52453
52454
52455
52456
52457
52458
52472
52473
52474
52475
52476
52477
52478
52479
52480
52481
52482
52483
52484
52485
52495
52496
52497
52498
52499
52500
52501
52502
52503
52504
52505
52513
52514
52515
52516
52524
52525
52526
52527
52528
52529
52530
52531
52532
52538
52539
52541
52546
52548
52551
52552
52555
52558
52561
52562
52563
52565
52566
52567
52568
52569
52572
52573
52574
52575
52577
52586
52588
52589
52590
52599
52600
52601
52602
52603
52604
52605
52606
52608
52613
52614
52615
52619
52621
52623
52625
52629
52632
52634
52636
52639
52640
52641
52642
52643
52644
52649
52650
52651
52652
52655
52657
52659
52661
52662
52663
52664
52665
52666
52667
52668
52669
52670
52671
52672
52673
52674
52675
52685
52686
52694
52695
52696
52703
52704
52705
52706
52707
52708
52709
52710
52711
52712
52713
52714
52715
52716
52717
52726
52727
52728
52730
52731
52732
52737
52740
52743
52745
52746
52747
52748
52749
52750
52751
52752
52753
52754
52755
52756
52757
52758
52759
52760
52761
52762
52763
52764
52765
52766
52767
52768
52769
52770
52771
52772
52773
52774
52775
52776
52777
52778
52779
52780
52781
52782
52783
52784
52785
52786
52787
52788
52789
52790
52791
52792
52793
52794
52795
52796
52797
52798
52799
52800
52806
52807
52808
52809
52810
52811
52812
52827
52828
52859
52862
52864
52865
52866
52867
52868
52872
52873
52876
52877
52878
52879
52880
52881
52882
52883
52884
52885
52886
52887
52888
52889
52890
52891
52892
52893
52895
52896
52897
52898
52899
52900
52901
52902
52903
52904
52905
52907
52909
52912
52913
52914
52915
52920
52923
52924
52925
52926
52927
52928
52929
52930
52931
52932
52934
52935
52936
52937
52938
52939
52940
52941
52942
52944
52946
52947
52948
52949
52951
52952
52953
52955
52956
52957
52958
52959
52961
52962
52963
52964
52965
52966
52967
52968
52972
52973
52974
52975
52976
52977
52978
52979
52981
52982
52987
52988
52992
52996
52997
52998
52999
53000
53001
53003
53005
53009
53010
53011
53012
53013
53014
53015
53016
53017
53018
53019
53020
53021
53022
53023
53024
53025
53028
53032
53035
53038
53039
53040
53041
53042
53043
53044
53045
53046
53047
53048
53049
53050
53052
53053
53054
53055
53056
53057
53058
53059
53060
53061
53062
53063
53064
53065
53066
53067
53069
53071
53073
53074
53075
53076
53079
53080
53081
53083
53084
53085
53087
53090
53091
53093
53095
53096
53098
53099
53100
53111
53112
53113
53114
53115
53116
53117
53119
53120
53121
53122
53123
53125
53126
53127
53128
53129
53130
53131
53132
53133
53135
53136
53137
53138
53139
53141
53142
53143
53145
53146
53147
53148
53149
53150
53154
53156
53157
53158
53159
53160
53161
53162
53163
53164
53165
53166
53167
53168
53169
53170
53171
53172
53173
53177
53178
53179
53180
53182
53183
53186
53187
53188
53190
53191
53192
53193
53195
53196
53198
53199
53200
53201
53202
53203
53210
53211
53212
53213
53214
53215
53216
53217
53218
53219
53220
53221
53222
53225
53226
53227
53232
53233
53234
53235
53236
53237
53238
53239
53240
53241
53242
53243
53247
53248
53249
53250
53251
53252
53253
53254
53255
53260
53267
53272
53276
53282
53286
53289
53295
53300
53301
53302
53305
53312
53316
53317
53318
53320
53321
53322
53323
53324
53325
53326
53327
53328
53330
53331
53332
53333
53334
53336
53337
53338
53339
53340
53342
53343
53344
53345
53348
53350
53351
53352
53353
53354
53355
53361
53364
53366
53368
53369
53370
53374
53378
53382
53383
53384
53385
53386
53387
53388
53389
53390
53391
53393
53394
53395
53398
53399
53400
53401
53403
53404
53405
53406
53407
53409
53410
53411
53413
53417
53420
53421
53422
53424
53425
53426
53430
53433
53435
53436
53437
53438
53439
53440
53441
53442
53443
53449
53450
53451
53452
53453
53454
53455
53456
53457
53458
53459
53460
53461
53463
53464
53465
53466
53472
53473
53474
53475
53476
53477
53478
53479
53480
53481
53482
53483
53484
53485
53486
53487
53488
53489
53495
53496
53497
53498
53499
53500
53501
53502
53503
53504
53505
53513
53517
53522
53525
53527
53530
53531
53532
53533
53534
53539
53543
53548
53549
53550
53553
53555
53556
53559
53561
53562
53563
53564
53566
53570
53576
53578
53579
53581
53583
53584
53585
53587
53602
53603
53604
53605
53606
53607
53608
53609
53612
53613
53614
53615
53616
53619
53622
53623
53624
53625
53626
53627
53628
53631
53632
53634
53635
53636
53637
53639
53641
53642
53643
53656
53657
53659
53660
53662
53664
53665
53666
53667
53668
53669
53670
53671
53672
53674
53675
53676
53677
53688
53689
53690
53691
53692
53694
53695
53697
53698
53699
53701
53702
53703
53704
53705
53706
53708
53709
53710
53711
53712
53718
53719
53720
53722
53724
53725
53726
53727
53728
53730
53731
53732
53733
53738
53739
53740
53741
53742
53743
53744
53745
53746
53747
53748
53749
53750
53751
53752
53753
53755
53756
53757
53760
53761
53762
53763
53764
53765
53766
53767
53768
53769
53775
53778
53793
53794
53795
53796
53797
53799
53801
53802
53803
53804
53805
53806
53807
53808
53809
53810
53811
53812
53813
53815
53816
53817
53818
53820
53821
53822
53823
53824
53825
53826
53827
53828
53829
53831
53832
53833
53834
53835
53841
53842
53843
53844
53846
53847
53848
53869
53870
53871
53873
53874
53877
53878
53879
53880
53881
53882
53883
53884
53885
53886
53887
53888
53889
53890
53891
53892
53893
53894
53895
53896
53897
53904
53905
53906
53907
53908
53909
53910
53911
53912
53913
53914
53915
53916
53917
53918
53919
53920
53921
53922
53934
53935
53936
53945
53946
53947
53964
53965
53966
53967
53968
53969
53970
53971
53972
53973
53974
53975
53976
53977
53978
54030
54034
54045
54050
54051
54062
54066
54067
54068
54070
54075
54082
54096
54097
54098
54099
54100
54101
54102
54103
54104
54105
54106
54107
54108
54109
54139
54156
54163
54167
54183
54184
54185
54186
54187
54188
54189
54190
54198
54199
54200
54201
54202
54206
54246
54247
54248
54249
54251
54252
54253
54255
54256
54257
54284
54285
54287
54288
54290
54291
54292
54294
54295
54337
54338
54340
54341
54342
54344
54345
54347
54348
54349
54350
54351
54353
54355
54356
54358
54359
54360
54361
54364
54365
54366
54368
54369
54371
54372
54373
54374
54376
54378
54379
54381
54382
54383
54438
54439
54440
54441
54442
54443
54444
54445
54446
54447
54448
54449
54450
54451
54452
54453
54454
54455
54456
54457
54458
54459
54460
54461
54462
54463
54464
54465
54466
54467
54468
54469
54470
54471
54472
54473
54474
54479
54480
54481
54482
54483
54484
54485
54486
54487
54488
54489
54490
54491
54492
54493
54496
54497
54498
54499
54500
54501
54502
54503
54504
54505
54506
54507
54508
54509
54510
54511
54512
54513
54514
54515
54520
54521
54524
54525
54526
54527
54528
54529
54530
54531
54532
54533
54534
54543
54544
54545
54555
54556
54559
54561
54562
54571
54572
54573
54574
54575
54576
54577
54578
54579
54580
54581
54582
54583
54584
54585
54586
54587
54588
54613
54614
54615
54616
54617
54618
54632
54633
54634
54635
54636
54637
54638
54639
54640
54641
54642
54643
54644
54645
54646
54647
54648
54649
54650
54651
54652
54653
54654
54659
54660
54661
54662
54663
54664
54665
54666
54667
54668
54669
54670
54671
54672
54673
54674
54675
54676
54677
54678
54679
54680
54681
54682
54683
54684
54685
54686
54687
54688
54689
54690
54691
54692
54693
54694
54695
54696
54697
54698
54699
54700
54701
54702
54703
54708
54709
54710
54711
54712
54713
54714
54715
54716
54717
54718
54719
54720
54721
54722
54723
54729
54730
54731
54732
54733
54734
54735
54736
54737
54739
54740
54741
54742
54743
54744
54745
54746
54747
54748
54749
54750
54751
54752
54759
54760
54761
54762
54763
54764
54765
54766
54767
54768
54769
54770
54771
54772
54773
54774
54775
54777
54778
54779
54780
54781
54782
54783
54784
54785
54790
54791
54792
54793
54794
54795
54796
54797
54798
54799
54809
54810
54811
54812
54813
54814
54815
54819
54820
54821
54822
54823
54824
54825
54826
54827
54828
54829
54830
54831
54832
54833
54834
54849
54850
54851
54852
54855
54856
54858
54859
54860
54861
54862
54863
54864
54865
54866
54872
54873
54874
54875
54876
54881
54882
54883
54884
54885
54886
54887
54888
54889
54890
54891
54892
54893
54894
54895
54896
54897
54898
54899
54900
54902
54903
54904
54906
54907
54908
54912
54913
54914
54916
54917
54918
54919
54920
54921
54922
54923
54924
54931
54932
54933
54934
54935
54936
54940
54941
54942
54943
54944
54945
54946
54947
54948
54958
54959
54960
54961
54962
54975
54976
54977
54984
54985
54988
54989
54990
55001
55002
55003
55008
55009
55010
55015
55016
55017
55018
55019
55020
55044
55045
55046
55047
55048
55049
55050
55051
55052
55053
55054
55055
55056
55057
55058
55059
55060
55061
55062
55063
55064
55065
55066
55067
55068
55069
55070
55071
55072
55073
55074
55075
55076
55077
55078
55079
55080
55081
55082
55083
55084
55085
55086
55087
55088
55089
55090
55091
55092
55093
55094
55095
55096
55097
55098
55099
55100
55101
55102
55103
55104
55105
55106
55107
55108
55109
55110
55111
55112
55115
55116
55117
55118
55119
55120
55121
55122
55123
55124
55125
55126
55127
55128
55129
55130
55131
55132
55133
55134
55135
55136
55137
55138
55139
55140
55146
55147
55148
55149
55150
55151
55152
55153
55154
55155
55156
55157
55158
55159
55160
55161
55162
55163
55164
55165
55166
55167
55168
55169
55170
55172
55173
55174
55175
55176
55177
55178
55179
55180
55181
55182
55183
55184
55185
55186
55187
55188
55189
55190
55191
55192
55193
55194
55195
55196
55197
55198
55199
55200
55201
55202
55203
55204
55205
55206
55231
55232
55233
55234
55235
55236
55237
55238
55239
55240
55241
55242
55243
55244
55245
55246
55247
55248
55249
55250
55251
55252
55253
55254
55255
55256
55257
55258
55259
55260
55261
55262
55263
55264
55265
55266
55267
55268
55269
55270
55271
55272
55273
55274
55275
55276
55277
55278
55279
55280
55281
55282
55283
55284
55285
55286
55287
55288
55289
55290
55291
55297
55298
55299
55300
55301
55302
55303
55304
55332
55333
55334
55335
55336
55337
55338
55339
55340
55341
55342
55343
55344
55345
55346
55347
55348
55349
55350
55351
55352
55353
55354
55355
55356
55357
55358
55359
55360
55361
55376
55379
55384
55385
55386
55387
55388
55389
55390
55391
55392
55393
55394
55395
55396
55397
55398
55399
55400
55417
55418
55419
55420
55421
55422
55443
55445
55450
55452
55471
55472
55473
55474
55475
55476
55477
55478
55479
55480
55481
55482
55483
55484
55485
55486
55487
55488
55489
55490
55491
55492
55493
55494
55495
55496
55535
55538
55539
55541
55542
55543
55545
55546
55547
55548
55549
55550
55551
55552
55553
55554
55555
55557
55560
55562
55567
55568
55570
55571
55572
55573
55574
55575
55576
55577
55579
55582
55586
55587
55588
55589
55590
55591
55592
55593
55594
55600
55601
55602
55603
55604
55605
55606
55607
55608
55644
55645
55646
55647
55648
55649
55650
55651
55652
55659
55660
55661
55662
55663
55664
55665
55666
55667
55674
55675
55676
55677
55678
55679
55683
55684
55685
55686
55687
55688
55689
55690
55691
55692
55693
55694
55695
55696
55697
55698
55699
55700
55701
55707
55708
55709
55710
55720
55721
55722
55723
55724
55725
55726
55727
55728
55729
55732
55733
55734
55735
55736
55737
55738
55739
55747
55748
55749
55750
55753
55754
55755
55756
55757
55758
55759
55760
55761
55762
55763
55766
55767
55769
55770
55771
55772
55774
55775
55777
55778
55779
55780
55781
55782
55784
55785
55786
55787
55788
55789
55790
55791
55792
55793
55795
55796
55797
55798
55799
55801
55802
55803
55804
55805
55807
55808
55809
55810
55811
55812
55820
55821
55822
55823
55824
55825
55826
55827
55828
55829
55830
55831
55832
55833
55834
55835
55836
55837
55838
55839
55841
55843
55844
55845
55846
55847
55848
55849
55850
55851
55852
55853
55854
55855
55856
55857
55858
55859
55860
55861
55862
55863
55864
55865
55866
55867
55868
55869
55870
55871
55872
55873
55874
55875
55876
55877
55885
55886
55887
55888
55889
55890
55891
55892
55897
55898
55899
55900
55901
55902
55903
55904
55905
55906
55908
55909
55910
55911
55912
55913
55914
55915
55916
55917
55930
55931
55932
55933
55934
55935
55936
55937
55938
55939
57833
57834
57835
57836
57837
57838
57839
57840
57841
57842
57843
57844
57845
57846
57847
57848
57849
57850
57851
57852
57853
57854
57855
57856
57857
57858
57859
57860
57861
57862
57863
57864
57865
57866
57867
57868
57869
57870
57871
57872
57873
57874
57875
57876
57877
57878
57879
57880
57881
57882
57883
57884
57885
57886
57887
57888
57889
57890
57891
57892
57893
57894
57895
57896
57897
57898
57900
57902
57904
57907
57908
57909
57910
57911
57912
57913
57914
57915
57916
57917
57918
57919
57920
57921
57922
57923
57924
57925
57926
57927
57928
57929
57930
57931
57932
57933
57934
57935
57936
57937
57942
57944
57945
57946
57947
57948
57958
57959
57989
57990
57994
57996
57997
57999
58000
58001
58003
58004
58007
58008
58011
58017
58018
58020
58024
58028
58029
58030
58032
58033
58034
58041
58045
58046
58047
58048
58049
58051
58052
58053
58054
58055
58056
58060
58062
58063
58064
58065
58066
58072
58075
58078
58079
58080
58083
58092
58093
58097
58098
58099
58100
58105
58107
58108
58109
58110
58118
58119
58120
58121
58122
58123
58125
58128
58129
58130
58132
58133
58141
58143
58144
58145
58149
58150
58151
58157
58160
58162
58163
58166
58167
58168
58169
58176
58179
58184
58185
58186
58190
58191
58193
58194
58195
58196
58199
58207
58208
58210
58211
58212
58220
58222
58225
58226
58227
58228
58229
58230
58233
58234
58235
58236
58237
58238
58243
58244
58245
58249
58252
58255
58256
58257
58258
58263
58265
58266
58267
58271
58272
58273
58274
58275
58276
58277
58278
58279
58280
58281
58282
58283
58289
58291
58292
58293
58294
58295
58302
58304
58305
58306
58307
58308
58309
58310
58323
58325
58326
58327
58328
58333
58335
58336
58337
58338
58339
58340
58341
58342
58343
58353
58354
58355
58356
58357
58358
58359
58360
58361
58362
58363
58364
58365
58371
58372
58373
58374
58375
58376
58377
58378
58379
58380
58381
58389
58390
58391
58392
58393
58394
58403
58404
58405
58406
58407
58414
58420
58421
58422
58423
58428
58430
58432
58433
58435
58436
58437
58439
58440
58443
58444
58447
58452
58454
58456
58460
58462
58465
58466
58468
58469
58470
58477
58481
58482
58483
58484
58485
58488
58489
58490
58491
58494
58496
58498
58499
58500
58501
58502
58508
58511
58514
58515
58516
58519
58528
58529
58533
58534
58535
58536
58544
58545
58546
58547
58549
58557
58558
58559
58560
58561
58564
58565
58566
58568
58569
58577
58579
58580
58583
58584
58585
58591
58594
58596
58598
58599
58600
58601
58608
58611
58615
58616
58617
58621
58622
58624
58625
58627
58633
58634
58636
58637
58638
58646
58647
58648
58649
58650
58651
58654
58655
58656
58657
58658
58659
58664
58665
58674
58675
58676
58677
58682
58683
58684
58685
58686
58687
58688
58689
58690
58691
58692
58693
58694
58700
58702
58703
58704
58705
58706
58713
58715
58717
58718
58719
58720
58721
58722
58723
58736
58738
58739
58740
58741
58746
58748
58749
58750
58751
58752
58753
58754
58755
58756
58766
58767
58768
58769
58770
58771
58772
58773
58774
58775
58776
58777
58778
58779
58780
58781
58782
58783
58784
58790
58791
58792
58793
58800
58801
58802
58803
58804
58805
58814
58815
58816
58827
58828
58829
58830
58837
58839
58842
58844
58846
58848
58850
58851
58852
58853
58858
58859
58862
58863
58869
58874
58878
58879
58882
58886
58887
58888
58889
58894
58895
58896
58897
58902
58903
58905
58906
58908
58909
58910
58912
58914
58915
58926
58927
58929
58930
58932
58938
58939
58941
58946
58947
58950
58951
58952
58953
58954
58955
58962
58963
58964
58965
58966
58972
58973
58974
58975
58976
58982
58983
58984
58988
58989
58990
58991
58992
58993
58994
58995
59004
59005
59006
59010
59011
59012
59013
59014
59015
59016
59024
59025
59026
59027
59028
59029
59030
59031
59032
59033
59034
59035
59036
59037
59038
59039
59040
59041
59042
59043
59044
59045
59046
59047
59048
59049
59050
59051
59052
59053
59054
59055
59056
59057
59058
59059
59060
59061
59062
59063
59064
59065
59066
59067
59068
59069
59070
59071
59072
59073
59074
59075
59076
59077
59078
59079
59080
59081
59082
59083
59084
59085
59086
59087
59088
59089
59090
59091
59092
59093
59094
59095
59096
59097
59098
59099
59100
59101
59102
59103
59104
59105
59106
59107
59108
59109
59110
59111
59112
59113
59114
59115
59116
59117
59118
59119
59120
59121
59122
59123
59124
59125
59126
59127
59128
59129
59130
59131
59132
59133
59134
59135
59136
59137
59138
59139
59140
59141
59142
59143
59144
60630
60631
60632
60633
60634
60635
60636
60637
60648
60649
60650
60651
60652
60653
60654
60655
60656
60661
60662
60663
60664
60665
60666
60667
60668
60669
60670
60671
60672
60673
60674
60675
60676
60677
60678
60679
60680
60681
60682
60683
60684
60685
60686
60687
60688
60689
60690
60691
60692
60693
60694
60695
60696
60697
60698
60699
60700
60701
60702
60703
60704
60705
60706
60707
60708
60709
60710
60711
60712
60713
60714
60715
60716
60717
60718
60719
60720
60721
60722
60723
60724
60725
60726
60727
60728
60729
60730
60731
60732
60733
60734
60735
60736
60737
60738
60739
60740
60741
60742
60743
60744
60745
60746
60747
60748
60749
60750
60751
60752
60753
60754
60755
60756
60757
60758
60759
60760
60761
60762
60763
60764
60765
60766
60767
60768
60769
60770
60771
60772
60773
60774
60775
60776
60777
60778
60779
60780
60781
60782
60783
60784
60819
60833
61042
61043
61051
61053
61060
61061
61064
61065
61070
61071
61074
61075
61079
61082
61083
61084
61085
61086
61087
61102
61103
61107
61108
61111
61113
61114
61115
61116
61117
61131
61136
61137
61138
61142
61144
61145
61146
61147
61148
61149
61150
61151
61152
61171
61172
61319
61320
61321
61322
61323
61324
61325
61326
61327
61328
61329
61330
61331
61332
61333
61334
61335
61336
61337
61338
61339
61340
61341
61342
61343
61344
61345
61346
61353
61354
61355
61356
61357
61358
61359
61360
61361
61362
61363
61364
61365
61366
61367
61368
61369
61370
61371
61372
61373
61374
61375
61376
61377
61378
61379
61380
61381
61382
61383
61384
61385
61386
61387
61388
61389
61390
61391
61392
61393
61394
61395
61396
61397
61398
61399
61400
61401
61402
61403
61404
61405
61406
61407
61408
61409
61410
61411
61412
61413
61414
61415
61416
61417
61418
61419
61420
61421
61422
61423
61424
61425
61426
61427
61428
61429
61430
61431
61432
61433
61434
61435
61436
61437
61438
61439
61440
61441
61442
61443
61444
61445
61446
61456
61457
61458
61459
61460
61472
61473
61474
61475
61476
61477
61478
61479
61480
61481
61482
61483
61493
61494
61495
61496
61497
61498
61499
61500
61501
61502
61503
61504
61513
61514
61515
61516
61517
61518
61519
61520
61527
61528
61529
61530
61531
61532
61533
61534
61535
61536
61537
61538
61539
61540
61541
61542
61543
61544
61545
61546
61547
61548
61549
61550
61551
61552
61553
61554
61555
61556
61557
61560
61562
61563
61564
61565
61566
61567
61568
61569
61573
61574
61575
61576
61577
61578
61579
61580
61581
61582
61586
61587
61588
61590
61591
61595
61600
61603
61604
61607
61608
61610
61611
61612
61624
61626
61627
61628
61631
61636
61637
61640
61641
61648
61650
61653
61654
61655
61658
61659
61660
61662
61667
61668
61669
61670
61672
61673
61674
61675
61685
61690
61696
61700
61701
61702
61703
61707
61708
61709
61710
61713
61714
61715
61716
61719
61722
61723
61724
61725
61726
61729
61730
61731
61732
61735
61736
61737
61738
61741
61743
61744
61745
61746
61747
61748
61755
61756
61757
61758
61759
61760
61761
61762
61763
61774
61777
61778
61779
61781
61788
61791
61793
61794
61795
61796
61803
61804
61805
61807
61816
61826
61828
61829
61830
61831
61838
61839
61840
61841
61842
61851
61852
61853
61855
61856
61857
61858
61860
61861
61862
61863
61880
61881
61882
61883
61884
61885
61886
61887
61888
61889
61891
61892
61893
61895
61897
61902
61903
61904
61915
61916
61917
61918
61920
61921
61922
61928
61929
61930
61931
61932
61934
61935
61950
61951
61954
61956
61960
61961
61962
61963
61968
61969
61970
61974
61975
61976
61982
61986
61989
61991
61995
61997
62002
62003
62004
62005
62006
62012
62013
62014
62015
62020
62021
62022
62023
62026
62030
62034
62038
62041
62044
62051
62053
62054
62055
62056
62057
62065
62066
62067
62068
62073
62074
62075
62087
62088
62090
62091
62092
62093
62094
62095
62096
62107
62108
62109
62110
62111
62112
62121
62122
62123
62124
62125
62126
62127
62128
62129
62130
62131
62132
62133
62134
62135
62136
62137
62138
62139
62140
62141
62142
62143
62150
62151
62152
62153
62154
62155
62156
62157
62158
62159
62172
62173
62174
62175
62176
62177
62198
62199
62200
62201
62206
62207
62208
62209
62210
62211
62212
62213
62214
62215
62216
62217
62218
62219
62220
62221
62222
62223
62224
62225
62226
62227
62228
62229
62230
62231
62232
62233
62234
62235
62236
62237
62238
62239
62240
62241
62242
62243
62244
62251
62252
62253
62264
62265
62266
62267
62268
62269
62270
62271
62272
62273
62274
62275
62276
62277
62278
62295
62297
62299
62300
62303
62304
62305
62306
62307
62308
62309
62310
62311
62312
62314
62315
62316
62317
62318
62319
62320
62321
62322
62355
62356
62361
62363
62365
62366
62367
62368
62369
62370
62371
62372
62373
62374
62375
62388
62389
62391
62392
62393
62394
62395
62396
62397
62398
62399
62400
62401
62402
62403
62404
62405
62406
62407
62408
62409
62410
62411
62412
62434
62435
62436
62437
62438
62439
62440
62441
62442
62443
62444
62445
62446
62447
62448
62449
62450
62451
62452
62453
62454
62455
62456
62457
62458
62459
62460
62461
62462
62463
62464
62465
62466
62467
62468
62469
62470
62471
62472
62473
62474
62475
62476
62485
62486
62487
62488
62489
62490
62491
62492
62493
62494
62510
62511
62514
62515
62516
62517
62518
62519
62520
62521
62526
62527
62528
62529
62530
62531
62532
62533
62534
62535
62562
62563
62564
62565
62566
62567
62568
62569
62570
62597
62598
62599
62600
62601
62602
62607
62608
62609
62610
62611
62613
62617
62618
62619
62620
62621
62622
62623
62624
62625
62626
62627
62628
62629
62630
62631
62632
62633
62634
62635
62636
62637
62638
62639
62640
62641
62642
62643
62644
62645
62646
62647
62648
62649
62650
62651
62652
62653
62654
62655
62656
62657
62659
62661
62662
62663
62664
62665
62666
62668
62669
62670
62671
62672
62673
62674
62675
62676
62677
62680
62681
62682
62683
62684
62685
62686
62687
62688
62689
62690
62693
62694
62695
62696
62697
62698
62699
62700
62701
62702
62703
62704
62705
62706
62707
62708
62709
62710
62711
62712
62714
62718
62719
62721
62722
62723
62724
62725
62726
62727
62728
62729
62730
62731
62732
62734
62738
62739
62741
62742
62743
62744
62747
62752
62753
62754
62755
62756
62757
62758
62759
62760
62761
62762
62763
62764
62766
62767
62768
62769
62770
62771
62772
62773
62774
62775
62776
62777
62779
62780
62781
62782
62784
62785
62786
62787
62788
62789
62790
62791
62792
62793
62794
62795
62796
62797
62798
62799
62800
62801
62802
62803
62804
62805
62806
62807
62808
62809
62810
62811
62812
62814
62815
62818
62819
62820
62827
62828
62829
62830
62831
62834
62835
62922
62923
62924
62925
62926
62927
62928
62929
62930
62931
62932
62933
62934
62935
62936
62937
62938
62939
62940
62941
62942
62943
62944
62945
62946
62947
62948
62949
62950
62951
62952
62953
62954
62955
62956
62957
62959
62960
62967
62968
62969
62970
62971
62973
62986
62992
62993
63002
63003
63007
63008
63010
63011
63012
63013
63014
63015
63016
63017
63019
63020
63021
63022
63023
63027
63032
63034
63035
63036
63037
63038
63039
63040
63041
63042
63043
63044
63046
63047
63048
63049
63050
63051
63052
63053
63054
63057
63059
63060
63063
63064
63065
63066
63070
63071
63072
63075
63076
63077
63080
63082
63083
63086
63087
63088
63089
63091
63092
63093
63094
63096
63098
63099
63102
63103
63104
63105
63106
63107
63112
63113
63114
63115
63116
63117
63118
63119
63120
63124
63129
63135
63140
63143
63146
63155
63158
63159
63160
63163
63164
63165
63168
63169
63170
63171
63175
63176
63185
63187
63188
63189
63190
63197
63199
63201
63206
63207
63208
63209
63210
63211
63212
63213
63215
63218
63219
63220
63221
63222
63223
63224
63225
63226
63227
63228
63229
63230
63231
63234
63238
63239
63240
63243
63245
63246
63247
63248
63250
63252
63253
63263
63264
63265
63266
63267
63275
63276
63277
63279
63280
63281
63285
63286
63287
63296
63297
63298
63299
63301
63302
63303
63304
63305
63307
63308
63309
63310
63312
63313
63314
63316
63318
63320
63322
63329
63330
63331
63338
63339
63340
63341
63342
63343
63344
63345
63346
63347
63348
63349
63350
63352
63353
63354
63355
63356
63357
63361
63363
63366
63368
63369
63370
63371
63383
63384
63385
63387
63394
63395
63396
63397
63398
63399
63400
63401
63402
63403
63404
63405
63423
63430
63440
63444
63445
63446
63447
63451
63452
63453
63456
63458
63459
63460
63461
63462
63469
63470
63471
63472
63473
63477
63480
63481
63482
63483
63486
63489
63490
63491
63492
63495
63497
63498
63499
63509
63514
63516
63524
63525
63526
63527
63538
63539
63540
63541
63542
63543
63544
63545
63546
63547
63548
63549
63550
63551
63552
63577
63580
63582
63583
63584
63586
63595
63600
63603
63605
63606
63607
63608
63609
63624
63627
63628
63629
63632
63642
63665
63666
63667
63668
63669
63676
63677
63678
63679
63680
63690
63691
63692
63696
63697
63698
63700
63701
63702
63703
63704
63706
63707
63708
63710
63711
63712
63713
63734
63735
63736
63737
63738
63739
63740
63741
63771
63772
63773
63775
63776
63778
63784
63785
63786
63803
63804
63805
63806
63807
63808
63809
63810
63811
63812
63813
63815
63816
63819
63820
63821
63823
63824
63825
63828
63829
63830
63832
63833
63861
63863
63865
63869
63870
63871
63875
63876
63877
63881
63882
63883
63889
63893
63895
63900
63901
63902
63908
63909
63910
63911
63916
63917
63918
63919
63923
63924
63925
63928
63933
63937
63940
63947
63948
63949
63950
63955
63956
63957
63962
63963
63964
63976
63977
63978
63979
63980
63981
63982
63983
63992
63993
63994
63995
63996
64005
64006
64007
64008
64009
64010
64011
64012
64013
64014
64015
64016
64017
64018
64019
64020
64021
64022
64023
64024
64025
64026
64027
64028
64029
64034
64035
64036
64037
64038
64039
64040
64041
64042
64043
64044
64045
64046
64056
64057
64058
64059
64068
64069
64070
64071
64072
64073
64074
64075
64076
64077
64078
64079
64080
64081
64082
64083
64106
64107
64108
64109
64114
64115
64116
64117
64138
64139
64140
64141
64142
64143
64144
64145
64146
64147
64148
64149
64150
64151
64152
64153
64154
64159
64160
64161
64162
64163
64164
64165
64166
64167
64168
64169
64170
64171
64172
64173
64174
64175
64176
64177
64178
64179
64180
64181
64182
64183
64184
64185
64186
64187
64188
64189
64190
64191
64192
64193
64194
64195
64200
64201
64202
64203
64204
64205
64206
64207
64208
64209
64210
64211
64212
64213
64214
64215
64216
64228
64229
64230
64231
64232
64247
64248
64249
64250
64251
64252
64253
64254
64255
64256
64257
64258
64259
64260
64261
64262
64263
64264
64265
64266
64267
64268
64270
64271
64272
64273
64274
64275
64276
64277
64278
64311
64312
64313
64314
64315
64316
64317
64318
64319
64320
64321
64322
64323
64324
64325
64326
64327
64328
64329
64334
64336
64339
64340
64341
64342
64347
64348
64349
64350
64351
64359
64360
64361
64362
64363
64364
64365
64366
64367
64369
64370
64371
64372
64373
64374
64375
64376
64377
64378
64379
64380
64437
64443
64445
64447
64448
64449
64450
64451
64452
64453
64454
64455
64465
64467
64468
64469
64470
64471
64472
64473
64474
64475
64476
64477
64478
64479
64480
64481
64482
64483
64484
64485
64486
64487
64488
64489
64490
64491
64492
64493
64494
64496
64497
64498
64499
64500
64501
64502
64503
64504
64505
64506
64507
64508
64509
64510
64511
64536
64537
64538
64539
64542
64543
64544
64545
64546
64547
64548
64549
64550
64551
64552
64553
64554
64555
64556
64557
64558
64559
64560
64561
64562
64563
64564
64565
64566
64567
64568
64569
64570
64571
64572
64573
64574
64575
64576
64577
64578
64579
64580
64581
64582
64583
64584
64585
64586
64587
64588
64589
64590
64613
64614
64615
64616
64617
64618
64619
64620
64621
64622
64623
64624
64625
64626
64627
64628
64629
64630
64631
64632
64635
64636
64637
64638
64639
64640
64641
64666
64667
64668
64669
64670
64671
64672
64673
64682
64683
64684
64685
64686
64687
64688
64689
64710
64711
64712
64713
64714
64715
64716
64717
64722
64723
64724
64725
64726
64727
64728
64729
64730
64731
64732
64733
64734
64735
64736
64737
64738
64739
64740
64741
64742
64743
64744
64745
64788
64789
64790
64791
64792
64793
64794
64795
64800
64801
64802
64803
64830
64831
64832
64833
64834
64835
64838
64839
64840
64841
64842
64849
64850
64851
64852
64855
64856
64857
64858
64861
64862
64863
64864
64865
64866
64876
64877
64878
64879
64880
64881
64882
64890
64891
64892
64893
64894
64895
64896
64897
64898
64899
64900
64901
64902
64903
64919
64922
64924
64927
64928
64931
64937
64939
64944
64949
64954
64955
64956
64958
64983
64985
64991
64992
64993
64994
65000
65001
65002
65007
65009
65010
65011
65016
65018
65019
65026
65027
65030
65032
65034
65035
65036
65037
65038
67597
67598
67599
67600
67601
67602
67606
67607
67608
67609
67610
67613
67614
67615
67616
67617
67619
67621
67622
67623
67624
67625
67626
67627
67629
67630
67632
67633
67637
67638
67639
67641
67642
67643
67644
67645
67646
67650
67651
67653
67655
67656
67657
67659
67661
67662
67663
67664
67665
67666
67667
67668
67669
67670
67671
67672
67673
67674
67675
67676
67680
67684
67685
67686
67687
67688
67689
67690
67691
67692
67693
67694
67700
67702
67703
67704
67705
67706
67707
67708
67709
67710
67711
67712
67715
67716
67717
67718
67722
67723
67724
67727
67729
67730
67731
67732
67734
67735
67736
67737
67738
67742
67743
67744
67746
67747
67748
67749
67750
67751
67752
67753
67754
67755
67756
67757
67758
67759
67768
67769
67770
67771
67772
67773
67774
67775
67776
67777
67778
67779
67780
67785
67786
67787
67788
67789
67790
67792
67794
67795
67796
67797
67798
67799
67800
67803
67804
67805
67806
67807
67808
67809
67810
67811
67814
67815
67816
67817
67818
67819
67820
67822
67823
67824
67825
67826
67829
67830
67831
67832
67833
67834
67835
67836
67837
67838
67839
67841
67846
67847
67848
67849
67850
67851
67852
67853
67857
67858
67859
67860
67862
67867
67868
67869
67870
67871
67872
67873
67874
67876
67877
67879
67880
67881
67882
67884
67885
67890
67891
67892
67893
67895
67896
67897
67899
67900
67901
67904
67906
67907
67908
67909
67910
67911
67912
67913
67915
67917
67918
67919
67920
67921
67929
67931
67932
67933
67934
67935
67936
67937
67938
67939
67940
67941
67947
67948
67949
67952
67956
67957
67958
67959
67960
67961
67962
67963
67964
67965
67966
67967
67968
67969
67970
67971
69457
69458
69459
69460
69461
69462
69463
69464
69465
69466
69467
69468
69469
69470
69471
69472
69473
69474
69475
69476
69477
69478
69479
69480
69481
69482
69483
69484
69485
69486
69487
69488
69489
69490
69491
69492
69493
69494
69495
69496
69497
69498
69499
69500
69501
69502
69503
69504
69505
69506
69507
69508
69509
69510
69511
69512
69513
69514
69515
69516
69517
69518
69519
69520
69521
69522
69523
69524
69525
69526
69527
69528
69529
69530
69531
69532
69533
69534
69535
69536
69537
69538
69539
69540
69541
69542
69543
69544
69545
69546
69547
69548
69549
69550
69551
69552
69553
69554
69555
69556
69557
69558
69559
69560
69561
69562
69563
69564
69565
69566
69567
69568
69569
69570
69571
69572
69573
69574
69575
69576
69577
69578
69579
69580
69581
69582
69583
69584
69585
69586
69587
69588
69589
69590
69591
69592
69593
69594
69595
69596
69597
69598
69599
69600
69601
69602
69603
69604
69605
69606
69607
69608
69609
69610
69611
69612
69613
69614
69615
69616
69617
69618
69619
69620
69621
69622
69623
69624
69625
69626
69627
69628
69629
69630
69631
69632
69633
69634
69635
69636
69637
69638
69639
69640
69641
69642
69643
69644
69645
69646
69647
69648
69649
69650
69651
69652
69653
69654
69655
69656
69657
69658
69659
69660
69661
69662
69663
69664
69665
69666
69667
69668
69669
69670
69671
69672
69673
69674
69675
69676
69677
69678
69679
69680
69681
69732
69733
69734
69735
69736
69737
69738
69739
69740
69741
69773
69774
69775
70035
70036
70037
70038
70039
70040
70041
70042
70043
70044
70045
70046
70047
70048
70049
70094
70095
70096
70097
70098
70099
70100
70101
70102
70103
70104
70105
70106
70107
70156
70157
70158
70159
70160
70161
70162
70163
70210
70211
70212
70425
70427
70428
70430
70431
70432
70433
70434
70436
70437
70440
70441
70442
70444
70445
70448
70449
70452
70453
70456
70460
70461
70462
70464
70466
70473
70475
70478
70479
70487
70488
70489
70490
70491
70497
70498
70499
70502
70503
70506
70507
70509
70510
70511
70516
70517
70518
70519
70520
70524
70525
70526
70531
70532
70533
70534
70535
70536
70537
70542
70543
70544
70547
70550
70551
70552
70553
70555
70556
70558
70559
70560
70561
70563
70564
70565
70571
70573
70574
70575
70577
71661
71662
71663
71665
71667
71668
71669
71670
71671
71672
71673
71674
71675
71676
71677
71679
71680
71681
71682
71683
71686
71687
71688
71689
71690
71691
71692
71694
71696
71697
71698
71699
71700
71701
71702
71704
71705
71707
71708
71709
71710
71711
71712
71713
71715
71717
71718
71719
71721
71722
71723
71725
71733
71737
71738
71739
71740
71742
71743
71744
71745
71747
71748
71749
71750
71752
71753
71756
71760
71761
71765
71767
71768
71770
71771
71772
71778
71779
71780
71788
71789
71790
71791
71792
71793
71794
71795
71796
71797
71800
71803
71804
71805
71842
71843
71844
71845
71846
71849
71850
71851
71852
71859
71860
71861
71862
71863
71864
71869
71870
71871
71872
71873
71874
71875
71876
71877
71878
71879
71880
71881
71883
71884
71888
71890
71891
71892
71893
71897
71898
71899
71907
71908
71909
71910
71911
71912
71913
71914
71915
71916
71919
71920
71921
71922
71923
71924
71925
71926
71927
71928
71929
71930
71931
71932
71933
71938
71945
71946
71957
71958
71959
71960
71961
71963
71967
71969
71970
71971
71973
71975
71976
71978
71979
71983
71984
71985
71986
71987
71988
71989
71990
71991
71992
71993
71994
71995
71996
71997
71998
71999
72001
72002
72003
72004
72005
72006
72007
72008
72009
72010
72011
72012
72016
72017
73836
73838
73839
73840
73841
73842
73843
73846
73847
73848
73850
73851
73852
73853
73854
73855
73856
73857
73858
73859
73860
73861
73862
73863
73864
73867
73870
73872
73874
73876
73877
73878
73879
73880
73881
73883
73885
73886
73887
73889
73890
73891
73893
73894
73895
73896
73900
73901
73902
73903
73905
73931
73932
73933
73934
73935
73940
73941
73942
73943
73944
73945
73946
73947
73948
73949
73950
73951
73956
73957
73958
73959
73960
73965
73966
73967
73968
73969
73970
73971
73972
73973
73974
73976
73977
73978
73979
73980
73981
73984
73985
73993
73994
73995
73999
74000
74002
74003
74005
74006
74007
74008
74009
74010
74011
74012
74013
74014
74015
74016
74017
74018
74019
74020
96646
96653
96655
96656
96658
96659
96660
96663
96664
96665
96666
96667
96668
96669
96670
96671
96672
96673
96675
96676
96678
96843
96844
96865
96898
96902
96906
96909
96910
96911
96914
96918
96919
96920
96921
96922
96923
96924
96925
96926
96927
96928
96929
96930
96936
96938
96939
96940
96941
96942
96943
96950
96951
96952
96953
96954
96955
96956
96957
96958
96959
96960
96961
96962
96963
96964
96972
96974
96975
96980
96981
96982
96997
96998
97000
97001
97002
97004
97005
97006
97007
97008
97009
97010
97012
97013
97014
97015
97016
97017
97020
97025
97026
97027
97028
97029
97030
97031
97032
97033
97034
97035
97036
97037
97038
97039
97040
97041
97042
97043
97044
97045
97056
97064
97070
97075
97076
97077
97078
97079
97080
97081
97082
97083
97084
97085
97087
97088
97089
97091
97092
97093
97094
97095
97096
97097
97098
97117
97119
97121
97125
97127
97128
97129
97131
97132
97134
97137
97142
97147
97151
97158
97159
97162
97165
97168
97185
97199
97201
97204
97205
97207
97208
97209
97211
97214
97216
97217
97219
97220
97221
97225
97226
97227
97230
97231
97232
97234
97235
97236
97237
97238
97239
97240
97241
97242
97243
97245
97246
97247
97248
97249
97250
97251
97252
97253
97254
97255
97257
97258
97260
97261
97262
97264
97266
97267
97274
97277
97282
97283
97284
97285
97286
97287
97288
97289
97290
97291
97292
97293
97295
97296
97297
97298
97299
97300
97303
97304
97305
97307
97308
97309
97310
97311
97312
97313
97314
97316
97341
97342
97344
97346
97348
97349
97351
97352
97353
97356
97357
97359
97361
97362
97365
97367
97369
97372
97373
97376
97378
97379
97380
97385
97389
97390
97393
97394
97399
97401
97420
97422
97431
97434
97436
97439
97440
97441
97442
97443
97445
97446
97447
97448
97449
97450
97451
97452
97454
97455
97456
97457
97458
97459
97461
97462
97463
97464
97466
97467
97468
97469
97470
97472
97473
97474
97476
97478
97479
97480
97482
97483
97485
97486
97488
97490
97492
97494
97495
97496
97497
97498
97499
97500
97501
97502
97503
97504
97505
97506
97507
97511
97516
97518
97520
97522
97524
97526
97527
97529
97530
97532
97534
97536
97537
97539
97540
97541
97542
97543
97552
97553
97554
97555
97556
97562
97591
97593
97594
97595
97597
97598
97599
97600
97601
97603
97604
97605
97606
97608
97609
97610
97611
97612
97613
97614
97615
97616
97617
97618
97619
97620
97621
97623
97624
97625
97626
97627
97628
97629
97631
97632
97634
97637
97639
97642
97643
97644
97645
97646
97649
97650
97653
97655
97657
97659
97660
97661
97662
97664
97665
97666
97667
97680
97682
97685
97686
97699
97701
97704
97729
97732
97733
97738
97740
97746
97749
97751
97753
97754
97759
97760
97763
97767
97771
97893
97894
97949
97954
98210
98216
98222
98225
98234
98239
98255
98258
98260
98261
98263
98266
98268
98270
98274
98281
98282
98285
98287
98288
98290
98293
98295
98296
98297
98304
98306
98307
98319
98320
98321
98322
98323
98324
98325
98326
98327
98328
98329
98330
98331
98332
98333
98335
98336
98337
98338
98339
98340
98347
98375
98380
98382
98388
98394
98396
98399
98400
98402
99334
99340
99345
99355
99357
99358
99359
99361
99367
99368
99369
99370
99371
99372
99520
99540
99541
99542
99543
99550
99555
99557
99575
99580
99584
99587
99595
99606
99607
99608
99610
99612
99614
99617
99625
99628
99634
99637
99646
99647
99650
99652
99653
99657
99659
99660
99669
99670
99671
99679
99682
99683
99684
99688
99689
99690
99694
99695
99696
99702
99703
99704
99708
99711
99712
99730
99732
99734
99771
99826
99829
99830
99832
99837
99846
99851
99862
99863
99865
99867
99868
99869
99874
99890
99891
99893
99895
99904
99914
99917
99918
99921
99929
99935
99937
99939
99940
99944
99946
99947
99953
99955
99957
99960
99961
99964
99967
99970
99973
99974
100049
100050
100053
100063
100064
100066
100069
100070
100071
100072
100073
100076
100077
100082
100087
100091
100093
100100
100110
100111
100121
100122
100139
100443
100445
100446
100450
100475
100605
100648
100755
100756
100769
100779
100829
100854
100876
101315
101317
101320
101322
101324
101327
101330
101371
101372
101375
101402
101403
101405
101407
101410
101413
101416
101420
101421
101427
101428
101429
101433
101436
101439
101440
101441
101443
101444
101446
101449
101451
101453
101456
101460
101467
101474
101476
101499
101503
101504
101512
101513
101518
101520
101533
101536
101543
101552
101559
101567
101580
101581
101612
101617
101620
101622
101634
101652
101661
101663
101666
101670
101671
101674
101714
101718
101721
101723
101725
101728
101732
101736
101745
101762
101764
101766
101770
101771
101772
101773
101775
101778
101780
101781
101784
101787
101792
101796
101798
101800
101804
101809
101812
101814
101819
101822
101823
102259
102264
102267
102268
102269
102270
102271
102272
102273
102275
102276
102281
102282
102284
102289
102290
102291
102292
102294
102297
102300
102303
102324
102326
102327
102329
102331
102332
102335
102336
102338
102339
102340
102342
102343
102345
102347
102353
102363
102366
102369
102371
102378
102383
102385
102387
102390
102394
102400
102402
102410
102413
102414
102416
102417
102419
102420
102421
102423
102424
102425
102426
102427
102428
102429
102431
102432
102433
102435
102437
102438
102439
102440
102441
102442
102454
102457
102460
102507
102508
102509
102512
102517
102519
102521
102524
102528
102529
102532
102533
102534
102536
102538
102539
102541
102546
102549
102550
102551
102553
102560
102561
102587
102589
102590
102591
102593
102594
102597
102599
102600
102601
102606
102612
102616
102624
102646
102648
102653
102658
102663
102671
102674
102712
102714
102717
102720
102731
102732
102733
102740
102742
102744
102747
102748
102749
102751
102754
102755
102778
102779
102780
102781
102782
102783
102784
102786
102801
102804
102805
102806
102808
102809
102811
102813
102814
102820
102824
102825
102826
102827
102828
102829
102830
102831
102832
102833
102912
102914
102916
102917
102918
102922
102927
102928
)


// ************************************************************************* //
