/*--------------------------------*- C++ -*----------------------------------*\
  =========                 |
  \\      /  F ield         | OpenFOAM: The Open Source CFD Toolbox
   \\    /   O peration     | Website:  https://openfoam.org
    \\  /    A nd           | Version:  12
     \\/     M anipulation  |
\*---------------------------------------------------------------------------*/
FoamFile
{
    format      ascii;
    class       cellZoneList;
    location    "constant/polyMesh";
    object      cellZones;
}
// * * * * * * * * * * * * * * * * * * * * * * * * * * * * * * * * * * * * * //

1
(
glass
{
    type cellZone;
cellLabels      List<label> 
2108
(
193269
199088
199089
199090
199091
199092
199093
199094
199095
199096
199097
199098
199099
199100
199101
199102
199103
199104
199105
199106
199107
199252
199253
199254
199255
199256
205147
205148
205149
205150
205151
205152
205153
205154
205155
205156
205157
205158
205159
205160
205161
205162
205163
205164
205165
205166
205307
205308
205309
205310
205311
205312
205313
205314
205315
205316
205317
205318
205319
205320
205321
205322
205486
205487
205488
205489
205490
205493
205495
205497
211466
211467
211468
211469
211470
211471
211472
211473
211474
211475
211476
211477
211478
211479
211480
211481
211482
211483
211484
211485
211626
211627
211628
211629
211630
211631
211632
211633
211634
211635
211636
211637
211638
211639
211640
211641
211801
211802
211803
211804
211805
211806
211807
211808
211809
211810
211811
211812
211813
211814
211815
211816
211995
211996
211997
211998
211999
212002
212004
212006
218100
218101
218102
218103
218104
218105
218106
218107
218108
218109
218110
218111
218112
218113
218114
218115
218116
218117
218118
218119
218260
218261
218262
218263
218264
218265
218266
218267
218268
218269
218270
218271
218272
218273
218274
218275
218435
218436
218437
218438
218439
218440
218441
218442
218443
218444
218445
218446
218447
218448
218449
218450
218625
218626
218627
218628
218629
218630
218631
218632
218633
218634
218635
218636
218637
218638
218639
218640
218838
218839
218840
218841
218843
218845
218846
218849
225019
225020
225021
225022
225023
225024
225025
225026
225027
225028
225029
225030
225031
225032
225033
225034
225035
225036
225037
225038
225179
225180
225181
225182
225183
225184
225185
225186
225187
225188
225189
225190
225191
225192
225193
225194
225354
225355
225356
225357
225358
225359
225360
225361
225362
225363
225364
225365
225366
225367
225368
225369
225544
225545
225546
225547
225548
225549
225550
225551
225552
225553
225554
225555
225556
225557
225558
225559
225753
225754
225755
225756
225757
225758
225759
225760
225761
225762
225763
225764
225765
225766
225767
225768
225985
225986
225987
225988
225989
225992
225994
225996
232194
232195
232196
232197
232198
232199
232200
232201
232202
232203
232204
232205
232206
232207
232208
232209
232210
232211
232212
232213
232354
232355
232356
232357
232358
232359
232360
232361
232362
232363
232364
232365
232366
232367
232368
232369
232529
232530
232531
232532
232533
232534
232535
232536
232537
232538
232539
232540
232541
232542
232543
232544
232719
232720
232721
232722
232723
232724
232725
232726
232727
232728
232729
232730
232731
232732
232733
232734
232928
232929
232930
232931
232932
232933
232934
232935
232936
232937
232938
232939
232940
232941
232942
232943
233156
233157
233158
233159
233160
233161
233162
233163
233164
233165
233166
233167
233168
233169
233170
233171
233402
233403
233404
233405
233406
233409
233411
233413
239557
239558
239559
239560
239561
239562
239563
239564
239565
239566
239567
239568
239569
239570
239571
239572
239573
239574
239575
239576
239717
239718
239719
239720
239721
239722
239723
239724
239725
239726
239727
239728
239729
239730
239731
239732
239892
239893
239894
239895
239896
239897
239898
239899
239900
239901
239902
239903
239904
239905
239906
239907
240082
240083
240084
240085
240086
240087
240088
240089
240090
240091
240092
240093
240094
240095
240096
240097
240291
240292
240293
240294
240295
240296
240297
240298
240299
240300
240301
240302
240303
240304
240305
240306
240519
240520
240521
240522
240523
240524
240525
240526
240527
240528
240529
240530
240531
240532
240533
240534
240761
240762
240763
240764
240765
240766
240767
240768
240769
240770
240771
240772
240773
240774
240775
240776
241026
241027
241028
241029
241030
241033
241035
241037
247208
247209
247210
247211
247212
247213
247214
247215
247216
247217
247218
247219
247220
247221
247222
247223
247228
247232
247235
247237
247244
247388
247389
247390
247391
247392
247393
247394
247395
247396
247397
247398
247399
247400
247401
247402
247403
247578
247579
247580
247581
247582
247583
247584
247585
247586
247587
247588
247589
247590
247591
247592
247593
247787
247788
247789
247790
247791
247792
247793
247794
247795
247796
247797
247798
247799
247800
247801
247802
248015
248016
248017
248018
248019
248020
248021
248022
248023
248024
248025
248026
248027
248028
248029
248030
248257
248258
248259
248260
248261
248262
248263
248264
248265
248266
248267
248268
248269
248270
248271
248272
248518
248519
248520
248521
248522
248523
248524
248525
248526
248527
248528
248529
248530
248531
248532
248533
248795
248796
248797
248798
248799
248802
248804
248806
255034
255035
255036
255037
255038
255039
255040
255041
255042
255043
255044
255045
255046
255047
255048
255049
255051
255053
255061
255063
255233
255234
255235
255236
255237
255238
255239
255240
255241
255242
255243
255244
255245
255246
255247
255248
255442
255443
255444
255445
255446
255447
255448
255449
255450
255451
255452
255453
255454
255455
255456
255457
255670
255671
255672
255673
255674
255675
255676
255677
255678
255679
255680
255681
255682
255683
255684
255685
255912
255913
255914
255915
255916
255917
255918
255919
255920
255921
255922
255923
255924
255925
255926
255927
256173
256174
256175
256176
256177
256178
256179
256180
256181
256182
256183
256184
256185
256186
256187
256188
256443
256444
256445
256446
256447
256448
256449
256450
256451
256452
256453
256454
256455
256456
256457
256458
256732
256733
256734
256735
256736
256739
256741
256743
263005
263006
263007
263008
263009
263010
263011
263012
263013
263014
263015
263016
263017
263018
263019
263020
263022
263024
263032
263034
263227
263228
263229
263230
263231
263232
263233
263234
263235
263236
263237
263238
263239
263240
263241
263242
263455
263456
263457
263458
263459
263460
263461
263462
263463
263464
263465
263466
263467
263468
263469
263470
263697
263698
263699
263700
263701
263702
263703
263704
263705
263706
263707
263708
263709
263710
263711
263712
263958
263959
263960
263961
263962
263963
263964
263965
263966
263967
263968
263969
263970
263971
263972
263973
264228
264229
264230
264231
264232
264233
264234
264235
264236
264237
264238
264239
264240
264241
264242
264243
264513
264514
264515
264516
264517
264518
264519
264520
264521
264522
264523
264524
264525
264526
264527
264528
264817
264818
264819
264820
264821
264824
264826
264828
271147
271148
271149
271150
271151
271152
271153
271154
271155
271156
271157
271158
271159
271160
271161
271162
271164
271166
271174
271176
271398
271399
271400
271401
271402
271403
271404
271405
271406
271407
271408
271409
271410
271411
271412
271413
271640
271641
271642
271643
271644
271645
271646
271647
271648
271649
271650
271651
271652
271653
271654
271655
271901
271902
271903
271904
271905
271906
271907
271908
271909
271910
271911
271912
271913
271914
271915
271916
272171
272172
272173
272174
272175
272176
272177
272178
272179
272180
272181
272182
272183
272184
272185
272186
272456
272457
272458
272459
272460
272461
272462
272463
272464
272465
272466
272467
272468
272469
272470
272471
272762
272763
272764
272765
272766
272767
272768
272769
272770
272771
272772
272773
272774
272775
272776
272777
273072
273073
273074
273075
273076
273078
273081
273082
279430
279431
279432
279433
279434
279435
279436
279437
279438
279439
279440
279441
279442
279443
279444
279445
279447
279449
279457
279459
279710
279711
279712
279713
279714
279715
279716
279717
279718
279719
279720
279721
279722
279723
279724
279725
279971
279972
279973
279974
279975
279976
279977
279978
279979
279980
279981
279982
279983
279984
279985
279986
280241
280242
280243
280244
280245
280246
280247
280248
280249
280250
280251
280252
280253
280254
280255
280256
280526
280527
280528
280529
280530
280531
280532
280533
280534
280535
280536
280537
280538
280539
280540
280541
280832
280833
280834
280835
280836
280837
280838
280839
280840
280841
280842
280843
280844
280845
280846
280847
281144
281145
281146
281147
281148
281149
281150
281151
281152
281153
281154
281155
281156
281157
281158
281159
281451
281452
281453
281454
281455
281457
281460
281461
287709
287710
287711
287712
287713
287714
287715
287716
287717
287718
287719
287720
287721
287722
287723
287724
287726
287728
287736
287738
288022
288023
288024
288025
288026
288027
288028
288029
288030
288031
288032
288033
288034
288035
288036
288037
288295
288296
288297
288298
288299
288300
288301
288302
288303
288304
288305
288306
288307
288308
288309
288310
288580
288581
288582
288583
288584
288585
288586
288587
288588
288589
288590
288591
288592
288593
288594
288595
288886
288887
288888
288889
288890
288891
288892
288893
288894
288895
288896
288897
288898
288899
288900
288901
289198
289199
289200
289201
289202
289203
289204
289205
289206
289207
289208
289209
289210
289211
289212
289213
289507
289508
289509
289510
289511
289512
289513
289514
289515
289516
289517
289518
289519
289520
289521
289522
289817
289818
289819
289820
289821
289824
289826
289828
296019
296020
296021
296022
296023
296024
296025
296026
296027
296028
296029
296030
296031
296032
296033
296034
296036
296038
296046
296048
296361
296362
296363
296364
296365
296366
296367
296368
296369
296370
296371
296372
296373
296374
296375
296376
296652
296653
296654
296655
296656
296657
296658
296659
296660
296661
296662
296663
296664
296665
296666
296667
296958
296959
296960
296961
296962
296963
296964
296965
296966
296967
296968
296969
296970
296971
296972
296973
297270
297271
297272
297273
297274
297275
297276
297277
297278
297279
297280
297281
297282
297283
297284
297285
297579
297580
297581
297582
297583
297584
297585
297586
297587
297588
297589
297590
297591
297592
297593
297594
297892
297893
297894
297895
297896
297897
297898
297899
297900
297901
297902
297903
297904
297905
297906
297907
298207
298208
298209
298210
298211
298214
298216
298218
304495
304496
304497
304498
304499
304500
304501
304502
304503
304504
304505
304506
304507
304508
304509
304510
304512
304514
304522
304524
304871
304872
304873
304874
304875
304876
304877
304878
304879
304880
304881
304882
304883
304884
304885
304886
305183
305184
305185
305186
305187
305188
305189
305190
305191
305192
305193
305194
305195
305196
305197
305198
305495
305496
305497
305498
305499
305500
305501
305502
305503
305504
305505
305506
305507
305508
305509
305510
305804
305805
305806
305807
305808
305809
305810
305811
305812
305813
305814
305815
305816
305817
305818
305819
306117
306118
306119
306120
306121
306122
306123
306124
306125
306126
306127
306128
306129
306130
306131
306132
306439
306440
306441
306442
306443
306444
306445
306446
306447
306448
306449
306450
306451
306452
306453
306454
306756
306757
306758
306759
306760
306762
306765
306766
313250
313251
313252
313253
313254
313255
313256
313257
313258
313259
313260
313261
313262
313263
313264
313265
313267
313269
313277
313279
313660
313661
313662
313663
313664
313665
313666
313667
313668
313669
313670
313671
313672
313673
313674
313675
313978
313979
313980
313981
313982
313983
313984
313985
313986
313987
313988
313989
313990
313991
313992
313993
314287
314288
314289
314290
314291
314292
314293
314294
314295
314296
314297
314298
314299
314300
314301
314302
314600
314601
314602
314603
314604
314605
314606
314607
314608
314609
314610
314611
314612
314613
314614
314615
314922
314923
314924
314925
314926
314927
314928
314929
314930
314931
314932
314933
314934
314935
314936
314937
315250
315251
315252
315253
315254
315255
315256
315257
315258
315259
315260
315261
315262
315263
315264
315265
315559
315560
315561
315562
315563
315566
315568
315570
322365
322366
322367
322368
322369
322370
322371
322372
322373
322374
322375
322376
322377
322378
322379
322380
322382
322384
322392
322394
322793
322794
322795
322796
322797
322798
322799
322800
322801
322802
322803
322804
322805
322806
322807
322808
323108
323109
323110
323111
323112
323113
323114
323115
323116
323117
323118
323119
323120
323121
323122
323123
323421
323422
323423
323424
323425
323426
323427
323428
323429
323430
323431
323432
323433
323434
323435
323436
323743
323744
323745
323746
323747
323748
323749
323750
323751
323752
323753
323754
323755
323756
323757
323758
324071
324072
324073
324074
324075
324076
324077
324078
324079
324080
324081
324082
324083
324084
324085
324086
324380
324381
324382
324384
324387
324388
324389
324390
324698
324699
324700
324701
324704
324706
324708
331817
331818
331819
331820
331821
331822
331823
331824
331825
331826
331827
331828
331829
331830
331831
331832
331834
331836
331840
331843
332248
332249
332250
332251
332252
332253
332254
332255
332256
332257
332258
332259
332260
332261
332262
332263
332567
332568
332569
332570
332571
332572
332573
332574
332575
332576
332577
332578
332579
332580
332581
332582
332889
332890
332891
332892
332893
332894
332895
332896
332897
332898
332899
332900
332901
332902
332903
332904
333217
333218
333219
333220
333221
333222
333223
333224
333225
333226
333227
333228
333229
333230
333231
333232
333526
333527
333529
333530
333533
333534
333535
333536
333822
333826
333828
333829
334075
334078
334080
341334
341335
341336
341337
341338
341339
341340
341341
341342
341343
341344
341345
341346
341347
341348
341349
341351
341355
341362
341363
341767
341768
341769
341770
341771
341772
341773
341774
341775
341776
341777
341778
341779
341780
341781
341782
342095
342096
342097
342098
342099
342100
342101
342102
342103
342104
342105
342106
342107
342108
342109
342110
342423
342424
342425
342426
342427
342428
342429
342430
342431
342432
342433
342434
342435
342436
342437
342438
342733
342734
342735
342736
342739
342740
342741
342742
342996
342999
343002
343003
350548
350549
350550
350551
350552
350553
350554
350555
350556
350557
350558
350559
350560
350561
350562
350563
350565
350568
350575
350578
350982
350983
350984
350985
350986
350987
350988
350989
350990
350991
350992
350993
350994
350995
350996
350997
351316
351317
351318
351319
351320
351321
351322
351323
351324
351325
351326
351327
351328
351329
351330
351331
351602
351603
351604
351605
351608
351609
351610
351611
351865
351866
351871
351872
359203
359204
359205
359206
359207
359208
359209
359210
359211
359212
359213
359214
359215
359216
359217
359218
359219
359224
359226
359229
359630
359631
359632
359633
359634
359635
359636
359637
359638
359639
359640
359641
359642
359643
359644
359645
359932
359934
359936
359937
359940
359941
359942
359943
360169
360170
360175
360176
367162
367163
367164
367165
367166
367167
367168
367169
367170
367171
367172
367173
367174
367175
367176
367177
367179
367181
367189
367191
367558
367559
367561
367563
367564
367567
367568
367569
367826
367828
367831
367832
374100
374101
374102
374103
374104
374107
374108
374109
374111
374114
374121
374123
374487
374489
374492
374493
379946
379947
379949
379951
379955
379956
384729
)
;
}
)

// ************************************************************************* //
