/*--------------------------------*- C++ -*----------------------------------*\
  =========                 |
  \\      /  F ield         | OpenFOAM: The Open Source CFD Toolbox
   \\    /   O peration     | Website:  https://openfoam.org
    \\  /    A nd           | Version:  12
     \\/     M anipulation  |
\*---------------------------------------------------------------------------*/
FoamFile
{
    format      ascii;
    class       faceZoneList;
    location    "constant/polyMesh";
    object      faceZones;
}
// * * * * * * * * * * * * * * * * * * * * * * * * * * * * * * * * * * * * * //

1
(
glass
{
    type faceZone;
faceLabels      List<label> 
5918
(
565312
582373
582377
582381
582384
582389
582393
582396
582398
582402
582407
582410
582412
582417
582420
582422
582424
582427
582429
582431
582432
582835
582837
582840
582841
582845
600169
600173
600177
600179
600183
600185
600188
600191
600196
600199
600202
600205
600208
600211
600215
600217
600219
600221
600224
600225
600643
600648
600651
600654
600658
600662
600664
600666
600671
600675
600678
600680
600684
600687
600689
600690
600695
600699
600703
600706
600711
600715
600718
600720
600724
600729
600732
600734
600739
600742
600744
600746
600749
600751
600753
600754
601155
601157
601159
601160
601163
601165
601169
601171
601174
618695
618699
618703
618706
618710
618713
618716
618718
618722
618725
618729
618732
618735
618737
618740
618742
618745
618747
618749
618750
619144
619148
619150
619153
619157
619160
619161
619163
619167
619172
619174
619177
619180
619184
619185
619187
619191
619195
619199
619201
619205
619207
619210
619213
619218
619221
619224
619227
619230
619233
619237
619239
619241
619243
619246
619247
619662
619667
619670
619673
619678
619681
619685
619687
619691
619694
619697
619699
619703
619706
619708
619709
619714
619719
619722
619725
619729
619733
619735
619737
619742
619746
619749
619751
619755
619758
619760
619761
620223
620225
620227
620228
620232
620234
620237
620239
620242
620250
620257
620260
638081
638085
638089
638091
638096
638099
638102
638105
638109
638113
638114
638117
638120
638125
638127
638129
638131
638133
638136
638137
638531
638536
638539
638542
638546
638550
638552
638554
638558
638562
638564
638566
638569
638572
638573
638574
638579
638583
638587
638590
638594
638597
638600
638602
638606
638609
638613
638616
638619
638621
638624
638626
638629
638631
638633
638634
639025
639029
639031
639034
639038
639043
639045
639048
639051
639054
639056
639058
639061
639065
639067
639068
639073
639077
639079
639082
639086
639089
639090
639092
639096
639101
639103
639106
639109
639113
639114
639116
639588
639592
639596
639599
639603
639607
639611
639613
639617
639621
639623
639625
639629
639632
639634
639635
639640
639645
639648
639651
639656
639659
639663
639665
639669
639672
639675
639677
639681
639684
639686
639687
640202
640204
640206
640207
640210
640213
640217
640218
640222
640231
640236
640239
658394
658399
658402
658405
658410
658414
658417
658419
658423
658426
658429
658431
658434
658438
658439
658441
658444
658446
658448
658449
658843
658847
658849
658852
658856
658859
658860
658862
658866
658871
658873
658876
658879
658883
658884
658886
658890
658894
658898
658900
658905
658908
658911
658914
658918
658922
658923
658926
658929
658934
658936
658938
658940
658942
658945
658946
659337
659341
659343
659346
659350
659353
659355
659356
659360
659365
659368
659370
659374
659377
659378
659380
659385
659390
659393
659396
659400
659404
659406
659408
659412
659416
659418
659420
659423
659426
659427
659428
659876
659880
659884
659887
659891
659894
659897
659899
659903
659906
659907
659909
659912
659916
659917
659919
659924
659928
659930
659933
659937
659942
659944
659947
659950
659953
659955
659957
659960
659964
659966
659967
660487
660490
660494
660497
660500
660503
660507
660509
660513
660518
660521
660523
660528
660531
660533
660535
660540
660544
660548
660551
660555
660559
660563
660565
660569
660573
660575
660577
660581
660584
660586
660587
661162
661164
661167
661168
661172
661174
661177
661179
661187
661192
661194
661200
679488
679492
679495
679497
679501
679505
679508
679509
679514
679518
679521
679523
679528
679531
679533
679535
679538
679540
679542
679543
679937
679942
679945
679948
679952
679956
679958
679960
679964
679968
679970
679972
679975
679978
679979
679980
679985
679990
679993
679996
680001
680005
680008
680010
680014
680017
680020
680022
680025
680029
680030
680032
680035
680037
680039
680040
680431
680434
680436
680438
680442
680446
680449
680450
680454
680458
680459
680462
680467
680470
680472
680474
680479
680483
680485
680488
680492
680495
680496
680498
680502
680507
680509
680512
680515
680519
680520
680522
680970
680974
680978
680981
680985
680988
680991
680993
680997
681001
681003
681005
681008
681011
681012
681013
681018
681022
681024
681027
681031
681034
681036
681037
681041
681046
681049
681051
681055
681058
681059
681061
681557
681560
681564
681567
681570
681572
681575
681577
681581
681585
681586
681589
681592
681597
681599
681601
681606
681610
681614
681617
681621
681624
681627
681629
681633
681636
681637
681639
681642
681646
681647
681649
682227
682232
682235
682238
682242
682246
682248
682250
682255
682259
682262
682264
682268
682271
682273
682274
682278
682281
682285
682288
682291
682294
682298
682300
682304
682309
682312
682314
682319
682322
682324
682326
682958
682960
682962
682963
682966
682968
682972
682974
682978
682987
682992
682995
701251
701254
701258
701261
701267
701270
701273
701275
701281
701285
701286
701289
701293
701295
701297
701299
701301
701303
701305
701306
701699
701703
701707
701709
701713
701716
701718
701719
701723
701727
701731
701733
701737
701740
701742
701743
701748
701752
701755
701757
701761
701765
701768
701769
701774
701778
701781
701783
701788
701791
701793
701795
701798
701800
701802
701803
702194
702198
702202
702205
702209
702212
702215
702217
702221
702224
702226
702227
702231
702234
702236
702237
702242
702247
702250
702253
702257
702261
702263
702265
702269
702273
702275
702277
702280
702283
702284
702285
702733
702737
702741
702744
702748
702751
702754
702756
702760
702763
702764
702766
702770
702773
702775
702776
702781
702784
702786
702788
702792
702796
702799
702800
702804
702808
702809
702812
702817
702820
702822
702824
703321
703324
703327
703330
703334
703338
703341
703344
703347
703350
703352
703354
703357
703361
703362
703364
703369
703373
703377
703380
703384
703387
703390
703392
703396
703400
703402
703404
703407
703410
703411
703412
703966
703970
703972
703975
703979
703982
703983
703985
703989
703994
703997
703999
704002
704006
704007
704009
704013
704016
704020
704023
704026
704028
704031
704033
704037
704041
704042
704045
704048
704053
704055
704057
704687
704691
704693
704696
704700
704705
704708
704710
704714
704718
704721
704722
704727
704730
704732
704734
704739
704744
704747
704750
704754
704758
704760
704762
704767
704771
704774
704776
704780
704783
704785
704786
705468
705470
705473
705474
705478
705480
705483
705485
705488
705496
705503
705506
723921
723925
723927
723930
723934
723937
723940
723942
723947
723950
723951
723953
723956
723958
723960
723961
723965
723968
723972
723975
723980
723983
723986
723989
723993
723998
724000
724003
724007
724009
724011
724013
724016
724018
724020
724021
724411
724414
724418
724421
724424
724427
724429
724431
724434
724437
724440
724443
724446
724451
724453
724455
724459
724463
724467
724469
724473
724476
724478
724479
724483
724487
724491
724493
724497
724500
724502
724503
724951
724956
724959
724962
724966
724969
724972
724974
724978
724981
724984
724986
724989
724992
724993
724994
724999
725003
725007
725010
725014
725017
725020
725022
725026
725029
725031
725032
725036
725039
725041
725042
725538
725541
725545
725548
725552
725554
725556
725558
725561
725564
725567
725570
725573
725578
725580
725582
725587
725591
725595
725598
725602
725605
725608
725610
725614
725617
725618
725620
725624
725627
725629
725630
726184
726187
726191
726193
726197
726201
726204
726207
726211
726215
726217
726219
726222
726225
726226
726227
726232
726235
726238
726241
726245
726249
726252
726255
726258
726261
726263
726265
726268
726272
726273
726275
726881
726884
726886
726888
726892
726896
726897
726900
726904
726908
726909
726912
726915
726920
726922
726924
726929
726933
726935
726938
726942
726945
726946
726948
726952
726957
726960
726962
726965
726969
726970
726972
727649
727654
727657
727660
727665
727669
727672
727674
727678
727682
727684
727686
727690
727693
727695
727696
727701
727705
727707
727710
727714
727719
727722
727724
727728
727732
727735
727736
727741
727744
727746
727748
728488
728490
728492
728493
728496
728498
728502
728504
728508
728517
728522
728525
747007
747010
747012
747014
747017
747021
747022
747024
747030
747034
747035
747038
747041
747045
747047
747048
747053
747058
747061
747064
747068
747071
747074
747076
747080
747084
747086
747088
747091
747093
747095
747096
747113
747126
747136
747142
747158
747554
747558
747560
747563
747566
747570
747572
747573
747577
747582
747585
747587
747590
747594
747596
747597
747601
747604
747608
747611
747614
747617
747619
747621
747624
747627
747630
747633
747636
747641
747643
747645
748142
748146
748148
748151
748155
748160
748162
748165
748168
748172
748173
748175
748178
748182
748183
748185
748190
748195
748198
748201
748205
748208
748211
748213
748217
748220
748223
748225
748228
748231
748232
748233
748786
748788
748792
748794
748797
748800
748803
748806
748810
748814
748815
748818
748821
748826
748828
748830
748834
748837
748841
748844
748848
748850
748852
748854
748857
748860
748863
748866
748869
748874
748876
748878
749484
749487
749491
749493
749497
749500
749501
749503
749507
749511
749514
749517
749520
749524
749525
749527
749532
749535
749539
749541
749545
749549
749552
749555
749559
749563
749565
749567
749570
749573
749574
749575
750228
750232
750234
750237
750241
750244
750245
750247
750251
750256
750258
750261
750264
750268
750269
750271
750276
750279
750281
750283
750287
750291
750292
750295
750299
750303
750304
750307
750310
750315
750317
750319
751049
751053
751056
751058
751063
751066
751069
751070
751074
751079
751081
751084
751089
751092
751094
751096
751101
751106
751109
751112
751117
751121
751124
751126
751130
751134
751136
751138
751142
751145
751147
751148
751934
751936
751939
751940
751944
751946
751949
751951
751954
751962
751969
751972
770624
770628
770630
770633
770637
770641
770643
770645
770650
770653
770654
770656
770659
770662
770663
770664
770669
770673
770676
770678
770681
770685
770686
770688
770692
770697
770699
770702
770705
770709
770711
770712
770720
770727
770751
770756
771227
771230
771232
771234
771238
771242
771245
771246
771250
771254
771255
771258
771261
771266
771268
771270
771275
771279
771281
771284
771287
771291
771293
771294
771298
771303
771306
771308
771311
771315
771317
771318
771872
771877
771880
771883
771887
771891
771893
771895
771899
771902
771903
771905
771908
771912
771913
771915
771920
771924
771926
771929
771933
771938
771940
771943
771946
771950
771951
771953
771956
771960
771961
771963
772568
772570
772574
772576
772581
772586
772589
772592
772595
772598
772600
772602
772605
772609
772610
772612
772616
772618
772622
772624
772627
772630
772633
772636
772640
772644
772645
772648
772651
772656
772658
772660
773313
773317
773321
773324
773328
773331
773334
773336
773340
773344
773346
773348
773351
773354
773355
773356
773361
773364
773368
773370
773374
773377
773378
773380
773384
773388
773391
773394
773397
773401
773402
773404
774110
774113
774115
774117
774121
774125
774128
774129
774133
774137
774140
774141
774144
774149
774151
774153
774158
774162
774164
774167
774171
774174
774175
774177
774181
774186
774188
774191
774194
774198
774199
774201
774974
774979
774982
774985
774989
774993
774995
774997
775002
775006
775009
775011
775015
775018
775020
775021
775026
775030
775033
775035
775040
775043
775046
775047
775051
775056
775058
775061
775066
775069
775071
775073
775903
775905
775907
775908
775911
775913
775917
775919
775923
775932
775937
775940
794699
794702
794704
794706
794710
794713
794714
794716
794722
794726
794727
794730
794733
794737
794738
794740
794745
794750
794753
794756
794760
794764
794766
794768
794772
794776
794778
794780
794783
794786
794787
794788
794795
794801
794823
794829
795374
795379
795382
795385
795389
795393
795395
795397
795401
795404
795406
795407
795410
795414
795415
795417
795422
795425
795427
795429
795433
795437
795440
795441
795445
795449
795450
795453
795456
795461
795463
795465
796071
796075
796078
796080
796084
796089
796091
796094
796098
796102
796104
796106
796109
796112
796113
796114
796119
796124
796127
796130
796134
796138
796140
796142
796146
796149
796150
796152
796155
796159
796160
796162
796815
796820
796823
796826
796830
796834
796836
796838
796842
796845
796848
796850
796853
796855
796857
796858
796862
796864
796868
796870
796875
796880
796883
796886
796889
796892
796894
796896
796899
796903
796904
796906
797612
797616
797620
797623
797627
797630
797633
797635
797639
797642
797644
797645
797648
797652
797653
797655
797660
797664
797668
797671
797675
797678
797681
797683
797687
797691
797693
797695
797698
797701
797702
797703
798452
798456
798459
798461
798465
798468
798470
798471
798475
798480
798482
798485
798488
798492
798493
798495
798500
798503
798505
798507
798511
798515
798518
798519
798523
798527
798530
798531
798534
798539
798541
798543
799367
799371
799374
799376
799380
799384
799387
799388
799392
799397
799399
799402
799407
799410
799412
799414
799419
799424
799427
799430
799434
799438
799440
799442
799447
799451
799454
799456
799460
799463
799465
799466
800337
800339
800342
800343
800347
800350
800352
800355
800357
800365
800372
800375
819290
819294
819296
819299
819303
819307
819309
819311
819316
819319
819320
819322
819325
819328
819329
819330
819335
819339
819342
819344
819348
819351
819352
819354
819358
819363
819365
819368
819371
819375
819376
819378
819386
819393
819417
819422
820047
820051
820053
820056
820060
820063
820064
820066
820070
820074
820077
820078
820081
820086
820088
820090
820095
820100
820103
820106
820110
820114
820116
820118
820122
820125
820127
820128
820131
820135
820136
820138
820791
820796
820799
820802
820806
820810
820812
820814
820818
820822
820824
820826
820829
820832
820833
820834
820839
820843
820846
820848
820852
820857
820859
820862
820866
820870
820872
820874
820877
820880
820881
820882
821588
821592
821596
821599
821603
821607
821609
821611
821615
821618
821621
821623
821626
821628
821630
821631
821636
821641
821644
821647
821651
821655
821657
821659
821663
821666
821669
821671
821674
821676
821678
821679
822428
822433
822436
822439
822443
822447
822449
822451
822455
822459
822461
822463
822466
822469
822470
822471
822476
822480
822484
822487
822491
822494
822497
822499
822503
822506
822508
822509
822512
822516
822517
822519
823321
823324
823326
823328
823332
823336
823339
823340
823344
823348
823351
823352
823355
823360
823362
823364
823369
823373
823376
823378
823382
823385
823387
823388
823392
823397
823399
823402
823405
823409
823410
823412
824274
824279
824282
824285
824290
824294
824297
824299
824303
824307
824309
824311
824315
824318
824320
824321
824326
824330
824333
824335
824339
824343
824346
824347
824351
824356
824358
824361
824366
824369
824371
824373
825266
825268
825270
825271
825274
825277
825280
825283
825286
825292
825300
825301
844134
844137
844139
844141
844145
844148
844149
844151
844155
844161
844162
844165
844168
844172
844173
844175
844180
844185
844188
844191
844195
844199
844201
844203
844207
844211
844213
844215
844218
844221
844222
844223
844230
844236
844258
844264
844979
844983
844986
844988
844992
844995
844997
844998
845002
845007
845009
845012
845015
845019
845020
845022
845027
845031
845033
845036
845040
845043
845044
845046
845050
845054
845057
845058
845061
845066
845068
845070
845776
845780
845783
845785
845789
845794
845796
845799
845803
845807
845809
845811
845814
845817
845818
845819
845824
845829
845832
845835
845839
845843
845845
845847
845851
845855
845857
845859
845862
845865
845866
845867
846616
846620
846624
846627
846631
846634
846637
846639
846643
846647
846649
846651
846654
846656
846658
846659
846664
846668
846672
846675
846679
846683
846685
846687
846691
846694
846697
846699
846702
846704
846706
846707
847509
847513
847516
847518
847522
847525
847527
847528
847532
847537
847540
847542
847545
847549
847551
847552
847557
847562
847565
847568
847572
847576
847578
847580
847584
847588
847590
847592
847595
847598
847599
847600
848444
848448
848451
848453
848457
848460
848462
848463
848467
848472
848474
848477
848480
848484
848486
848487
848492
848495
848497
848499
848503
848507
848510
848511
848515
848519
848522
848523
848526
848531
848533
848535
849406
849410
849413
849415
849419
849423
849426
849427
849431
849436
849439
849441
849446
849449
849451
849453
849458
849463
849466
849469
849474
849478
849481
849483
849487
849491
849493
849495
849499
849502
849504
849505
850390
850392
850395
850396
850400
850402
850405
850407
850410
850415
850425
850426
868973
868977
868979
868982
868986
868990
868992
868994
868999
869002
869003
869005
869008
869011
869012
869013
869018
869022
869025
869027
869031
869034
869035
869037
869041
869046
869048
869051
869054
869058
869059
869061
869069
869076
869100
869105
869907
869910
869912
869914
869918
869922
869925
869926
869930
869934
869937
869938
869941
869946
869948
869950
869955
869959
869962
869964
869968
869971
869973
869974
869978
869983
869985
869988
869991
869995
869996
869998
870754
870759
870762
870765
870769
870773
870775
870777
870781
870784
870787
870789
870792
870794
870796
870797
870802
870806
870809
870811
870815
870820
870822
870825
870829
870833
870835
870837
870840
870843
870844
870845
871646
871650
871654
871656
871660
871663
871665
871666
871670
871674
871675
871678
871682
871686
871688
871690
871695
871699
871703
871706
871710
871713
871716
871718
871722
871726
871728
871730
871733
871735
871737
871738
872582
872586
872589
872591
872595
872600
872602
872605
872609
872613
872615
872617
872620
872623
872624
872625
872630
872634
872637
872639
872643
872646
872648
872649
872653
872658
872661
872663
872666
872670
872672
872673
873530
873533
873535
873537
873541
873545
873546
873549
873553
873557
873560
873561
873564
873569
873571
873573
873578
873582
873585
873587
873591
873594
873596
873597
873601
873606
873608
873611
873614
873618
873620
873621
874478
874483
874486
874489
874494
874498
874501
874503
874507
874511
874513
874515
874519
874522
874524
874525
874530
874534
874537
874539
874543
874547
874550
874551
874555
874560
874563
874565
874570
874573
874575
874577
875094
875102
875105
875115
875137
875140
875142
875478
875480
875482
875483
875486
875488
875492
875494
875498
875507
875512
875515
894080
894083
894085
894087
894091
894094
894096
894097
894103
894107
894108
894111
894114
894118
894120
894121
894126
894131
894134
894137
894141
894145
894147
894149
894153
894157
894159
894161
894164
894167
894168
894169
894176
894182
894204
894210
895102
895106
895109
895111
895115
895118
895120
895121
895125
895130
895132
895135
895138
895142
895144
895145
895150
895153
895155
895157
895161
895165
895168
895169
895173
895177
895180
895181
895184
895189
895191
895193
896013
896017
896020
896022
896026
896031
896034
896036
896039
896042
896045
896046
896049
896052
896054
896056
896061
896066
896069
896072
896076
896080
896082
896084
896088
896091
896094
896096
896099
896101
896103
896104
896948
896952
896955
896957
896961
896964
896965
896967
896972
896976
896979
896981
896985
896988
896990
896991
896995
896999
897003
897005
897009
897012
897014
897015
897019
897023
897024
897027
897031
897035
897037
897039
897896
897900
897902
897905
897909
897912
897913
897915
897919
897923
897926
897927
897930
897935
897937
897939
897944
897948
897951
897953
897957
897962
897964
897967
897971
897975
897977
897979
897982
897985
897986
897987
898834
898838
898840
898843
898847
898850
898851
898853
898857
898862
898865
898867
898870
898874
898875
898877
898882
898885
898887
898889
898893
898897
898898
898901
898905
898909
898912
898913
898916
898921
898923
898925
899385
899389
899391
899397
899410
899413
899417
899423
899432
899435
899439
899441
899795
899799
899801
899804
899808
899813
899816
899818
899822
899826
899829
899830
899835
899838
899840
899842
899847
899852
899855
899858
899863
899867
899870
899872
899876
899880
899882
899884
899888
899891
899893
899894
900411
900415
900423
900429
900436
900442
900445
900449
900458
900470
900472
900478
900481
900483
900485
900486
900814
900816
900819
900820
900824
900827
900829
900832
900834
900842
900849
900852
919817
919821
919823
919826
919830
919834
919836
919838
919843
919846
919847
919849
919852
919855
919856
919857
919862
919866
919869
919871
919875
919878
919880
919881
919885
919890
919892
919895
919898
919902
919904
919905
919913
919920
919944
919949
920942
920945
920947
920949
920953
920957
920960
920961
920965
920969
920972
920973
920976
920981
920983
920985
920990
920994
920997
920999
921003
921006
921008
921009
921013
921018
921020
921023
921026
921030
921032
921033
921895
921899
921903
921906
921910
921914
921916
921918
921922
921925
921928
921930
921933
921935
921937
921938
921943
921947
921950
921952
921956
921961
921964
921966
921969
921972
921975
921976
921979
921982
921984
921986
922843
922846
922848
922850
922854
922858
922861
922862
922866
922870
922871
922874
922877
922882
922884
922886
922891
922895
922898
922900
922904
922907
922908
922910
922915
922919
922922
922924
922928
922931
922933
922934
923781
923785
923787
923790
923794
923797
923798
923800
923804
923809
923811
923814
923817
923821
923822
923824
923829
923833
923835
923838
923842
923845
923846
923848
923852
923856
923859
923860
923863
923868
923870
923872
924333
924337
924340
924347
924360
924363
924369
924373
924380
924383
924386
924388
924736
924739
924741
924743
924747
924751
924752
924755
924759
924763
924764
924767
924770
924775
924777
924779
924784
924788
924790
924793
924797
924800
924801
924803
924807
924812
924815
924817
924820
924824
924825
924827
925287
925290
925294
925297
925302
925306
925308
925311
925314
925317
925319
925321
925325
925327
925330
925331
925345
925351
925353
925355
925367
925373
925378
925379
925721
925726
925729
925732
925737
925741
925744
925746
925750
925754
925756
925758
925762
925765
925767
925768
925773
925777
925779
925782
925786
925791
925794
925796
925800
925804
925807
925808
925813
925816
925818
925820
926337
926345
926349
926355
926362
926365
926371
926375
926388
926394
926403
926410
926737
926739
926741
926742
926745
926747
926751
926753
926757
926763
926771
926772
946535
946538
946540
946542
946548
946552
946555
946556
946560
946563
946565
946566
946569
946573
946575
946576
946581
946586
946589
946592
946596
946600
946602
946604
946608
946612
946614
946616
946619
946622
946623
946624
946631
946637
946659
946665
947735
947740
947743
947745
947749
947752
947753
947755
947759
947764
947766
947769
947772
947776
947778
947779
947784
947787
947789
947791
947795
947799
947802
947803
947807
947811
947814
947815
947818
947823
947825
947827
948702
948705
948708
948711
948716
948719
948722
948725
948728
948730
948733
948735
948738
948742
948744
948745
948750
948754
948758
948761
948765
948769
948771
948773
948777
948780
948783
948785
948788
948790
948792
948793
949640
949644
949646
949649
949653
949656
949657
949659
949663
949668
949671
949673
949676
949680
949682
949683
949688
949691
949693
949695
949699
949703
949706
949707
949711
949715
949716
949719
949722
949727
949729
949731
950191
950193
950201
950203
950216
950219
950227
950231
950238
950241
950245
950247
950595
950599
950602
950604
950608
950611
950613
950614
950618
950622
950623
950626
950629
950634
950636
950638
950643
950647
950649
950652
950656
950659
950660
950662
950666
950671
950673
950676
950679
950683
950684
950686
951146
951149
951153
951156
951159
951161
951164
951166
951171
951174
951178
951180
951184
951186
951189
951190
951207
951213
951216
951218
951228
951233
951237
951238
951578
951582
951584
951587
951591
951594
951595
951597
951601
951606
951608
951611
951614
951618
951620
951621
951626
951629
951631
951633
951637
951641
951642
951645
951649
951653
951654
951657
951660
951665
951667
951669
952130
952134
952138
952141
952145
952148
952151
952153
952156
952158
952161
952163
952166
952170
952171
952173
952553
952557
952559
952565
952574
952578
952581
952582
952591
952596
952599
952602
952607
952611
952614
952616
952620
952624
952626
952628
952632
952635
952637
952638
953154
953160
953164
953170
953177
953180
953188
953192
953202
953212
953224
953228
953562
953564
953566
953570
953572
953575
953577
953580
953588
953595
953598
974353
974357
974360
974362
974366
974370
974372
974374
974379
974382
974383
974385
974388
974391
974392
974393
974398
974402
974405
974407
974411
974416
974419
974421
974425
974428
974430
974431
974434
974438
974440
974441
974449
974456
974480
974485
975591
975593
975597
975599
975603
975605
975608
975611
975615
975619
975622
975623
975626
975631
975633
975635
975639
975644
975647
975649
975653
975656
975657
975659
975663
975668
975670
975673
975676
975680
975682
975683
976548
976551
976555
976557
976562
976565
976568
976571
976575
976579
976581
976583
976586
976589
976590
976591
976596
976599
976602
976605
976610
976613
976616
976619
976622
976624
976627
976629
976632
976636
976638
976639
977100
977104
977112
977118
977127
977130
977136
977140
977147
977150
977153
977155
977503
977506
977508
977510
977514
977518
977519
977522
977527
977530
977533
977534
977537
977542
977544
977546
977551
977555
977557
977560
977564
977567
977568
977570
977574
977579
977582
977584
977587
977591
977593
977594
978053
978056
978059
978062
978066
978068
978072
978074
978078
978080
978084
978086
978091
978094
978097
978098
978108
978118
978120
978122
978134
978140
978145
978146
978486
978490
978493
978495
978499
978502
978503
978505
978509
978514
978516
978519
978522
978526
978527
978529
978534
978538
978541
978543
978547
978550
978552
978553
978557
978561
978562
978565
978568
978573
978575
978577
979038
979042
979046
979049
979053
979056
979059
979061
979065
979068
979071
979073
979076
979078
979080
979081
979461
979464
979468
979470
979482
979486
979489
979490
979497
979501
979503
979506
979510
979513
979514
979516
979520
979525
979527
979530
979533
979537
979539
979540
980000
980003
980007
980010
980013
980015
980018
980020
980024
980026
980030
980032
980037
980040
980043
980044
980433
980438
980442
980444
980446
980449
980451
980452
980456
980460
980463
980464
980981
980985
980993
980999
981003
981006
981012
981016
981025
981032
981042
981047
981384
981386
981389
981393
981402
981407
981410
1002991
1002994
1002996
1002998
1003002
1003005
1003007
1003008
1003014
1003018
1003019
1003022
1003025
1003029
1003031
1003032
1003037
1003042
1003045
1003047
1003052
1003056
1003058
1003060
1003064
1003067
1003070
1003072
1003075
1003078
1003079
1003080
1003087
1003093
1003105
1003114
1004224
1004226
1004230
1004232
1004236
1004238
1004241
1004244
1004248
1004253
1004255
1004258
1004261
1004265
1004267
1004268
1004272
1004274
1004278
1004280
1004284
1004286
1004289
1004292
1004296
1004300
1004303
1004304
1004307
1004312
1004314
1004316
1004794
1004802
1004808
1004817
1004841
1004844
1004848
1004850
1005198
1005201
1005205
1005207
1005211
1005215
1005218
1005221
1005225
1005227
1005230
1005231
1005234
1005238
1005240
1005241
1005246
1005249
1005253
1005255
1005260
1005263
1005266
1005269
1005273
1005277
1005279
1005281
1005284
1005287
1005288
1005289
1005750
1005754
1005758
1005761
1005765
1005768
1005771
1005773
1005776
1005778
1005781
1005783
1005787
1005789
1005792
1005793
1005806
1005813
1005819
1005821
1005831
1005836
1005840
1005841
1006181
1006185
1006188
1006190
1006194
1006199
1006201
1006204
1006208
1006211
1006212
1006214
1006217
1006221
1006223
1006224
1006229
1006232
1006234
1006236
1006240
1006244
1006245
1006248
1006253
1006256
1006259
1006260
1006263
1006268
1006270
1006272
1006733
1006737
1006741
1006744
1006748
1006751
1006754
1006756
1006759
1006761
1006764
1006766
1006770
1006772
1006775
1006776
1007160
1007163
1007165
1007167
1007177
1007181
1007184
1007185
1007192
1007196
1007199
1007201
1007205
1007208
1007209
1007211
1007215
1007220
1007222
1007225
1007228
1007232
1007233
1007235
1007694
1007698
1007701
1007705
1007708
1007712
1007716
1007719
1007722
1007724
1007727
1007729
1007732
1007735
1007737
1007739
1008100
1008105
1008108
1008109
1008111
1008113
1008115
1008117
1008121
1008125
1008128
1008129
1008588
1008592
1008595
1008599
1008602
1008604
1008607
1008609
1008612
1008616
1008620
1008623
1008626
1008629
1008631
1008633
1008925
1008938
1008943
1008944
1009420
1009426
1009430
1009436
1009441
1009444
1009452
1009456
1009469
1009475
1009484
1009487
1009672
1009680
1009684
1029181
1029184
1029186
1029188
1029191
1029195
1029199
1029200
1029203
1029206
1029211
1029213
1029217
1029220
1029222
1029223
1031375
1031379
1031383
1031385
1031390
1031393
1031394
1031396
1031400
1031404
1031406
1031408
1031411
1031414
1031415
1031416
1031421
1031425
1031427
1031430
1031434
1031437
1031439
1031440
1031444
1031449
1031450
1031454
1031457
1031461
1031463
1031464
1031472
1031485
1031507
1031508
1032234
1032605
1032607
1032611
1032613
1032616
1032619
1032622
1032625
1032629
1032633
1032636
1032637
1032640
1032645
1032647
1032649
1032653
1032655
1032659
1032661
1032665
1032667
1032670
1032673
1032677
1032682
1032684
1032687
1032690
1032694
1032696
1032697
1033175
1033178
1033186
1033192
1033195
1033201
1033203
1033207
1033227
1033234
1033240
1033243
1033248
1033250
1033254
1033257
1033261
1033264
1033266
1033267
1033607
1033610
1033614
1033616
1033621
1033624
1033627
1033630
1033634
1033638
1033640
1033642
1033645
1033648
1033649
1033650
1033655
1033658
1033662
1033664
1033668
1033672
1033675
1033678
1033682
1033684
1033687
1033688
1033691
1033695
1033697
1033698
1034159
1034163
1034167
1034170
1034174
1034177
1034180
1034182
1034186
1034189
1034192
1034194
1034197
1034199
1034201
1034202
1034584
1034587
1034589
1034591
1034601
1034605
1034608
1034609
1034618
1034622
1034625
1034627
1034631
1034636
1034638
1034641
1034645
1034648
1034649
1034651
1034654
1034658
1034660
1034661
1035120
1035124
1035127
1035131
1035134
1035136
1035139
1035141
1035144
1035147
1035150
1035153
1035156
1035160
1035163
1035165
1035525
1035527
1035532
1035535
1035537
1035539
1035541
1035543
1035547
1035551
1035554
1035555
1036259
1036268
1036274
1036276
1036699
1036702
1036705
1036708
1036711
1036714
1036717
1036720
1036723
1036726
1036729
1036732
1036735
1036739
1036742
1036744
1037297
1037305
1037310
1037316
1037328
1037331
1037334
1037336
1037343
1037350
1037360
1037365
1049755
1049759
1049761
1049764
1049769
1049773
1049777
1049779
1049783
1049787
1049789
1049790
1049793
1049797
1049799
1049802
1049807
1049811
1049813
1049816
1049819
1049823
1049828
1049830
1049833
1049836
1049837
1049838
1049841
1049845
1049848
1049850
1049855
1049858
1049860
1049862
1049866
1049870
1049871
1049874
1049879
1049882
1049885
1049886
1049890
1049894
1049896
1049898
1056337
1056340
1056344
1056346
1056349
1056351
1056355
1056357
1056362
1056366
1056367
1056370
1056373
1056377
1056380
1056381
1056387
1056391
1056393
1056396
1056415
1056418
1056422
1056425
1056429
1056432
1056434
1056436
1056451
1056455
1056457
1056460
1056489
1056492
1056494
1056496
1056501
1056506
1056509
1056512
1056515
1056519
1056520
1056522
1056525
1056529
1056530
1056532
1058572
1058575
1058577
1058579
1058583
1058586
1058588
1058589
1058595
1058599
1058600
1058603
1058606
1058610
1058611
1058613
1058618
1058622
1058626
1058628
1058633
1058637
1058638
1058641
1058645
1058649
1058651
1058653
1058656
1058659
1058660
1058661
1058668
1058677
1058696
1058704
1059424
1059426
1059436
1059437
1059792
1059794
1059798
1059800
1059805
1059808
1059810
1059812
1059816
1059820
1059823
1059826
1059829
1059833
1059834
1059836
1059840
1059842
1059846
1059848
1059851
1059854
1059857
1059860
1059864
1059868
1059871
1059872
1059875
1059880
1059882
1059884
1060362
1060365
1060373
1060375
1060382
1060384
1060390
1060394
1060417
1060424
1060433
1060440
1060445
1060448
1060452
1060454
1060781
1060790
1060796
1060798
1060810
1060813
1060815
1060816
1060822
1060825
1060829
1060831
1060836
1060839
1060842
1060845
1060849
1060853
1060855
1060857
1060860
1060863
1060864
1060865
1061646
1061647
1061652
1061655
1061657
1061659
1061661
1061663
1061667
1061671
1061674
1061675
1062378
1062380
1062394
1062396
1063822
1063825
1063832
1063838
1063844
1063848
1063855
1063860
1063865
1063868
1063870
1063871
1065054
1065059
1065062
1065065
1065070
1065074
1065077
1065079
1065082
1065087
1065089
1065091
1065094
1065098
1065099
1065101
1065340
1065344
1065346
1065349
1065354
1065359
1065362
1065365
1065368
1065373
1065375
1065377
1065380
1065384
1065385
1065387
1065398
1065402
1065404
1065408
1065416
1065420
1065421
1065423
1074915
1074919
1074921
1074924
1074928
1074933
1074936
1074938
1074941
1074946
1074948
1074950
1074953
1074956
1074957
1074958
1074963
1074967
1074970
1074972
1074976
1074979
1074980
1074982
1074986
1074990
1074993
1074994
1074997
1075002
1075004
1075006
1075722
1075725
1075729
1075731
1075735
1075739
1075740
1075743
1075746
1075749
1075752
1075755
1075758
1075763
1075765
1075767
1075771
1075773
1075777
1075779
1075783
1075787
1075790
1075791
1075794
1075797
1075801
1075803
1075807
1075811
1075813
1075815
1075844
1075848
1075851
1075853
1075858
1075862
1075865
1075867
1075870
1075875
1075877
1075879
1075882
1075885
1075886
1075887
1075906
1075911
1075914
1075917
1075931
1075935
1075937
1075939
1075943
1075946
1075947
1075949
1075953
1075956
1075958
1075959
1081818
1081822
1081824
1081828
1081831
1081836
1081837
1081839
1081845
1081849
1081852
1081854
1081858
1081861
1081863
1081864
1083870
1083874
1083877
1083879
1083883
1083887
1083889
1083891
1083896
1083899
1083900
1083902
1083905
1083908
1083909
1083910
1083915
1083919
1083922
1083924
1083928
1083931
1083933
1083934
1083938
1083943
1083945
1083948
1083951
1083955
1083956
1083958
1083961
1083979
1083985
1083992
1084718
1084720
1084733
1084734
1085033
1085035
1085039
1085045
1085052
1085061
1085065
1085067
1085073
1085075
1085079
1085081
1085086
1085089
1085091
1085093
1085097
1085101
1085104
1085107
1085110
1085114
1085115
1085117
1085639
1085646
1085652
1085656
1085661
1085664
1085667
1085669
1085973
1085976
1085981
1085983
1085986
1085988
1085990
1085991
1085995
1085998
1086000
1086001
1086649
1086650
1086664
1086666
1088445
1088447
1088449
1088451
1089338
1089343
1089346
1089349
1089354
1089358
1089361
1089363
1089366
1089371
1089373
1089375
1089378
1089382
1089384
1089385
1089395
1089399
1089401
1089402
1089412
1089417
1089419
1089421
1089481
1089483
1089487
1089489
1097889
1097894
1097897
1097900
1097904
1097909
1097911
1097914
1097918
1097922
1097924
1097926
1097929
1097933
1097935
1097936
1097941
1097945
1097948
1097950
1097954
1097957
1097958
1097960
1097964
1097968
1097971
1097972
1097975
1097980
1097982
1097984
1097989
1097993
1097995
1097998
1098002
1098005
1098006
1098008
1098012
1098017
1098019
1098022
1098025
1098029
1098030
1098032
1098036
1098045
1098047
1098053
1098062
1098065
1098066
1098068
1098792
1098795
1098799
1098801
1098805
1098809
1098812
1098813
1098818
1098822
1098825
1098827
1098830
1098833
1098836
1098837
1098842
1098845
1098847
1098849
1098853
1098857
1098860
1098861
1098865
1098869
1098872
1098873
1098877
1098881
1098883
1098885
1098902
1098906
1098909
1098911
1098927
1098932
1098934
1098937
1098941
1098944
1098947
1098949
1098952
1098954
1098956
1098957
1098976
1098981
1098984
1098987
1099001
1099005
1099007
1099009
1099012
1099015
1099018
1099019
1099022
1099025
1099027
1099029
1099723
1099727
1099730
1099732
1099736
1099739
1099741
1099742
1099779
1099783
1099786
1099788
1099808
1099811
1099812
1099814
1104694
1104703
1104710
1104711
1104716
1104723
1104728
1104730
1104734
1104742
1104749
1104751
1104754
1104760
1104765
1104766
1106682
1106685
1106687
1106689
1106692
1106700
1106703
1106704
1106713
1106718
1106721
1106724
1106728
1106732
1106734
1106736
1106740
1106744
1106746
1106748
1106751
1106754
1106755
1106756
1106763
1106769
1106791
1106797
1107519
1107521
1107531
1107532
1107808
1107810
1107813
1107817
1107818
1107820
1107823
1107826
1107827
1107830
1107834
1107836
1108560
1108567
1108574
1108575
1111212
1111214
1111217
1111220
1117988
1117993
1117996
1117999
1118004
1118009
1118012
1118015
1118018
1118023
1118025
1118027
1118030
1118035
1118037
1118039
1118044
1118048
1118050
1118053
1118057
1118061
1118064
1118065
1118069
1118073
1118075
1118077
1118080
1118084
1118086
1118087
1118092
1118095
1118097
1118099
1118103
1118107
1118108
1118111
1118115
1118120
1118122
1118125
1118128
1118132
1118134
1118135
1118140
1118143
1118145
1118147
1118151
1118155
1118156
1118159
1118163
1118167
1118168
1118171
1118174
1118179
1118181
1118183
1118187
1118196
1118198
1118204
1118208
1118215
1118218
1118222
1118275
1118283
1118285
1118286
1118293
1118299
1118300
1118302
1119021
1119024
1119026
1119028
1119032
1119036
1119037
1119040
1119045
1119049
1119052
1119054
1119058
1119061
1119063
1119064
1119069
1119073
1119076
1119078
1119082
1119085
1119086
1119088
1119093
1119096
1119099
1119100
1119105
1119108
1119110
1119112
1119116
1119119
1119123
1119126
1119143
1119147
1119150
1119152
1119167
1119172
1119174
1119176
1119179
1119181
1119183
1119184
1119202
1119204
1119208
1119210
1119215
1119220
1119223
1119226
1119230
1119232
1119234
1119236
1119249
1119253
1119255
1119256
1119412
1119420
1119424
1119426
1120098
1120101
1120103
1120105
1120123
1120127
1120128
1120131
1120170
1120174
1120177
1120179
1120199
1120202
1120204
1120205
1120539
1120546
1120553
1120554
1120558
1120565
1120570
1120572
1120575
1120582
1120589
1120590
1120594
1120601
1120606
1120608
1124539
1124542
1124545
1124546
1124553
1124558
1124566
1124569
1126300
1126301
1126306
1126310
1126313
1126315
1126318
1126320
1126321
1126324
1126327
1126328
1126336
1126346
1126367
1126372
1127319
1127324
1127332
1127333
1135025
1135030
1135033
1135036
1135041
1135045
1135048
1135050
1135053
1135057
1135058
1135060
1135063
1135068
1135070
1135072
1135113
1135117
1135120
1135122
1135127
1135131
1135134
1135136
1135139
1135144
1135146
1135148
1135151
1135154
1135155
1135156
1135229
1135234
1135237
1135243
1135300
1135307
1135309
1135313
1135316
1135323
1135324
1135328
1136084
1136088
1136090
1136093
1136097
1136100
1136101
1136103
1136108
1136112
1136115
1136117
1136121
1136124
1136126
1136127
1136132
1136136
1136140
1136143
1136147
1136150
1136153
1136155
1136159
1136162
1136164
1136165
1136168
1136172
1136174
1136175
1136193
1136196
1136200
1136203
1136218
1136222
1136225
1136227
1136230
1136235
1136237
1136239
1136242
1136244
1136246
1136247
1136266
1136271
1136274
1136277
1136281
1136284
1136287
1136289
1136292
1136294
1136297
1136299
1136312
1136316
1136317
1136319
1136528
1136538
1136543
1136554
1136583
1136589
1136592
1136599
1137290
1137293
1137295
1137297
1137315
1137319
1137322
1137323
1137348
1137352
1137355
1137357
1137399
1137402
1137403
1137405
1137754
1137762
1137769
1137771
1137774
1137780
1137785
1137786
1137789
1137796
1137803
1137804
1137808
1137815
1137820
1137822
1138146
1138151
1138160
1138163
1138171
1138177
1138189
1138193
1142567
1142569
1142576
1142582
1142592
1142593
1149977
1149980
1149984
1149986
1149990
1149993
1149995
1149996
1150001
1150004
1150007
1150010
1150013
1150017
1150019
1150020
1150099
1150103
1150107
1150110
1150124
1150127
1150130
1150132
1150136
1150138
1150141
1150142
1150146
1150148
1150150
1150152
1150217
1150220
1150222
1150224
1150228
1150232
1150235
1150236
1150297
1150301
1150307
1150309
1150316
1150319
1150323
1150324
1150409
1150411
1150422
1150425
1150441
1150468
1150478
1150489
1150496
1151186
1151190
1151192
1151195
1151213
1151215
1151218
1151219
1151257
1151261
1151265
1151267
1151309
1151312
1151314
1151315
1151760
1151767
1151774
1151775
1151779
1151786
1151791
1151793
1151796
1151803
1151810
1151811
1151815
1151822
1151827
1151829
1152236
1152242
1152253
1152257
1152266
1152272
1152284
1152288
1155748
1161936
1161939
1161941
1161945
1161952
1161956
1161962
1161963
1162040
1162044
1162047
1162049
1162058
1162061
1162065
1162067
1162076
1162081
1162084
1162085
1162105
1162108
1162110
1162111
1162180
1162182
1162190
1162191
1162251
1162263
1162271
1162280
1162700
1162707
1162714
1162715
1162719
1162726
1162731
1162733
1162736
1162743
1162750
1162751
1162755
1162763
1162765
1162769
1163239
1163245
1163257
1163261
1163271
1163277
1163289
1163293
1170949
1170956
1170963
1170964
1170968
1170975
1170980
1170982
1171013
1171017
1171020
1171023
1171042
1171044
1171046
1171048
1171096
1171108
1171113
1171124
1171206
1171216
1171224
1171231
1171606
1171612
1171624
1171628
1171638
1171644
1171656
1171663
1177561
1177567
1177579
1177583
1177596
1177602
1177604
1177606
1177628
1177629
1177648
1237074
1237077
1237080
1237084
1237085
1237086
1237087
1237099
1237107
1237116
1237117
1237122
1237141
1237142
1237171
1237172
1237288
1237289
1237317
1237318
1237350
1237351
1237411
1237412
1237413
1237414
1237421
1237422
1237423
1237424
1237840
1237841
1237842
1237844
1237909
1237910
1237911
1237912
1237915
1237920
1237924
1237929
1237972
1237973
1237976
1237980
1237981
1237982
1237983
1237997
1238157
1238158
1238159
1238160
1238403
1238404
1238405
1238406
1238481
1238488
1238519
1238525
1238543
1238547
1238587
1238588
1238592
1238593
1238622
1238623
1238637
1238638
1238642
1238645
1238656
1238661
1238672
1238675
1238688
1238690
1238864
1238865
1238866
1238867
1238904
1238905
1238906
1238907
1238908
1238909
1238910
1238911
1238979
1238980
1238981
1238982
1238983
1238984
1238985
1239274
1239276
1239290
1239292
1239298
1239300
1239306
1239309
1239324
1239325
1239368
1239370
1239374
1239380
1239384
1239385
1239409
1239412
1239421
1239423
1239429
1239431
1239456
1239458
1239525
1239557
1239558
1239570
1239574
1239575
1239584
1239587
1239645
1239647
1239653
1239655
1239666
1239668
1239846
1239847
1239848
1239849
1239855
1239859
1239860
1239862
1239863
1239865
1239866
1239886
1239887
1239929
1239930
1239960
1239961
1239968
1239970
1239971
1239991
1239992
1240004
1240005
1240076
1240081
1240085
1240101
1240102
1240103
1240109
1240111
1240114
1240118
1240133
1240137
1240144
1240149
1240150
1240151
1240154
1240155
1240156
1240183
1240185
1240187
1240199
1240203
1240207
1240211
1240291
1240584
1240879
1240885
1240888
1240905
1240910
1240937
1240946
1240969
1240972
1240976
1241038
1241040
1241043
1241046
1241052
1241081
1241083
1241087
1241092
1241097
1241102
1241134
1241178
1241191
1241694
1241699
1241707
1241709
1241781
1241791
1241855
1241914
1241915
1241916
1241917
1242009
1242010
1242011
1242012
1242013
1242014
1242015
1242016
1242017
1242018
1242019
1242020
1242023
1242350
1242410
1242415
1242535
1242536
1242539
1242548
1242550
1242626
1242712
1242714
1242800
1242890
1242891
1242892
1242893
1243017
1243018
1243019
1243156
1243157
1243158
1243159
1243231
1243232
1243233
1243309
1243314
1243315
1243316
1243317
1243419
1243420
1243421
1243449
1243450
1243451
1243452
1243530
1243532
1243538
1243544
1243574
1243576
1243579
1243583
1243598
1243649
1243651
1243655
1243664
1243667
1243724
1243726
1243752
1243756
1243782
1243785
1243827
1243830
1243856
1243869
1243871
1244018
1244022
1244046
1244048
1244092
1244097
1244205
1244207
1244208
1244252
1244264
1244267
1244320
1244332
1244337
1244388
1244390
1244442
1244446
1244528
1244530
1244567
1244570
1244575
1244576
1244595
1244599
1244609
1244613
1244625
1244628
1244704
1244708
1244711
1244713
1244795
1244796
1244797
1244798
1244799
1244800
1244804
1244805
1244813
1244814
1244815
1244816
1244830
1244831
1244833
1244834
1244842
1244843
1244844
1244845
1244867
1244868
1244874
1244875
1244927
1244928
1244943
1244944
1244950
1244951
1245132
1245395
1245396
1245398
1245404
1245405
1245412
1245425
1245428
1245442
1245443
1245453
1245455
1245472
1245473
1245480
1245501
1245503
1245506
1245538
1245550
1245572
1245608
1245702
1245704
1245724
1245733
1245783
1245787
1245791
1245810
1245816
1245831
)
;
flipMap         List<bool> 
5918
(
true
true
true
true
true
true
true
true
true
true
true
true
true
true
true
true
true
true
true
true
true
true
true
true
true
false
true
true
true
true
true
true
true
true
true
true
true
true
true
true
true
true
true
true
true
true
true
true
true
true
true
true
true
true
true
true
true
true
true
true
true
true
false
false
false
false
false
false
false
false
false
false
false
false
false
false
false
false
false
false
false
false
true
true
true
true
false
false
false
false
false
true
true
true
true
true
true
true
true
true
true
true
true
true
true
true
true
true
true
true
true
true
true
true
true
true
true
true
true
true
true
true
true
true
true
true
true
false
false
false
false
false
false
false
false
false
false
false
false
false
false
false
false
false
false
false
false
true
true
true
true
true
true
true
true
true
true
true
true
true
true
true
true
false
false
false
false
false
false
false
false
false
false
false
false
false
false
false
false
true
true
true
true
false
false
false
false
false
false
false
false
true
true
true
true
true
true
true
true
true
true
true
true
true
true
true
true
true
true
true
true
true
true
true
true
true
true
true
true
true
true
true
true
true
true
true
true
false
false
false
false
false
false
false
false
false
false
false
false
false
false
false
false
false
false
false
false
true
true
true
true
true
true
true
true
true
true
true
true
true
true
true
true
false
false
false
false
false
false
false
false
false
false
false
false
false
false
false
false
true
true
true
true
true
true
true
true
true
true
true
true
true
true
true
true
false
false
false
false
false
false
false
false
false
false
false
false
false
false
false
false
true
true
true
true
false
false
false
false
false
false
false
false
true
true
true
true
true
true
true
true
true
true
true
true
true
true
true
true
true
true
true
true
true
true
true
true
true
true
true
true
true
true
true
true
true
true
true
true
false
false
false
false
false
false
false
false
false
false
false
false
false
false
false
false
false
false
false
false
true
true
true
true
true
true
true
true
true
true
true
true
true
true
true
true
false
false
false
false
false
false
false
false
false
false
false
false
false
false
false
false
true
true
true
true
true
true
true
true
true
true
true
true
true
true
true
true
false
false
false
false
false
false
false
false
false
false
false
false
false
false
false
false
true
true
true
true
true
true
true
true
true
true
true
true
true
true
true
true
false
false
false
false
false
false
false
false
false
false
false
false
false
false
false
false
true
true
true
true
false
false
false
false
false
false
false
false
true
true
true
true
true
true
true
true
true
true
true
true
true
true
true
true
true
true
true
true
true
true
true
true
true
true
true
true
true
true
true
true
true
true
true
true
false
false
false
false
false
false
false
false
false
false
false
false
false
false
false
false
false
false
false
false
true
true
true
true
true
true
true
true
true
true
true
true
true
true
true
true
false
false
false
false
false
false
false
false
false
false
false
false
false
false
false
false
true
true
true
true
true
true
true
true
true
true
true
true
true
true
true
true
false
false
false
false
false
false
false
false
false
false
false
false
false
false
false
false
true
true
true
true
true
true
true
true
true
true
true
true
true
true
true
true
false
false
false
false
false
false
false
false
false
false
false
false
false
false
false
false
true
true
true
true
true
true
true
true
true
true
true
true
true
true
true
true
false
false
false
false
false
false
false
false
false
false
false
false
false
false
false
false
true
true
true
true
false
false
false
false
false
false
false
false
true
true
true
true
true
true
true
true
true
true
true
true
true
true
true
true
true
true
true
true
true
true
true
true
true
true
true
true
true
true
true
true
true
true
true
true
false
false
false
false
false
false
false
false
false
false
false
false
false
false
false
false
false
false
false
false
true
true
true
true
true
true
true
true
true
true
true
true
true
true
true
true
false
false
false
false
false
false
false
false
false
false
false
false
false
false
false
false
true
true
true
true
true
true
true
true
true
true
true
true
true
true
true
true
false
false
false
false
false
false
false
false
false
false
false
false
false
false
false
false
true
true
true
true
true
true
true
true
true
true
true
true
true
true
true
true
false
false
false
false
false
false
false
false
false
false
false
false
false
false
false
false
true
true
true
true
true
true
true
true
true
true
true
true
true
true
true
true
false
false
false
false
false
false
false
false
false
false
false
false
false
false
false
false
true
true
true
true
true
true
true
true
true
true
true
true
true
true
true
true
false
false
false
false
false
false
false
false
false
false
false
false
false
false
false
false
true
true
true
true
false
false
false
false
false
false
false
false
true
true
true
true
true
true
true
true
true
true
true
true
true
true
true
true
false
false
false
false
false
false
false
false
false
false
false
false
false
false
false
false
false
false
false
false
true
true
true
true
true
true
true
true
true
true
true
true
true
true
true
true
false
false
false
false
false
false
false
false
false
false
false
false
false
false
false
false
true
true
true
true
true
true
true
true
true
true
true
true
true
true
true
true
false
false
false
false
false
false
false
false
false
false
false
false
false
false
false
false
true
true
true
true
true
true
true
true
true
true
true
true
true
true
true
true
false
false
false
false
false
false
false
false
false
false
false
false
false
false
false
false
true
true
true
true
true
true
true
true
true
true
true
true
true
true
true
true
false
false
false
false
false
false
false
false
false
false
false
false
false
false
false
false
true
true
true
true
true
true
true
true
true
true
true
true
true
true
true
true
false
false
false
false
false
false
false
false
false
false
false
false
false
false
false
false
true
true
true
true
true
true
true
true
true
true
true
true
true
true
true
true
false
false
false
false
false
false
false
false
false
false
false
false
false
false
false
false
true
true
true
true
false
false
false
false
false
false
false
false
true
true
true
true
true
true
true
true
true
true
true
true
true
true
true
true
false
false
false
false
false
false
false
false
false
false
false
false
false
false
false
false
false
false
false
false
false
true
true
true
true
true
true
true
true
true
true
true
true
true
true
true
true
false
false
false
false
false
false
false
false
false
false
false
false
false
false
false
false
true
true
true
true
true
true
true
true
true
true
true
true
true
true
true
true
false
false
false
false
false
false
false
false
false
false
false
false
false
false
false
false
true
true
true
true
true
true
true
true
true
true
true
true
true
true
true
true
false
false
false
false
false
false
false
false
false
false
false
false
false
false
false
false
true
true
true
true
true
true
true
true
true
true
true
true
true
true
true
true
false
false
false
false
false
false
false
false
false
false
false
false
false
false
false
false
true
true
true
true
true
true
true
true
true
true
true
true
true
true
true
true
false
false
false
false
false
false
false
false
false
false
false
false
false
false
false
false
true
true
true
true
true
true
true
true
true
true
true
true
true
true
true
true
false
false
false
false
false
false
false
false
false
false
false
false
false
false
false
false
true
true
true
true
false
false
false
false
false
false
false
false
true
true
true
true
true
true
true
true
true
true
true
true
true
true
true
true
false
false
false
false
false
false
false
false
false
false
false
false
false
false
false
false
false
false
false
false
true
true
true
true
true
true
true
true
true
true
true
true
true
true
true
true
false
false
false
false
false
false
false
false
false
false
false
false
false
false
false
false
true
true
true
true
true
true
true
true
true
true
true
true
true
true
true
true
false
false
false
false
false
false
false
false
false
false
false
false
false
false
false
false
true
true
true
true
true
true
true
true
true
true
true
true
true
true
true
true
false
false
false
false
false
false
false
false
false
false
false
false
false
false
false
false
true
true
true
true
true
true
true
true
true
true
true
true
true
true
true
true
false
false
false
false
false
false
false
false
false
false
false
false
false
false
false
false
true
true
true
true
true
true
true
true
true
true
true
true
true
true
true
true
false
false
false
false
false
false
false
false
false
false
false
false
false
false
false
false
true
true
true
true
true
true
true
true
true
true
true
true
true
true
true
true
false
false
false
false
false
false
false
false
false
false
false
false
false
false
false
false
true
true
true
true
false
false
false
false
false
false
false
false
true
true
true
true
true
true
true
true
true
true
true
true
true
true
true
true
false
false
false
false
false
false
false
false
false
false
false
false
false
false
false
false
false
false
false
false
true
true
true
true
true
true
true
true
true
true
true
true
true
true
true
true
false
false
false
false
false
false
false
false
false
false
false
false
false
false
false
false
true
true
true
true
true
true
true
true
true
true
true
true
true
true
true
true
false
false
false
false
false
false
false
false
false
false
false
false
false
false
false
false
true
true
true
true
true
true
true
true
true
true
true
true
true
true
true
true
false
false
false
false
false
false
false
false
false
false
false
false
false
false
false
false
true
true
true
true
true
true
true
true
true
true
true
true
true
true
true
true
false
false
false
false
false
false
false
false
false
false
false
false
false
false
false
false
true
true
true
true
true
true
true
true
true
true
true
true
true
true
true
true
false
false
false
false
false
false
false
false
false
false
false
false
false
false
false
false
true
true
true
true
true
true
true
true
true
true
true
true
true
true
true
true
false
false
false
false
false
false
false
false
false
false
false
false
false
false
false
false
true
true
true
true
false
false
false
false
false
false
false
false
true
true
true
true
true
true
true
true
true
true
true
true
true
true
true
true
false
false
false
false
false
false
false
false
false
false
false
false
false
false
false
false
false
false
false
false
true
true
true
true
true
true
true
true
true
true
true
true
true
true
true
true
false
false
false
false
false
false
false
false
false
false
false
false
false
false
false
false
true
true
true
true
true
true
true
true
true
true
true
true
true
true
true
true
false
false
false
false
false
false
false
false
false
false
false
false
false
false
false
false
true
true
true
true
true
true
true
true
true
true
true
true
true
true
true
true
false
false
false
false
false
false
false
false
false
false
false
false
false
false
false
false
true
true
true
true
true
true
true
true
true
true
true
true
true
true
true
true
false
false
false
false
false
false
false
false
false
false
false
false
false
false
false
false
true
true
true
true
true
true
true
true
true
true
true
true
true
true
true
true
false
false
false
false
false
false
false
false
false
false
false
false
false
false
false
false
true
true
true
true
true
true
true
true
true
true
true
true
true
true
true
true
false
false
false
false
false
false
false
false
false
false
false
false
false
false
false
false
true
true
true
true
false
false
false
false
false
false
false
false
true
true
true
true
true
true
true
true
true
true
true
true
true
true
true
true
false
false
false
false
false
false
false
false
false
false
false
false
false
false
false
false
false
false
false
false
true
true
true
true
true
true
true
true
true
true
true
true
true
true
true
true
false
false
false
false
false
false
false
false
false
false
false
false
false
false
false
false
true
true
true
true
true
true
true
true
true
true
true
true
true
true
true
true
false
false
false
false
false
false
false
false
false
false
false
false
false
false
false
false
true
true
true
true
true
true
true
true
true
true
true
true
true
true
true
true
false
false
false
false
false
false
false
false
false
false
false
false
false
false
false
false
true
true
true
true
true
true
true
true
true
true
true
true
true
true
true
true
false
false
false
false
false
false
false
false
false
false
false
false
false
false
false
false
true
true
true
true
true
true
true
true
true
true
true
true
true
true
true
true
false
false
false
false
false
false
false
false
false
false
false
false
false
false
false
false
true
true
true
true
true
true
true
true
true
true
true
true
true
true
true
true
false
false
false
false
false
false
false
false
false
false
false
false
false
false
false
false
true
true
true
true
false
false
false
false
false
false
false
false
true
true
true
true
true
true
true
true
true
true
true
true
true
true
true
true
false
false
false
false
false
false
false
false
false
false
false
false
false
false
false
false
false
false
false
false
true
true
true
true
true
true
true
true
true
true
true
true
true
true
true
true
false
false
false
false
false
false
false
false
false
false
false
false
false
false
false
false
true
true
true
true
true
true
true
true
true
true
true
true
true
true
true
true
false
false
false
false
false
false
false
false
false
false
false
false
false
false
false
false
true
true
true
true
true
true
true
true
true
true
true
true
true
true
true
true
false
false
false
false
false
false
false
false
false
false
false
false
false
false
false
false
true
true
true
true
true
true
true
true
true
true
true
true
true
true
true
true
false
false
false
false
false
false
false
false
false
false
false
false
false
false
false
false
true
true
true
true
true
true
true
true
true
true
true
true
true
true
true
true
false
false
false
false
false
false
false
false
false
false
false
false
false
false
false
false
true
true
true
true
true
true
true
true
true
true
true
true
true
true
true
true
false
false
false
false
false
false
false
false
false
false
false
false
false
false
false
false
true
true
true
true
true
true
true
true
true
true
true
false
false
false
false
false
false
false
false
true
true
true
true
true
true
true
true
true
true
true
true
true
true
true
true
false
false
false
false
false
false
false
false
false
false
false
false
false
false
false
false
false
false
false
false
true
true
true
true
true
true
true
true
true
true
true
true
true
true
true
true
false
false
false
false
false
false
false
false
false
false
false
false
false
false
false
false
true
true
true
true
true
true
true
true
true
true
true
true
true
true
true
true
false
false
false
false
false
false
false
false
false
false
false
false
false
false
false
false
true
true
true
true
true
true
true
true
true
true
true
true
true
true
true
true
false
false
false
false
false
false
false
false
false
false
false
false
false
false
false
false
true
true
true
true
true
true
true
true
true
true
true
true
true
true
true
true
false
false
false
false
false
false
false
false
false
false
false
false
false
false
false
false
true
true
true
true
true
true
true
true
true
true
true
true
true
true
true
true
false
false
false
false
false
false
false
false
false
false
false
false
false
false
false
false
true
true
true
true
true
true
true
true
true
true
true
true
true
true
true
true
true
true
true
true
true
true
true
true
true
true
true
true
false
false
false
false
false
false
false
false
false
false
false
false
false
false
false
false
true
true
true
true
true
true
true
true
true
true
true
true
true
true
true
true
true
true
true
true
false
false
false
false
false
false
false
false
true
true
true
true
true
true
true
true
true
true
true
true
true
true
true
true
false
false
false
false
false
false
false
false
false
false
false
false
false
false
false
false
false
false
false
false
true
true
true
true
true
true
true
true
true
true
true
true
true
true
true
true
false
false
false
false
false
false
false
false
false
false
false
false
false
false
false
false
true
true
true
true
true
true
true
true
true
true
true
true
true
true
true
true
false
false
false
false
false
false
false
false
false
false
false
false
false
false
false
false
true
true
true
true
true
true
true
true
true
true
true
true
true
true
true
true
false
false
false
false
false
false
false
false
false
false
false
false
false
false
false
false
true
true
true
true
true
true
true
true
true
true
true
true
true
true
true
true
false
false
false
false
false
false
false
false
false
false
false
false
false
false
false
false
true
true
true
true
true
true
true
true
true
true
true
true
true
true
true
true
true
true
true
true
true
true
true
true
true
true
true
true
false
false
false
false
false
false
false
false
false
false
false
false
false
false
false
false
true
true
true
true
true
true
true
true
true
true
true
true
true
true
true
true
true
true
true
true
true
true
true
true
true
true
true
true
true
true
true
true
true
true
true
true
true
true
true
true
false
false
false
false
false
false
false
false
false
false
false
false
false
false
false
false
true
true
true
true
true
true
true
true
true
true
true
true
true
true
true
true
false
false
false
false
false
false
false
false
true
true
true
true
true
true
true
true
true
true
true
true
true
true
true
true
false
false
false
false
false
false
false
false
false
false
false
false
false
false
false
false
false
false
false
false
true
true
true
true
true
true
true
true
true
true
true
true
true
true
true
true
false
false
false
false
false
false
false
false
false
false
false
false
false
false
false
false
true
true
true
true
true
true
true
true
true
true
true
true
true
true
true
true
false
false
false
false
false
false
false
false
false
false
false
false
false
false
false
false
true
true
true
true
true
true
true
true
true
true
true
true
true
true
true
true
false
false
false
false
false
false
false
false
false
false
false
false
false
false
false
false
true
true
true
true
true
true
true
true
true
true
true
true
true
true
true
true
true
true
true
true
true
true
true
true
true
true
true
true
false
false
false
false
false
false
false
false
false
false
false
false
false
false
false
false
true
true
true
true
true
true
true
true
true
true
true
true
true
true
true
true
true
true
true
true
true
true
true
true
true
true
true
true
true
true
true
true
true
true
true
true
true
true
true
true
false
false
false
false
false
false
false
false
false
false
false
false
false
false
false
false
true
true
true
true
true
true
true
true
true
true
true
true
true
true
true
true
true
true
true
true
true
true
true
true
false
false
false
false
false
false
false
false
false
false
false
false
false
false
false
false
true
true
true
true
true
true
true
true
true
true
true
true
true
true
true
false
false
false
false
false
false
false
false
true
true
true
true
true
true
true
true
true
true
true
true
true
true
true
true
false
false
false
false
false
false
false
false
false
false
false
false
false
false
false
false
false
false
false
false
true
true
true
true
true
true
true
true
true
true
true
true
true
true
true
true
false
false
false
false
false
false
false
false
false
false
false
false
false
false
false
false
true
true
true
true
true
true
true
true
true
true
true
true
true
true
true
true
false
false
false
false
false
false
false
false
false
false
false
false
false
false
false
false
true
true
true
true
true
true
true
true
true
true
true
true
true
true
true
true
true
true
true
true
true
true
true
true
true
true
true
true
false
false
false
false
false
false
false
false
false
false
false
false
false
false
false
false
true
true
true
true
true
true
true
true
true
true
true
true
true
true
true
true
true
true
true
true
true
true
true
true
true
true
true
true
true
true
true
true
true
true
true
true
true
true
true
true
false
false
false
false
false
false
false
false
false
false
false
false
false
false
false
false
true
true
true
true
true
true
true
true
true
true
true
true
true
true
true
true
true
true
true
true
true
true
true
true
false
false
false
false
false
false
false
false
false
false
false
false
false
false
false
false
true
true
true
true
true
true
true
true
true
true
true
true
true
true
true
true
true
false
false
false
true
false
true
true
false
false
false
false
true
true
true
true
true
true
true
true
true
true
true
true
false
false
false
false
false
false
false
true
true
true
true
true
true
true
true
true
true
true
true
true
true
true
true
false
false
false
false
false
false
false
false
false
false
false
false
false
false
false
false
false
false
false
false
true
true
true
true
true
true
true
true
true
true
true
true
true
true
true
true
false
false
false
false
false
false
false
false
false
false
false
false
false
false
false
false
true
true
true
true
true
true
true
true
true
true
true
true
true
true
true
true
true
true
true
true
true
true
true
true
false
false
false
false
false
false
false
false
false
false
false
false
false
false
false
false
true
true
true
true
true
true
true
true
true
true
true
true
true
true
true
true
true
true
true
true
true
true
true
true
true
true
true
true
true
true
true
true
true
true
true
true
true
true
true
true
false
false
false
false
false
false
false
false
false
false
false
false
false
false
false
false
true
true
true
true
true
true
true
true
true
true
true
true
true
true
true
true
true
true
true
true
true
true
true
true
false
false
false
false
false
false
false
false
false
false
false
false
false
false
false
false
true
true
true
true
true
true
true
true
true
true
true
true
true
true
true
true
true
false
false
true
false
false
true
true
false
false
false
false
true
true
true
true
true
true
true
true
true
true
true
true
true
true
true
true
false
false
false
false
true
true
true
true
true
true
true
true
true
true
true
true
false
false
false
false
false
false
false
false
false
false
false
false
false
false
false
false
false
false
false
true
true
true
true
true
true
true
true
true
true
true
true
true
true
true
true
false
false
false
false
false
false
false
false
false
false
false
false
false
false
false
false
false
false
false
false
true
true
true
true
true
true
true
true
true
true
true
true
true
true
true
true
true
false
false
false
false
false
false
false
false
false
false
false
false
false
false
false
false
true
true
true
true
true
true
true
true
true
true
true
true
true
true
true
true
true
true
true
true
true
true
true
true
true
true
true
true
true
true
true
true
true
true
true
true
false
false
false
false
false
false
false
false
false
false
false
false
false
false
false
false
true
true
true
true
true
true
true
true
true
true
true
true
true
true
true
true
true
true
true
true
true
true
true
true
false
false
false
false
false
false
false
false
false
false
false
false
false
false
false
false
true
true
true
true
true
true
true
true
true
true
true
true
true
true
true
true
true
true
false
false
false
false
true
true
false
false
false
false
false
false
false
false
true
true
true
true
true
true
true
true
true
true
true
true
true
true
true
true
true
true
true
true
true
true
true
true
true
true
true
true
false
false
false
false
false
false
false
false
false
false
false
false
false
false
false
false
false
false
false
false
false
false
false
false
false
false
false
false
false
false
false
false
false
false
false
false
false
false
false
false
false
false
false
false
false
false
false
false
false
false
false
false
false
false
false
false
false
false
false
false
false
false
false
false
false
false
false
false
false
false
false
false
false
false
false
false
false
false
false
false
false
false
false
false
false
false
false
false
false
false
false
false
false
false
false
false
true
true
true
true
true
true
true
true
true
true
true
true
true
true
true
true
false
false
false
false
false
false
false
false
false
false
false
false
false
false
false
false
false
false
false
false
true
true
true
true
true
true
true
true
true
true
true
true
true
true
true
true
true
true
true
true
false
false
false
false
false
false
false
false
false
false
false
false
false
false
false
false
true
true
true
true
true
true
true
true
true
true
true
true
true
true
true
true
true
true
true
true
true
true
true
true
false
false
false
false
false
false
false
false
false
false
false
false
false
false
false
false
true
true
false
false
false
false
true
true
false
false
false
false
false
false
false
false
true
true
true
true
true
true
true
true
true
true
true
true
false
false
false
false
false
false
false
false
false
false
false
false
false
false
false
false
false
false
false
false
false
false
false
false
false
false
false
false
false
false
false
false
false
false
false
false
false
false
false
false
false
false
false
false
false
false
false
false
false
false
false
false
false
false
false
false
false
false
false
false
false
false
false
false
false
false
false
false
false
false
false
false
false
false
false
false
false
false
false
false
false
false
false
false
false
false
false
false
false
false
false
false
false
false
false
false
false
false
false
false
false
false
false
false
false
false
false
false
false
false
false
false
false
false
false
false
false
false
false
false
false
false
false
false
false
false
false
false
false
false
false
false
false
false
false
false
false
false
false
false
false
false
false
false
false
false
false
false
false
false
false
false
true
true
true
true
true
true
true
true
true
true
true
true
true
true
true
true
false
false
false
false
false
false
false
false
false
false
false
false
false
false
false
false
false
false
false
false
true
true
true
true
true
true
true
true
true
true
true
true
false
false
false
false
false
false
false
false
false
false
false
false
false
false
false
false
true
true
true
true
true
true
true
true
false
true
false
true
false
false
true
true
false
false
false
false
false
false
false
false
true
true
true
true
false
false
false
false
false
false
false
false
false
false
false
false
false
false
false
false
false
false
false
false
false
false
false
false
false
false
false
false
false
false
false
false
false
false
false
false
false
false
false
false
false
false
false
false
false
false
false
false
false
false
false
false
false
false
false
false
false
false
false
false
false
false
false
false
false
false
false
false
false
false
false
false
false
false
false
false
false
false
false
false
false
false
false
false
false
false
false
false
false
false
false
false
false
false
false
false
false
false
false
false
false
false
false
false
false
false
false
false
false
false
false
false
false
false
false
false
false
false
false
false
false
false
false
false
false
false
false
false
false
false
false
false
false
false
false
false
false
false
false
false
false
false
false
false
false
false
false
false
false
false
false
false
false
false
false
false
false
false
false
false
false
false
false
false
false
false
false
false
false
false
false
false
false
false
false
false
false
false
false
false
true
true
true
true
true
true
true
true
false
false
false
false
false
false
false
false
false
false
false
false
false
false
false
false
false
false
false
false
true
true
true
true
false
false
true
false
true
false
false
true
true
false
false
false
false
false
false
false
false
false
false
false
false
false
false
false
false
false
false
false
false
false
false
false
false
false
false
false
false
false
false
false
false
false
false
false
false
false
false
false
false
false
false
false
false
false
false
false
false
false
false
false
false
false
false
false
false
false
false
false
false
false
false
false
false
false
false
false
false
false
false
false
false
false
false
false
false
false
false
false
false
false
false
false
false
false
false
false
false
false
false
false
false
false
false
false
false
false
false
false
false
false
false
false
false
false
false
false
false
false
false
false
false
false
false
false
false
false
false
false
false
false
false
false
false
false
false
false
false
false
false
false
false
false
false
false
false
false
false
false
false
false
false
false
false
false
false
false
false
false
false
false
false
false
false
false
false
false
false
false
false
false
false
false
false
false
false
false
false
false
false
false
false
false
false
false
false
false
false
false
false
false
false
false
false
false
false
false
false
false
false
false
false
false
false
false
false
false
false
false
true
true
false
false
false
false
false
true
true
false
false
false
false
false
false
false
false
false
false
false
false
false
false
false
false
false
false
false
false
false
false
false
false
false
false
false
false
false
false
false
false
false
false
false
false
false
false
false
false
false
false
false
false
false
false
false
false
false
false
false
false
false
false
false
false
false
false
false
false
false
false
false
false
false
false
false
false
false
false
false
false
false
false
false
false
false
false
false
false
false
false
false
false
false
false
false
false
false
false
false
false
false
false
false
false
false
false
false
false
false
false
false
false
false
false
false
false
false
false
false
false
false
false
false
false
false
false
false
false
false
false
false
false
false
false
false
false
false
false
false
false
false
false
false
false
false
false
false
false
false
false
false
false
false
false
false
false
false
false
false
false
false
false
false
false
false
false
false
false
false
false
false
false
false
false
false
false
false
false
false
false
false
false
false
false
false
false
false
false
false
false
false
false
false
false
false
false
false
false
false
false
false
false
false
false
false
false
false
false
false
false
false
false
false
false
false
false
false
false
false
false
false
false
false
false
false
false
false
false
false
false
false
false
false
false
false
false
false
false
false
false
false
false
false
false
false
false
false
false
false
false
false
false
false
false
false
false
false
false
false
false
false
false
false
false
false
false
false
false
false
false
false
false
false
false
false
false
false
false
false
false
false
false
false
false
false
false
false
false
false
false
false
false
false
false
false
false
false
false
false
false
false
false
false
false
false
false
false
false
false
false
false
false
false
false
false
false
false
false
false
false
false
false
false
false
false
false
false
false
false
false
false
false
false
false
false
false
false
false
false
false
false
false
false
false
false
false
false
false
false
false
false
false
false
false
false
false
false
false
false
false
false
false
false
false
false
false
false
false
false
false
false
false
false
false
false
false
false
false
false
false
false
false
false
false
false
false
false
false
false
false
false
false
false
false
false
false
false
false
false
false
false
false
false
false
false
false
false
false
false
false
false
false
false
false
false
false
false
false
false
false
false
false
false
false
false
false
false
false
false
false
false
false
false
false
false
false
false
false
false
false
false
false
false
false
false
false
false
false
false
false
false
false
false
false
false
false
false
false
false
false
false
false
false
false
false
false
false
false
false
false
false
false
false
false
false
false
false
false
false
false
false
false
false
false
false
false
false
false
false
false
false
false
false
false
false
false
false
false
false
false
false
false
false
false
false
false
false
false
false
false
false
false
false
false
false
false
false
false
false
false
false
false
false
false
false
false
false
false
false
false
false
false
false
false
false
false
false
false
false
false
false
false
false
false
false
false
false
false
false
false
false
false
false
false
false
false
false
false
false
false
false
false
false
false
false
false
false
false
false
false
false
false
false
false
false
false
false
false
false
false
false
false
false
false
false
false
false
false
false
false
false
false
false
false
false
false
false
false
false
false
false
false
false
false
false
false
false
false
false
false
false
false
false
false
false
false
false
false
false
false
false
false
false
false
false
false
false
false
false
false
false
false
false
false
false
false
false
false
false
false
false
false
false
false
false
false
false
false
false
false
false
false
false
false
false
false
false
false
false
false
false
false
false
false
false
false
false
false
false
false
false
false
false
false
false
false
false
false
false
false
false
false
false
false
false
false
false
false
false
false
false
false
false
false
false
false
false
false
false
false
false
false
false
false
false
false
false
false
false
false
false
false
false
false
false
false
false
false
false
false
false
false
false
false
false
false
false
false
false
false
false
false
false
false
false
false
false
false
false
false
false
false
false
false
false
false
false
false
false
false
false
false
false
false
false
false
false
false
false
false
false
false
false
false
false
false
false
false
false
false
false
false
false
false
false
false
)
;
}
)

// ************************************************************************* //
