/*--------------------------------*- C++ -*----------------------------------*\
  =========                 |
  \\      /  F ield         | OpenFOAM: The Open Source CFD Toolbox
   \\    /   O peration     | Website:  https://openfoam.org
    \\  /    A nd           | Version:  12
     \\/     M anipulation  |
\*---------------------------------------------------------------------------*/
FoamFile
{
    format      ascii;
    class       labelList;
    location    "constant/polyMesh";
    object      pointProcAddressing;
}
// * * * * * * * * * * * * * * * * * * * * * * * * * * * * * * * * * * * * * //


13236
(
716
717
718
719
720
721
722
723
724
725
726
727
728
729
730
731
732
733
734
735
736
737
738
739
740
741
742
743
744
745
746
747
748
749
750
751
752
753
754
755
756
757
758
759
760
761
762
763
764
765
766
767
768
769
770
771
772
773
774
775
776
777
778
779
780
781
782
783
784
785
786
787
788
789
790
791
792
793
794
795
796
797
798
799
800
801
802
803
804
805
806
807
808
809
810
811
812
813
814
815
816
817
818
819
820
821
822
823
824
825
826
827
828
829
830
831
832
833
834
835
836
837
838
839
840
841
842
843
844
845
846
847
848
849
850
851
852
853
854
855
856
857
858
859
860
861
862
863
864
865
866
867
868
869
870
871
872
873
874
875
876
877
878
879
880
881
882
883
884
885
886
887
888
889
890
891
892
893
894
895
896
897
898
899
900
901
902
903
904
905
906
907
908
909
910
911
912
913
914
915
916
917
918
919
920
921
922
923
924
925
926
927
928
996
997
998
999
1000
1001
1002
1003
1004
1005
1006
1007
1008
1009
1010
1011
1012
1013
1014
1015
1016
1017
1018
1019
1020
1021
1022
1023
1024
1025
1026
1027
1028
1029
1030
1031
1032
1033
1034
1035
1036
1037
1038
1039
1040
1041
1042
1043
1044
1045
1046
1047
1048
1049
1050
1051
1052
1053
1054
1055
1056
1057
1058
1059
1060
1061
1062
1063
1064
1065
1066
1067
1068
1069
1070
1071
1072
1073
1074
1075
1076
1077
1078
1079
1080
1129
1130
1131
1132
1133
1134
1135
1136
1137
1138
1139
1140
1141
1142
1143
1144
1145
1146
1147
1148
1149
1150
1151
1152
1153
1154
1155
1156
1157
1158
1159
1160
1161
1162
1163
1164
1165
1166
1167
1168
1169
1170
1171
1172
1173
1174
1175
1176
1177
1178
1179
1180
1181
1182
1183
1184
1185
1186
1187
1188
1189
1190
1191
1192
1193
1194
1238
1239
1240
1241
1242
1243
1244
1245
1246
1247
1248
1249
1250
1251
1252
1253
1254
1255
1256
1257
1258
1259
1260
1261
1262
1263
1264
1265
1266
1267
1268
1269
1270
1271
1272
1273
1274
1275
1276
1277
1278
1279
1280
1281
1282
1283
1284
1285
1286
1287
1288
1289
1290
1291
1292
1332
1334
1335
1336
1337
1338
1339
1340
1341
1342
1343
1344
1345
1346
1347
1348
1349
1350
1351
1352
1353
1354
1355
1356
1357
1358
1359
1360
1361
1362
1363
1364
1365
1366
1367
1368
1369
1370
1371
1372
1373
1374
1375
1376
1377
1378
1379
1380
1381
1416
1417
1418
1419
1420
1421
1422
1423
1424
1425
1426
1427
1428
1429
1430
1431
1432
1433
1434
1435
1436
1437
1438
1439
1440
1441
1442
1443
1444
1445
1446
1447
1448
1449
1450
1451
1452
1453
1454
1455
1456
1457
1458
1459
1460
1461
1462
1463
1464
1465
1466
1467
1468
1469
1470
1471
1472
1473
1474
1475
1476
1477
1478
1505
1506
1507
1508
1509
1510
1511
1512
1513
1514
1515
1516
1517
1518
1519
1520
1521
1522
1523
1524
1525
1526
1527
1528
1529
1530
1531
1532
1533
1534
1535
1536
1537
1538
1539
1540
1558
1559
1560
1561
1562
1563
1564
1565
1566
1567
1568
1569
1570
1571
1572
1573
1574
1575
1576
1577
1591
1592
1593
1594
1595
1596
1597
1598
1599
1600
1601
1602
1603
1604
1605
1606
1616
1617
1618
1619
1620
1621
1622
1623
1624
1625
1626
1632
1633
1634
1635
1636
1637
1638
1641
1642
1647
1648
1650
1651
1652
1657
1658
1659
1660
1661
1662
1663
1664
1665
1666
1667
1668
1669
1670
1671
1672
1673
1701
1702
1703
1704
1705
1743
1744
1789
1791
1793
1795
1797
1799
1801
1804
1806
1808
1810
1812
1908
1909
1910
1911
1912
1913
1914
1915
1916
1917
1918
1919
1920
1921
1922
1923
1924
1925
1926
1927
1928
1929
1930
1931
1932
1933
1934
1935
1936
1937
1938
1939
1940
1941
1942
1943
1944
1945
1946
1947
1948
1949
1950
1951
1952
1953
1954
1955
1956
1957
1958
1959
1960
1961
1962
1963
1964
1965
1966
1967
1968
1969
1970
1971
1972
1973
1974
1975
1976
1977
1978
1979
1980
1981
1982
1983
1984
1985
1986
1987
1988
1989
1990
1991
1992
1993
1994
1995
1996
1997
1998
1999
2000
2001
2002
2003
2004
2005
2006
2007
2008
2009
2010
2011
2012
2013
2014
2015
2016
2017
2018
2019
2020
2021
2022
2023
2024
2025
2026
2027
2028
2029
2030
2031
2032
2033
2034
2035
2036
2037
2038
2039
2040
2041
2042
2043
2044
2045
2046
2047
2048
2049
2050
2051
2052
2053
2054
2055
2056
2057
2058
2059
2060
2061
2062
2063
2064
2065
2066
2067
2068
2069
2107
2108
2109
2110
2111
2112
2113
2114
2115
2116
2117
2118
2119
2120
2121
2122
2123
2124
2125
2126
2127
2128
2129
2130
2131
2132
2133
2134
2135
2136
2137
2138
2139
2140
2141
2142
2143
2144
2145
2146
2147
2148
2149
2150
2151
2185
2186
2187
2188
2189
2190
2191
2192
2193
2194
2195
2196
2197
2198
2199
2200
2201
2202
2203
2204
2205
2206
2207
2208
2209
2210
2211
2212
2213
2214
2215
2216
2217
2218
2219
2220
2221
2222
2223
2224
2266
2268
2269
2270
2271
2272
2273
2274
2275
2276
2277
2278
2279
2280
2281
2282
2283
2284
2285
2286
2287
2288
2289
2315
2317
2318
2319
2320
2321
2322
2323
2324
2325
2326
2327
2328
2329
2330
2338
2339
2340
2341
2342
2343
2344
2345
2346
6157
6158
6159
6160
6161
6162
6163
6164
6165
6166
6167
6168
6169
6170
6171
6172
6173
6174
6175
6200
6201
6202
6203
6204
6205
6206
6207
6208
6209
6210
6211
6212
6213
6214
6215
6216
6217
6218
6219
6235
6236
6237
6238
6239
6240
6241
6242
6243
6244
6245
6246
6247
6248
6249
6261
6262
6263
6264
6265
6266
6267
6268
6269
6270
6278
6279
6280
6281
6282
6283
6287
6288
32688
32689
32690
32691
32692
32693
32694
32695
32696
32697
32698
32699
32700
32712
32713
32714
32715
32716
32717
32718
32719
32727
32728
32729
32730
32731
32732
32733
32734
32735
32744
32745
32746
32747
32748
32749
32750
32751
32752
32753
32754
32755
32756
32766
32767
32768
32769
32770
32771
32772
32773
32774
32775
32776
32787
32788
32789
32790
32791
32792
32793
32794
32795
32805
32806
32807
32808
32809
32810
32816
32817
32818
32820
32821
32824
32825
32827
32833
32834
32835
32837
32843
32844
32845
32856
32859
32864
32866
32869
32870
32874
32875
32876
32878
32895
32896
32897
32898
32899
32925
32926
32927
32928
32929
32930
32931
32932
32933
32934
32935
32969
32971
32972
32973
32974
32975
32976
32977
32978
32979
32980
32981
33017
33018
33019
33020
33021
33022
33023
33024
33025
33026
33058
33059
33060
33061
33062
33063
33064
33086
33088
33089
33099
33100
33103
33104
33107
33108
33155
33156
33181
33183
33184
33185
33186
33187
33188
33214
33215
33216
33217
33218
33219
33220
33221
33222
33246
33247
33248
33249
33250
33251
33252
33253
33254
33274
33275
33276
33277
33278
33279
33280
33281
33282
33325
33326
33330
33333
33334
33337
33344
33345
33346
33349
33362
33368
33370
33373
33374
33391
33392
33396
33397
33398
33399
33400
33401
33402
33404
33405
33411
33412
33413
33414
33425
33429
33435
33436
33437
33438
33440
33441
33447
33448
33459
33460
33461
33469
33475
33476
33477
33479
33480
33481
33482
33483
33485
33489
33490
33502
33504
33505
33506
33508
33520
33521
33525
33528
33538
33539
33540
33541
33542
33543
33544
33545
33546
33547
33548
33549
33550
33551
33552
33553
33554
33555
33556
33568
33570
33571
33572
33577
33578
33579
33586
33587
33588
33589
33605
33611
33615
33619
33653
33654
33663
33667
33668
33675
33682
33686
33691
33694
33704
33705
33706
33707
33708
33709
33710
33711
33712
33713
33714
33715
33716
33717
33718
33719
33720
33721
33722
33723
33724
33725
33728
33729
33730
33731
33733
33736
33737
33738
33745
33746
33747
33748
33751
33754
33755
33756
33757
33758
33760
33763
33765
33767
33770
33771
33772
33773
33774
33775
33776
33778
33781
33786
33788
33789
33790
33791
33792
33793
33795
33798
33800
33801
33807
33809
33811
33812
33815
33816
33818
33819
33821
33834
33873
33874
33876
33877
33878
33879
33880
33881
33882
33883
33898
33899
33900
33901
33910
33912
33913
33914
33923
33938
33940
33942
33943
33944
33945
33946
33947
33948
33949
33950
33951
33952
33953
33954
33955
33956
33957
33958
33959
33960
33961
33962
33963
33964
33965
33966
33967
33968
33969
33970
33971
33972
33973
33974
33975
33976
33977
33978
33979
33980
33981
33982
33983
33984
33985
33986
33987
33988
33989
33996
33998
34000
34030
34031
34032
34033
34034
34035
34036
34037
34046
34047
34048
34049
34054
34055
34056
34057
34058
34059
34101
34105
34111
34116
34146
34152
34162
34178
34183
34188
34189
34209
34213
34219
34220
34224
34225
34230
34262
34263
34264
34265
34266
34267
34268
34269
34280
34281
34282
34283
34289
34290
34291
34292
34293
34318
34319
34327
34328
34329
34333
34334
34335
34336
34341
34342
34343
34364
34369
34391
34395
34398
34418
34421
34424
34427
34428
34429
34435
34436
34437
34438
34442
34465
34467
34468
34475
34476
34477
34478
34480
34497
34498
34501
34503
34506
34539
34540
34541
34542
34543
34544
34550
34552
34558
34559
34560
34564
34565
34566
34567
34570
34601
34607
34671
34672
34673
34674
34676
34677
34678
34679
34681
34682
34685
34686
34687
34688
34689
34690
34691
34692
34693
34694
34719
34720
34721
34723
34724
34725
34726
34728
34731
34741
34742
34743
34744
34745
34746
34747
34749
34750
34821
34822
34823
34824
34829
34830
34831
34832
34837
34838
34839
34840
34845
34846
34847
34848
34855
34856
34857
34858
34861
34907
34910
34911
34919
34920
34922
34925
34928
34930
34932
34936
34937
34939
34940
34941
34942
34947
34948
34949
34954
34955
34956
34957
34958
34962
34963
34964
34965
34975
34977
34987
34989
34990
34991
34992
34994
34997
35000
35003
35033
35035
35037
35040
35041
35043
35045
35046
35047
35049
35050
35052
35053
35054
35056
35057
35059
35076
35077
35079
35080
35082
35083
35084
35086
35088
35100
35101
35102
35103
35105
35106
35107
35108
35110
35120
35121
35122
35123
35124
35125
35126
35127
35140
35141
35143
35144
35146
35147
35154
35155
35156
35157
35160
35161
35162
35175
35176
35177
35181
35183
35185
35188
35198
35199
35200
35201
35202
35203
35204
35212
35213
35214
35215
35216
35217
35222
35223
35224
35225
35226
35227
35231
35233
35235
35238
35239
35241
35246
35247
35248
35286
35287
35288
35289
35290
35291
35305
35306
35307
35318
35319
35320
35331
35351
35352
35353
35362
35363
35364
35368
35369
35370
35374
35375
35376
35381
35382
35384
35385
35386
35387
35388
35389
35390
35391
35393
35394
35408
35409
35411
35412
35413
35424
35425
35426
35427
35428
35429
35430
35431
35432
35433
35434
35447
35448
35449
35450
35451
35452
35463
35464
35465
35466
35467
35468
35469
35470
35471
35472
35473
35474
35476
35477
35478
35479
35486
35487
35488
35489
35490
35534
35535
35536
35537
35538
35539
35562
35563
35564
35565
35566
35567
35569
35570
35571
35572
35573
35574
35581
35582
35583
35584
35585
35586
35587
35588
35589
35590
35591
35592
35611
35612
35616
35617
35618
35619
35620
35622
35623
35624
35625
35626
35627
35628
35629
35631
35634
35635
35648
35649
35650
35651
35652
35653
35654
35671
35672
35673
35674
35675
35676
35680
35681
35682
35689
35690
35691
35700
35701
35702
35703
35704
35705
35729
35749
35750
35758
35765
35776
35777
35779
35806
35808
35812
35813
35814
35815
35817
35822
35832
35833
35834
35835
35836
35837
35855
35856
35857
35858
35859
35860
35861
35862
35863
35925
35926
35927
35949
35950
35951
35963
35964
35965
35966
35967
35971
35977
35979
35981
35983
35986
35987
35988
35994
35995
35996
35997
35998
35999
36003
36004
36005
36012
36013
36014
36016
36019
36024
36025
36026
36027
36028
36029
36030
36031
36032
36033
36034
36035
36036
36037
36038
36039
36044
36050
36051
36052
36053
36054
36055
36056
36057
36058
36059
36060
36061
36062
36063
36064
36065
36066
36067
36068
36087
36131
36132
36133
36134
36135
36136
36137
36138
36139
36140
36141
36142
36143
36144
36145
36161
36162
36163
36164
36170
36171
36172
36173
36178
36179
36180
36181
36206
36207
36208
36217
36232
36239
36240
36241
36242
36243
36244
36245
36246
36247
36248
36249
36250
36251
36252
36253
36254
36263
36281
36282
36283
36284
36285
36286
36287
36288
36289
36290
36291
36292
36293
36294
36295
36296
36297
36298
36299
36300
36301
36302
36303
36304
36305
36306
36307
36308
36309
36310
36311
36312
36323
36324
36325
36326
36327
36328
36329
36330
36331
36332
36333
36372
36389
36390
36391
36395
36396
36397
36401
36402
36403
36404
36425
36426
36427
36428
36429
36433
36435
36445
36446
36447
36448
36449
36450
36451
36452
36453
36454
36455
36456
36457
36473
36536
36537
36538
36539
36540
36541
36542
36543
36544
36545
36569
36570
36571
36572
36573
36592
36593
36594
36617
36634
36635
36636
36637
36638
36639
36658
36659
36660
36661
36668
36669
36670
36671
36674
36675
36679
36730
36753
36796
36797
36800
36801
36817
36819
36822
36827
36838
36840
36842
36844
36848
36849
36857
36868
36879
36881
36883
36900
36913
36915
36918
36932
36933
36947
36956
36957
36973
36974
36978
36979
36980
36981
36992
36993
36994
36995
36996
36997
36998
37002
37003
37004
37005
37006
37007
37018
37019
37020
37021
37022
37023
37024
37025
37026
37027
37041
37042
37043
37044
37045
37046
37047
37048
37049
37050
37051
37052
37053
37054
37055
37056
37057
37058
37059
37069
37070
37071
37072
37073
37074
37075
37076
37077
37078
37079
37084
37087
37090
37092
37122
37123
37124
37125
37126
37127
37128
37129
37131
37132
37133
37134
37135
37136
37137
37138
37141
37142
37144
37146
37147
37149
37150
37151
37152
37154
37158
37161
37162
37164
37165
37166
37167
37168
37169
37171
37175
37176
37177
37182
37183
37185
37187
37190
37191
37194
37195
37199
37200
37202
37205
37207
37208
37209
37210
37212
37213
37214
37220
37223
37225
37231
37232
37233
37234
37242
37243
37244
37245
37246
37247
37248
37249
37257
37258
37259
37260
37261
37262
37263
37264
37265
37266
37267
37268
37292
37293
37294
37295
37296
37297
37298
37299
37300
37301
37302
37303
37304
37305
37306
37307
37308
37309
37310
37311
37312
37313
37314
37315
37316
37328
37329
37330
37331
37332
37333
37334
37335
37336
37337
37338
37339
37340
37341
37342
37343
37345
37346
37347
37349
37350
37354
37355
37356
37357
37358
37359
37360
37365
37366
37367
37368
37369
37370
37371
37372
37373
37374
37375
37376
37378
37379
37383
37384
37385
37390
37391
37392
37393
37402
37403
37404
37405
37406
37407
37408
37409
37414
37415
37416
37417
37418
37419
37420
37421
37422
37424
37425
37430
37431
37432
37433
37434
37442
37447
37451
37452
37453
37454
37455
37456
37457
37458
37459
37460
37461
37462
37463
37464
37465
37466
37489
37510
37511
37512
37513
37514
37515
37516
37517
37518
37519
37520
37521
37522
37523
37524
37525
37526
37527
37528
37529
37530
37531
37532
37533
37534
37535
37536
37537
37538
37539
37540
37551
37552
37553
37554
37555
37556
37557
37558
37559
37560
37561
37562
37563
37564
37565
37566
37567
37582
37593
37601
37602
37603
37604
37605
37606
37607
37608
37609
37610
37611
37612
37613
37614
37615
37616
37617
37618
37619
37620
37621
37622
37623
37624
37625
37626
37627
37628
37629
37630
37631
37632
37633
37644
37671
37672
37673
37674
37675
37676
37677
37678
37679
37680
37681
37682
37683
37684
37685
37686
37687
37688
37689
37690
37691
37692
37693
37694
37695
37696
37697
37698
37699
37700
37701
37702
37703
37704
37705
37706
37707
37708
37709
37710
37711
37712
37713
37714
37715
37716
37717
37718
37724
37740
37741
37742
37743
37744
37745
37746
37747
37748
37749
37750
37751
37752
37753
37754
37755
37756
37757
37758
37759
37760
37761
37762
37763
37775
37776
37781
37782
37787
37788
37790
37791
37793
37796
37799
37800
37801
37803
37810
37811
37850
37851
37853
37854
37871
37873
37888
37889
37904
37907
37931
37934
37935
37938
37980
37999
38000
38001
38021
38024
38030
38044
38048
38097
38098
38100
38101
38102
38103
38153
38155
38156
38157
38159
38168
38171
38191
38192
38193
38194
38207
38208
38209
38210
38227
38228
38229
38230
38233
38243
38247
38248
38249
38257
38373
38374
38375
38376
38377
38378
38379
38380
38383
38384
38395
38396
38397
38398
38399
38400
38401
38402
38413
38414
38417
38418
38419
38420
38442
38448
38453
38456
38457
38465
38469
38472
38474
38475
38476
38477
38478
38479
38481
38492
38493
38494
38495
38496
38497
38498
38499
38500
38511
38513
38514
38515
38516
38517
38520
38523
38524
38528
38532
38533
38534
38535
38537
38545
38548
38549
38550
38551
38553
38563
38564
38565
38566
38567
38568
38577
38581
38597
38600
38601
38604
38605
38606
38607
38609
38610
38612
38613
38614
38615
38617
38618
38620
38621
38622
38623
38625
38626
38628
38629
38631
38632
38634
38635
38642
38643
38645
38646
38648
38678
38679
38680
38681
38682
38683
38684
38685
38686
38687
38688
38689
38691
38693
38694
38696
38697
38699
38728
38729
38731
38732
38734
38738
38739
38740
38741
38742
38743
38744
38767
38770
38771
38774
38811
38812
38813
38814
38815
38816
38817
38818
38819
38820
38821
38824
38825
38834
38835
38836
38837
38838
38839
38848
38849
38852
38853
38854
38859
38860
38861
38863
38864
38885
38886
38887
38889
38890
38891
38892
38893
38895
38896
38930
38965
38966
38968
38969
38973
38974
38975
38976
38977
38978
38979
39010
39032
39033
39034
39035
39036
39037
39038
39039
39040
39041
39042
39043
39060
39063
39064
39067
39068
39069
39070
39079
39080
39081
39082
39083
39084
39091
39092
39093
39094
39095
39096
39097
39098
39099
39100
39101
39102
39103
39104
39117
39118
39119
39145
39161
39180
39181
39182
39183
39184
39185
39188
39201
39218
39230
39234
39235
39236
39237
39246
39247
39248
39249
39262
39263
39264
39269
39270
39271
39291
39318
39340
39341
39342
39343
39344
39345
39346
39347
39348
39349
39350
39351
39352
39353
39354
39355
39356
39357
39358
39359
39360
39361
39362
39363
39364
39365
39366
39367
39368
39369
39370
39371
39372
39373
39374
39379
39380
39381
39393
39394
39395
39396
39397
39398
39399
39412
39413
39414
39416
39417
39428
39429
39430
39431
39438
39439
39440
39441
39456
39457
39458
39459
39460
39461
39462
39463
39464
39465
39466
39467
39468
39469
39470
39471
39472
39474
39476
39477
39487
39488
39490
39497
39498
39508
39511
39512
39513
39514
39515
39516
39517
39518
39519
39520
39521
39530
39531
39549
39550
39551
39552
39553
39554
39555
39556
39557
39558
39559
39560
39561
39562
39563
39564
39565
39566
39568
39569
39570
39578
39580
39581
39582
39584
39585
39590
39597
39598
39599
39600
39601
39602
39603
39604
39605
39606
39607
39608
39609
39627
39635
39646
39647
39648
39649
39650
39651
39652
39653
39654
39655
39656
39657
39658
39659
39662
39669
39679
39680
39681
39682
39683
39684
39685
39686
39687
39688
39689
39690
39693
39713
39724
39725
39726
39727
39728
39729
39730
39731
39732
39733
39734
39735
39736
39737
39738
39739
39740
39741
39742
39743
39744
39745
39746
39747
39748
39749
39750
39751
39752
39753
39754
39755
39756
39757
39758
39759
39783
39784
39785
39786
39787
39788
39789
39801
39802
39803
39804
39805
39806
39807
39808
39809
39810
39820
39821
39822
39823
39824
39825
39826
39827
39828
39829
39830
39831
39839
39840
39841
39842
39843
39844
39845
39846
39847
39848
39849
39850
39851
39852
39853
39854
39855
39856
39857
39858
39859
39860
39861
39862
39863
39864
39865
39866
39867
39868
39869
39870
39871
39872
39873
39874
39875
39876
39877
39878
39879
39880
39881
39882
39883
39884
39885
39886
39887
39888
39889
39890
39891
39895
39896
39899
39903
39908
39909
39910
39911
39912
39915
39916
39917
39918
39921
39922
39923
39924
39925
39927
39930
39932
39933
39934
39935
39936
39937
39938
39939
39940
39941
39942
39943
39953
39957
39963
39964
39974
39977
39980
39981
39982
39983
39984
39985
39986
39987
39988
39989
39990
39991
39992
39993
39995
39998
39999
40000
40001
40002
40003
40004
40007
40009
40011
40012
40014
40016
40018
40019
40020
40021
40031
40037
40038
40042
40043
40044
40045
40046
40047
40048
40049
40050
40051
40052
40053
40054
40055
40056
40057
40058
40059
40060
40061
40064
40065
40066
40067
40068
40069
40074
40075
40076
40077
40084
40092
40097
40101
40102
40103
40105
40106
40107
40108
40109
40115
40116
40117
40118
40124
40125
40126
40132
40142
40143
40144
40145
40149
40152
40155
40159
40161
40164
40165
40166
40169
40170
40181
40182
40183
40184
40186
40187
40188
40189
40191
40192
40195
40198
40199
40200
40210
40211
40212
40214
40215
40216
40218
40230
40231
40232
40235
40236
40241
40244
40247
40249
40251
40253
40258
40259
40261
40262
40264
40268
40270
40274
40275
40276
40277
40280
40283
40284
40285
40286
40287
40288
40289
40290
40291
40293
40297
40298
40299
40307
40308
40316
40317
40318
40326
40327
40329
40331
40332
40333
40334
40335
40336
40337
40338
40339
40340
40341
40351
40352
40353
40354
40355
40356
40357
40358
40359
40360
40368
40369
40370
40371
40372
40373
40383
40384
40385
40386
40387
40394
40395
40396
40397
40398
40399
40401
40402
40403
40404
40405
40406
40407
40411
40419
40422
40423
40424
40425
40426
40427
40428
40429
40430
40453
40454
40455
40456
40468
40469
40470
40471
40472
40473
40474
40475
40476
40477
40478
40479
40480
40481
40482
40483
40484
40485
40486
40487
40499
40500
40501
40502
40512
40513
40514
40515
40516
40517
40518
40519
40520
40526
40527
40528
40529
40530
40531
40532
40533
40534
40535
40536
40537
40538
40539
40540
40541
40556
40557
40558
40564
40565
40569
40570
40571
40577
40578
40579
40580
40581
40582
40601
40602
40611
40612
40613
40621
40622
40623
40624
40625
40626
40627
40628
40629
40630
40631
40632
40633
40634
40635
40636
40637
40638
40639
40640
40641
40642
40643
40644
40645
40646
40647
40648
40649
40650
40651
40652
40653
40654
40655
40656
40657
40658
40659
40660
40661
40662
40663
40664
40665
40666
40667
40668
40669
40670
40671
40672
40673
40674
40675
40676
40677
40678
40679
40680
40681
40682
40683
40684
40685
40686
40687
40688
40689
40690
40691
40692
40693
40694
40695
40696
40697
40698
40699
40700
40701
40702
40703
40704
40705
40706
40707
40708
40709
40710
40711
40712
40713
40714
40715
40716
40717
40718
40719
40720
40721
40722
40723
40724
40725
40726
40727
40728
40729
40730
40731
40732
40733
40734
40735
40736
40737
40738
40739
40740
40741
40742
40743
40744
40745
40746
40747
40748
40749
40751
40752
40755
40759
40761
40765
40766
40767
40768
40769
40772
40773
40774
40775
40778
40779
40780
40781
40783
40785
40787
40788
40789
40790
40791
40792
40793
40794
40798
40799
40800
40806
40817
40818
40824
40828
40830
40831
40832
40833
40834
40835
40836
40837
40838
40839
40840
40841
40842
40843
40846
40848
40849
40850
40851
40852
40853
40855
40857
40860
40869
40870
40871
40872
40873
40874
40875
40883
40884
40887
40888
40889
40890
40891
40892
40893
40894
40895
40896
40897
40898
40899
40900
40901
40902
40903
40904
40905
40906
40911
40912
40915
40916
40917
40918
40921
40922
40926
40934
40937
40938
40944
40946
40947
40948
40949
40951
40955
40956
40957
40964
40968
40972
40977
40978
40980
40982
40984
40987
40988
41007
41008
41010
41011
41013
41017
41018
41019
41020
41021
41022
41023
41024
41025
41031
41032
41034
41037
41038
41041
41044
41046
41048
41051
41056
41057
41059
41060
41063
41064
41066
41067
41068
41069
41070
41071
41072
41073
41075
41077
41085
41086
41089
41090
41091
41100
41105
41111
41112
41113
41114
41115
41116
41117
41118
41119
41120
41121
41126
41127
41128
41129
41130
41142
41143
41144
41145
41146
41147
41148
41149
41151
41152
41153
41154
41155
41156
41163
41164
41165
41166
41167
41168
41170
41171
41172
41173
41174
41175
41181
41194
41195
41196
41197
41198
41199
41222
41223
41224
41225
41226
41227
41233
41234
41235
41236
41237
41238
41239
41240
41241
41242
41252
41253
41254
41255
41256
41257
41262
41263
41264
41265
41266
41273
41274
41275
41276
41277
41278
41279
41280
41281
41282
41283
41284
41285
41286
41287
41288
41289
41290
41291
41292
41293
41294
41295
41310
41311
41315
41316
41317
41335
41336
41337
41339
41340
41341
41342
41358
41359
41360
41361
41362
41363
41364
41365
41366
41367
41368
41369
41370
41371
41372
41373
41374
41375
41376
41377
41378
41379
41380
41381
41382
41383
41384
41385
41386
41387
41388
41389
41390
41391
41392
41393
41394
41395
41396
41397
41398
41399
41400
41401
41402
41403
41404
41405
41406
41407
41408
41409
41410
41411
41412
41413
41414
41415
41416
41417
41418
41419
41420
41421
41422
41423
41424
41425
41426
41427
41428
41429
41430
41431
41432
41433
41434
41435
41436
41437
41438
41439
41440
41441
41442
41443
41444
41445
41446
41447
41448
41449
41450
41451
41452
41453
41454
41455
41456
41457
41458
41459
41460
41461
41462
41463
41464
41465
41466
41467
41468
41469
41470
41471
41472
41473
41474
41475
41677
41678
41679
41680
41681
41682
41683
41684
41685
41686
41687
41688
41689
41690
41691
41692
41693
41694
41695
41696
41697
41698
41699
41700
41808
41809
41810
41811
41812
41813
41814
41815
41816
41817
41818
41819
41820
41821
41858
41859
41860
41861
41862
41863
41864
41865
41866
41867
41876
41877
41878
41879
41880
41881
61220
61221
61222
61223
61224
61225
61226
61240
61241
61242
61243
61244
61245
61246
61247
61259
61260
61261
61262
61263
61264
61265
61266
61267
61277
61278
61279
61280
61281
61282
61283
61284
61285
61286
61288
61294
61295
61296
61297
61298
61299
61300
61301
61302
61303
61305
61308
61309
61310
61311
61312
61313
61314
61315
65044
65047
65048
65049
65056
65057
65058
65059
65060
65069
65071
65073
65075
65084
65085
65089
65090
65091
65092
65093
65094
65095
65096
65097
65098
65099
65100
65101
65108
65111
65117
65118
65119
65120
65121
65122
65123
65124
65125
65126
65128
65129
65130
65134
65135
65136
65137
65138
65139
65141
65142
65143
65144
65145
65147
65148
65149
65150
65151
65152
65154
65155
65156
65158
65159
65160
65161
65164
65165
65169
65172
65174
65177
65178
65179
65180
65181
65182
65183
65184
65185
65186
65187
65188
65189
65190
65191
65192
65193
65194
65195
65196
65197
65198
65199
65200
65201
65202
65203
65212
65213
65214
65215
65216
65218
65219
65220
65221
65233
65241
65247
65251
65255
65256
65277
65281
65282
65292
65296
65301
65304
65310
65313
65315
65316
65317
65318
65319
65320
65321
65322
65323
65324
65325
65326
65327
65328
65329
65330
65331
65332
65333
65334
65335
65336
65337
65338
65339
65340
65341
65342
65343
65344
65345
65346
65347
65348
65349
65352
65355
65356
65357
65358
65361
65364
65365
65366
65367
65368
65370
65372
65374
65375
65376
65377
65380
65381
65383
65386
65388
65389
65390
65391
65392
65393
65394
65395
65396
65397
65398
65399
65400
65401
65402
65403
65405
65408
65410
65411
65412
65413
65415
65416
65417
65419
65420
65422
65425
65426
65427
65429
65430
65445
65446
65448
65449
65450
65451
65452
65453
65454
65455
65471
65472
65473
65474
65493
65494
65495
65496
65497
65498
65507
65508
65509
65516
65517
65518
65519
65520
65521
65522
65523
65524
65525
65526
65527
65528
65529
65530
65531
65532
65533
65534
65535
65536
65537
65538
65539
65540
65541
65542
65543
65544
65545
65546
65547
65548
65549
65550
65551
65552
65553
65554
65555
65556
65557
65558
65559
65560
65561
65562
65563
65564
65565
65566
65567
65568
65569
65570
65571
65572
65573
65574
65575
65576
65577
65578
65579
65580
65581
65582
65583
65586
65587
65588
65589
65594
65595
65596
65597
65598
65599
65600
65601
65610
65611
65612
65613
65614
65615
65616
65617
65622
65623
65624
65625
65639
65642
65646
65659
65665
65671
65682
65687
65688
65689
65690
65691
65692
65693
65694
65695
65696
65697
65698
65699
65700
65706
65707
65708
65709
65710
65711
65712
65713
65724
65725
65726
65727
65728
65729
65730
65736
65737
65738
65739
65750
65754
65755
65756
65757
65759
65760
65761
65771
65777
65784
65785
65786
65787
65793
65797
65800
65814
65815
65816
65817
65818
65822
65825
65829
65836
65837
65839
65840
65841
65843
65844
65847
65848
65850
65855
65856
65862
65863
65864
65865
65866
65870
65871
65876
65877
65878
65879
65881
65882
65883
65884
65886
65908
65909
65910
65911
65913
65914
65915
65916
65918
65919
65922
65923
65924
65925
65926
65927
65928
65929
65930
65931
65954
65955
65956
65957
65958
65959
65960
65965
65966
65967
65969
65970
65971
65973
65974
65977
65989
65990
65991
65993
65994
65995
65997
66018
66019
66020
66021
66024
66025
66028
66029
66030
66031
66036
66037
66047
66048
66053
66058
66059
66061
66062
66064
66067
66068
66069
66070
66071
66072
66073
66083
66088
66090
66092
66094
66096
66098
66099
66100
66102
66103
66105
66106
66107
66109
66116
66117
66118
66124
66125
66126
66127
66129
66130
66132
66134
66145
66146
66154
66155
66156
66157
66158
66159
66160
66161
66164
66165
66166
66170
66171
66174
66176
66179
66180
66181
66182
66183
66184
66185
66186
66187
66188
66189
66190
66191
66192
66193
66194
66195
66196
66197
66198
66199
66200
66201
66202
66203
66204
66205
66206
66207
66209
66211
66213
66215
66216
66217
66218
66229
66230
66231
66232
66233
66234
66252
66253
66254
66273
66274
66275
66287
66288
66289
66300
66301
66302
66304
66306
66307
66308
66312
66316
66317
66318
66319
66320
66321
66331
66332
66333
66334
66335
66336
66337
66338
66339
66340
66341
66343
66344
66345
66346
66347
66348
66359
66360
66361
66362
66363
66364
66365
66366
66367
66368
66369
66370
66371
66372
66373
66374
66375
66376
66377
66378
66379
66380
66381
66382
66383
66384
66385
66386
66416
66421
66422
66423
66424
66425
66426
66428
66429
66430
66431
66432
66433
66434
66435
66436
66437
66438
66439
66446
66447
66448
66449
66450
66451
66452
66453
66468
66469
66470
66471
66472
66473
66474
66475
66476
66477
66478
66479
66486
66487
66488
66489
66490
66491
66492
66493
66494
66495
66496
66497
66498
66499
66500
66501
66502
66503
66510
66511
66512
66513
66514
66515
66516
66517
66518
66519
66520
66521
66522
66523
66524
66525
66526
66527
66531
66532
66533
66534
66535
66536
66540
66541
66542
66543
66544
66545
66550
66557
66558
66567
66579
66583
66587
66588
66589
66590
66610
66611
66612
66613
66614
66615
66616
66617
66618
66619
66620
66621
66626
66627
66628
66629
66630
66631
66632
66633
66634
66662
66663
66664
66699
66706
66707
66708
66716
66717
66718
66721
66723
66724
66725
66727
66731
66733
66734
66735
66736
66737
66738
66739
66740
66741
66742
66743
66744
66745
66746
66747
66748
66749
66750
66751
66752
66753
66754
66755
66756
66757
66758
66759
66760
66761
66762
66763
66764
66765
66766
66767
66768
66769
66770
66771
66772
66773
66774
66786
66787
66788
66789
66790
66791
66792
66793
66794
66795
66796
66797
66798
66799
66800
66816
66817
66818
66819
66820
66821
66822
66823
66845
66846
66847
66848
66853
66854
66855
66856
66873
66874
66875
66876
66877
66878
66879
66880
66881
66882
66883
66884
66885
66886
66887
66888
66889
66890
66891
66892
66893
66894
66895
66896
66897
66898
66899
66900
66901
66902
66903
66904
66905
66906
66907
66908
66909
66910
66921
66922
66923
66924
66925
66926
66927
66928
66929
66930
66931
66932
66933
66934
66935
66936
66937
66938
66939
66940
66941
66942
66943
66944
66945
66946
66947
66948
66949
66950
66951
66952
66953
66954
66955
66956
66957
66958
66959
66960
66961
66962
66963
66964
66965
66966
66967
66968
66969
66970
66996
66997
66998
67011
67012
67013
67016
67017
67020
67021
67022
67023
67024
67025
67026
67027
67028
67029
67056
67057
67058
67059
67060
67061
67062
67063
67064
67065
67095
67096
67097
67135
67136
67137
67155
67156
67157
67172
67173
67174
67175
67177
67178
67179
67186
67187
67188
67189
67190
67191
67192
67193
67194
67195
67196
67197
67198
67199
67200
67201
67202
67203
67204
67205
67206
67207
67208
67209
67210
67211
67212
67213
67214
67215
67216
67217
67218
67219
67220
67221
67222
67223
67224
67225
67226
67227
67228
67229
67230
67231
67232
67233
67234
67235
67236
67237
67238
67239
67240
67241
67242
67243
67244
67245
67246
67247
67248
67249
67250
67251
67252
67253
67254
67255
67256
67257
67258
67259
67260
67261
67262
67263
67264
67265
67266
67267
67268
67269
67270
67271
67272
67273
67274
67275
67276
67277
67278
67279
67280
67281
67282
67283
67284
67285
67286
67287
67288
67289
67290
67291
67292
67293
67294
67295
67296
67297
67298
67299
67300
67301
67302
67303
67304
67305
67306
67307
67308
67309
67310
67311
67312
67313
67314
67315
67316
67317
67318
67319
67320
67321
67322
67323
67324
67325
67326
67327
67328
67329
67330
67331
67332
67333
67334
67335
67336
67337
67338
67339
67340
67341
67342
67343
67344
67345
67346
67347
67348
67349
67350
67351
67352
67353
67354
67355
67356
67357
67358
67359
67360
67361
67362
67363
67364
67365
67366
67367
67368
67369
67370
67371
67372
67373
67374
67375
67376
67377
67378
67379
67380
67381
67382
67383
67384
67385
67386
67387
67388
67389
67390
67391
67392
67393
67394
67395
67396
67397
67398
67399
67400
67401
67402
67403
67404
67405
67406
67407
67408
67409
67410
67411
67412
67413
67414
67415
67416
67417
67418
67419
67420
67421
67422
67423
67424
67425
67426
67427
67428
67429
67430
67431
67432
67433
67434
67435
67436
67437
67438
67439
67440
67441
67442
67443
67444
67445
67446
67447
67448
67449
67450
67451
67452
67453
67454
67455
67456
67457
67458
67459
67460
67461
67462
67463
67464
67465
67466
67467
67468
67469
67470
67471
67472
67473
67474
67475
67476
67477
67478
67479
67480
67481
67482
67483
67484
67485
67486
67487
67488
67489
67490
67491
67492
67493
67494
67495
67496
67497
67498
67499
67500
67501
67502
67503
67504
67505
67506
67507
67508
67509
67510
67511
67512
67513
67514
67515
67516
67517
67518
67519
67520
67521
67522
67523
67524
67525
67526
67527
67528
67529
67530
67531
67532
67533
67534
67535
67536
67537
67538
67539
67540
67541
67542
67543
67544
67545
67546
67547
67548
67549
67550
67551
67552
67553
67554
67555
67556
67557
67558
67559
67560
67561
67562
67563
67564
67565
67566
67567
67568
67569
67570
67571
67572
67573
67574
67575
67576
67577
67578
67579
67580
67581
67582
67583
67584
67585
67586
67587
67588
67589
67590
67591
67592
67593
67594
67595
67972
67976
67977
67980
67983
67984
67990
67993
67996
67997
67998
67999
68000
68001
68002
68003
68004
68005
68006
68008
68010
68013
68014
68015
68016
68017
68018
68019
68020
68021
68022
68024
68025
68026
68027
68035
68041
68046
68047
68048
68049
68067
68069
68070
68071
68072
68073
68074
68075
68076
68079
68080
68081
68082
68084
68085
68087
68088
68089
68090
68091
68092
68093
68095
68096
68097
68098
68099
68100
68102
68103
68105
68107
68117
68118
68119
68120
68129
68130
68131
68138
68139
68140
68141
68142
68143
68144
68145
68146
68147
68148
68149
68150
68151
68152
68153
68154
68155
68156
68157
68158
68159
68160
68161
68162
68164
68166
68173
68174
68175
68176
68181
68182
68183
68184
68193
68200
68201
68204
68214
68219
68225
68230
68235
68236
68237
68238
68239
68240
68241
68242
68243
68244
68245
68246
68247
68253
68254
68255
68256
68262
68263
68264
68265
68276
68277
68279
68280
68281
68287
68293
68300
68304
68305
68306
68307
68308
68309
68310
68321
68324
68328
68335
68336
68337
68338
68339
68341
68342
68343
68344
68345
68348
68350
68355
68356
68357
68359
68360
68361
68363
68364
68366
68368
68369
68370
68371
68373
68374
68375
68376
68378
68385
68386
68387
68388
68395
68396
68397
68416
68417
68418
68420
68421
68422
68423
68425
68428
68440
68441
68442
68444
68445
68446
68447
68469
68470
68471
68472
68473
68474
68475
68476
68481
68482
68483
68484
68489
68490
68491
68492
68506
68509
68510
68516
68517
68520
68522
68525
68526
68527
68528
68529
68530
68531
68532
68537
68538
68539
68540
68545
68546
68547
68548
68560
68564
68567
68574
68578
68579
68581
68582
68584
68586
68589
68590
68592
68593
68595
68596
68597
68599
68600
68602
68603
68604
68606
68607
68609
68610
68611
68613
68624
68625
68626
68628
68629
68631
68632
68634
68636
68646
68647
68648
68650
68652
68653
68655
68673
68674
68675
68676
68677
68678
68680
68682
68685
68686
68687
68688
68689
68690
68691
68692
68693
68694
68695
68696
68697
68698
68699
68700
68701
68702
68704
68706
68716
68717
68718
68730
68731
68732
68743
68744
68745
68746
68747
68748
68749
68750
68754
68755
68756
68760
68761
68762
68769
68770
68772
68773
68774
68775
68776
68777
68784
68785
68786
68787
68788
68789
68790
68791
68792
68793
68794
68795
68796
68797
68809
68810
68811
68812
68813
68814
68821
68822
68823
68824
68825
68826
68827
68828
68829
68830
68831
68832
68843
68844
68845
68846
68847
68848
68849
68850
68851
68852
68853
68854
68855
68856
68859
68863
68867
68868
68869
68870
68871
68872
68873
68874
68879
68880
68881
68882
68883
68884
68885
68886
68887
68888
68905
68906
68907
68908
68909
68910
68931
68933
68934
68935
68937
68939
68942
68943
68945
68946
68947
68952
68953
68954
68955
68956
68957
68964
68965
68967
68968
68972
68973
68974
68975
68976
68977
68978
68979
68980
68981
68982
68983
68984
68985
68986
68987
68988
68989
68990
68991
68992
68993
68994
68995
68996
68997
69002
69003
69004
69005
69006
69012
69013
69014
69015
69024
69025
69026
69027
69028
69029
69030
69031
69052
69053
69054
69055
69056
69057
69058
69059
69060
69061
69062
69063
69064
69065
69066
69067
69068
69069
69070
69071
69072
69073
69074
69075
69076
69077
69078
69079
69080
69081
69082
69083
69084
69085
69094
69095
69096
69097
69098
69099
69100
69101
69102
69103
69106
69107
69108
69109
69121
69122
69123
69145
69146
69147
69148
69165
69166
69167
69182
69183
69184
69185
69186
69187
69188
69189
69190
69191
69192
69193
69194
69195
69196
69201
69202
69203
69207
69208
69215
69216
69217
69218
69219
69220
69221
69222
69223
69224
69225
69226
69227
69228
69229
69230
69231
69232
69233
69234
69235
69236
69237
69238
69239
69240
69241
69242
69243
69244
69245
69246
69247
69248
69249
69250
69251
69252
69253
69254
69255
69256
69257
69258
69259
69260
69261
69262
69263
69264
69265
69266
69267
69268
69269
69270
69271
69272
69273
69274
69275
69276
69277
69278
69279
69280
69281
69282
69283
69284
69285
69286
69287
69288
69289
69290
69291
69292
69293
69294
69295
69296
69297
69298
69299
69300
69301
69302
69303
69304
69305
69306
69307
69308
69309
69310
69311
69312
69313
69314
69315
69316
69317
69318
69319
69320
69321
69322
69323
69324
69325
69326
69327
69328
69329
69330
69331
69332
69333
69334
69335
69336
69337
69338
69339
69340
69341
69342
69343
69344
69345
69346
69347
69348
69349
69350
69351
69352
69353
69354
69355
69356
69357
69358
69359
69360
69361
69362
69363
69364
69365
69366
69367
69368
69369
69370
69371
69372
69373
69374
69375
69376
69377
69378
69379
69380
69381
69382
69383
69384
69385
69386
69387
69388
69389
69390
69391
69392
69393
69394
69395
69396
69397
69398
69399
69400
69401
69402
69403
69404
69405
69406
69407
69408
69409
69410
69411
69412
69413
69414
69415
69416
69417
69418
69419
69420
69421
69422
69423
69424
69425
69426
69427
69428
69429
69430
69431
69432
69433
69434
69435
69436
69437
69438
69439
69440
69441
69442
69443
69444
69445
69446
69447
69448
69449
69450
69451
69452
69453
69454
69455
69456
78117
78118
78119
78120
78121
78122
78123
78124
78125
78126
78127
78128
78129
78130
78131
78132
78133
78134
78135
78136
78137
78138
78139
78140
78141
78142
78143
78144
78145
78146
78147
78148
78149
78150
78151
78152
78153
78154
78155
78156
78157
78158
78159
78160
78226
78227
78228
78229
78230
78231
78232
78233
78234
78235
78236
78237
78238
78239
78240
78241
78242
78243
78244
78245
78246
78247
78248
78249
78250
78251
78252
78253
78311
78312
78313
78314
78315
78316
78317
78318
78319
78320
78321
78322
78323
78324
78325
78326
78327
78328
78329
78330
78331
78381
78382
78383
78384
78385
78386
78387
78388
78389
78390
78391
78392
78393
78394
78395
78396
78397
78398
78399
78400
78446
78447
78448
78449
78450
78451
78452
78453
78454
78455
78456
78457
78458
78459
78460
78461
78462
78463
78464
78465
78466
78467
78468
78509
78510
78512
78513
78514
78515
78516
78517
78518
78519
78520
78521
78522
78523
78524
78525
78526
78527
78528
78529
78530
78531
78532
78533
78534
78535
78536
78537
78538
78539
78540
78541
78542
78543
78544
78545
78546
78547
78566
78567
78568
78569
78570
78571
78572
78573
78574
78575
78576
78577
78578
78579
78580
78581
78582
78583
78584
78585
78586
78587
78588
78589
78590
78591
78592
78593
78594
78595
78596
78597
78608
78609
78610
78611
78612
78613
78614
78615
78616
78617
78618
78619
78620
78621
78622
78623
78624
78625
78626
78627
78628
78629
78630
78631
78632
78635
78636
78637
78638
78639
78640
78641
78642
78643
78644
78645
78646
78647
78648
78649
78650
78651
78652
78653
78654
78655
78656
78657
78658
78659
78660
78661
78662
78663
78664
78665
78666
78667
78668
78669
78670
78671
78672
78673
78674
78675
78676
78677
78678
78679
78680
78681
78682
78683
78684
78685
78686
78687
78688
78689
78690
78693
78694
78695
78696
78697
78698
78699
78700
78701
78702
78703
78704
78705
78706
78707
78718
78719
78720
78721
78722
78723
78724
78725
78726
78727
78728
78729
78730
78731
78749
78750
78751
78752
78753
78754
78755
78756
78757
78758
78759
78760
78761
78778
78779
78780
78781
78782
78783
78784
78785
78795
78797
78798
78799
78800
78801
78804
78805
78806
78807
78808
78809
78810
78811
78812
78827
78828
78829
78830
78831
78832
78833
78834
78835
78836
78837
78838
78839
78840
78841
78848
78849
78850
78851
78852
78853
78854
78855
78856
78857
78858
78859
78860
78861
78862
78863
78864
78865
78866
78867
78868
78869
78870
78871
78872
78880
78881
78882
78883
78884
78885
78886
78887
78888
78889
78890
78891
78892
78893
78894
78895
78896
78897
78898
78899
78908
78909
78910
78911
78912
78913
78914
78915
78916
78917
78918
78919
78920
78921
78922
78923
78924
78925
78926
78927
78937
78938
78939
78940
78941
78942
78943
78944
78945
78946
78947
78948
78949
78950
78951
78952
78953
78964
78965
78966
78967
78968
78969
78970
78971
78972
78973
78974
78975
78976
78977
78978
78991
78992
78993
78994
78995
78996
78997
78998
78999
79000
79001
79002
79003
79004
79005
79006
79018
79019
79020
79021
79022
79023
79024
79025
79026
79027
79028
79029
79030
79038
79039
79040
79041
79042
79043
79044
79045
79046
79051
79052
79053
79054
79055
79056
79058
79594
79595
79598
79599
79601
79608
79613
79617
79624
79628
79629
79630
79631
79648
79650
79651
79674
79676
79679
79682
79699
79700
79712
79718
79721
79722
79723
79733
79761
79763
79773
79774
79778
79779
79791
79799
79810
79816
79825
79827
79828
79841
79842
79843
79873
79874
79876
79877
79888
79890
79893
79894
79895
79896
79897
79940
79945
79947
79948
79950
79951
79952
79953
79979
79983
79987
79994
79997
80004
80007
80009
80024
80028
80029
80034
80037
80038
80040
80041
80043
80044
80046
80083
80084
80086
80087
80092
80158
80161
80163
80164
80166
80170
80189
80190
80192
80199
80200
80335
80337
80339
80343
80346
80353
80356
80358
80364
80366
80367
80368
80371
80400
80410
80413
80440
80450
80521
80522
80523
80524
80525
80526
80527
80535
80536
80538
80539
80540
80542
80543
80544
80545
80546
80547
80548
80584
80590
80597
80602
80610
80611
80612
80613
80614
80615
80616
80617
80618
80619
80640
80641
80642
80686
80689
80693
80694
80695
80696
80698
80707
80709
80710
80728
80729
80751
80752
80753
80754
80755
80775
80776
80777
80778
80789
80790
80791
80794
80795
80798
80806
80807
80808
80811
80812
80814
80815
80816
80833
80834
80835
80844
80845
80862
80897
80898
80961
80962
80964
80967
80969
80972
80973
80974
80980
80981
80982
80983
80996
80997
81003
81004
81018
81019
81032
81033
81034
81035
81036
81037
81038
81041
81044
81045
81046
81047
81056
81061
81062
81065
81073
81074
81075
81079
81080
81089
81090
81092
81097
81098
81124
81125
81126
81127
81128
81130
81131
81133
81134
81135
81136
81149
81152
81153
81154
81155
81156
81159
81160
81161
81162
81163
81173
81174
81177
81178
81185
81186
81187
81188
81189
81190
81191
81199
81208
81211
81214
81215
81216
81217
81218
81219
81220
81221
81222
81225
81253
81256
81257
81258
81259
81260
81274
81275
83202
83203
83204
83205
83206
83207
83208
83209
83210
83211
83212
83213
83214
83215
83216
83217
83218
83219
83220
83221
83222
83223
83224
83225
83226
83227
83228
83229
83230
83231
83232
83233
83234
83250
83251
83252
83253
83254
83255
83256
83257
83258
83259
83260
83261
83262
83263
83269
83270
83271
83272
83273
83274
83275
83276
83277
83278
83279
83280
83281
83282
83283
83284
83285
83286
83287
83288
83289
83290
83291
83292
83293
83294
83295
83296
83314
83315
83316
83317
83318
83319
83320
83321
83322
83323
83324
83325
83326
83327
83328
83329
83330
83331
83332
83348
83349
83350
83351
83352
83353
83354
83355
83356
83357
83358
83359
83360
83361
83362
83363
83364
83365
83379
83380
83381
83382
83383
83384
83385
83386
83387
83388
83389
83390
83391
83392
83393
83405
83406
83407
83408
83409
83410
83411
83412
83413
83414
83415
83416
83417
83418
83428
83429
83430
83431
83432
83433
83434
83435
83436
83437
83438
83439
83440
83441
83442
83443
83444
83445
83446
83447
83448
83449
83450
83451
83452
83453
83454
83455
83456
83457
83458
83459
83460
83461
83462
83463
83464
83465
83466
83467
83468
83469
83470
83471
83472
83473
83474
83475
83476
83477
83484
83485
83486
83487
83488
83489
83490
83491
83492
83493
83494
83495
83496
83497
83498
83499
83500
83501
83502
83503
83504
83505
83513
83514
83515
83516
83517
83518
83519
83520
83521
83522
83523
83524
83525
83526
83527
83528
83529
83530
83531
83532
83533
83534
83535
83536
83545
83546
83547
83548
83549
83550
83551
83552
83553
83554
83555
83556
83557
83558
83559
83560
83561
83562
83571
83572
83573
83574
83575
83576
83577
83578
83579
83585
83586
83587
83595
83596
83597
83598
83599
83600
83601
83602
83603
83604
83605
83606
83607
83608
83609
83617
83618
83619
83620
83621
83622
83623
83624
83625
83626
83627
83628
83629
83630
83631
83632
83633
83634
83643
83644
83645
83646
83647
83648
83649
83650
83651
83652
83653
83654
83655
83656
83665
83666
83667
83668
83669
83670
83671
83677
83678
83679
83680
83682
83683
83684
83685
83686
83687
83688
83689
83690
83691
83692
83693
83694
83695
83696
83697
83698
83699
83700
83701
83702
83703
83704
83705
83706
83707
83708
83709
83710
83711
83712
83713
83714
83715
83716
83717
83719
83720
83721
83722
83723
83724
83725
83726
83727
83728
83729
83730
83731
83732
83733
83734
83735
83736
83737
83738
83739
83741
83742
83743
83747
83748
83749
83752
83754
83755
83756
83757
83758
83759
83762
83763
83764
83765
83773
83775
83776
83777
83778
83782
83788
83789
83790
83791
83792
83797
83799
83800
83806
83807
83808
83809
83810
83811
83812
83813
83816
83817
83818
83819
83820
83821
83826
83827
83834
83838
83839
83848
83850
83861
83866
83870
83871
83872
83873
83874
83875
83876
83878
83879
83880
83881
83882
83883
83889
83897
83900
83901
83902
83903
83904
83912
83918
83922
83923
83924
83925
83926
83930
83931
83932
83933
83934
83935
83936
83937
83938
83942
83947
83950
83961
83962
83963
83964
83965
83966
83970
83973
83974
83975
83976
83977
83979
83980
83981
83982
83983
83984
83986
83987
83989
83990
83992
83993
83995
83997
83998
84000
84012
84013
84014
84015
84017
84018
84019
84020
84022
84023
84026
84027
84028
84029
84031
84033
84049
84050
84051
84065
84071
84072
84080
84082
84085
84086
84087
84088
84089
84090
84091
84092
84093
84094
84095
84096
84097
84098
84099
84100
84101
84102
84103
84104
84105
84106
84110
84111
84112
84113
84116
84117
84118
84119
84120
84124
84125
84126
84127
84128
84132
84133
84139
84142
84145
84146
84147
84148
84149
84150
84151
84152
84153
84154
84155
84156
84157
84158
84164
84165
84166
84168
84169
84170
84171
84172
84173
84174
84175
84176
84177
84178
84179
84180
84181
84182
84183
84184
84185
84186
84187
84188
84189
84190
84191
84192
84193
84194
84195
84196
84197
84198
84199
84200
84201
84202
84203
84204
84205
84206
84207
84208
84209
84210
84211
84212
84213
84214
84215
84216
84217
84218
84219
84220
84221
84222
84223
84225
84236
84242
84243
84244
84245
84246
84247
84248
84251
84252
84253
84254
84255
84256
84257
84258
84259
84260
84271
84272
84273
84274
84275
84276
84280
84281
84282
84289
84290
84291
84292
84293
84294
84295
84296
84297
84298
84299
84300
84301
84302
84303
84304
84305
84306
84307
84308
84309
84310
84311
84312
84313
84314
84315
84316
84317
84318
84319
84320
84321
84322
84323
84324
84325
84326
84327
84328
84329
84330
84331
84332
84333
84334
84335
84336
84337
84338
84339
84340
84341
84342
84343
84344
84345
84346
84347
84348
84349
84350
84351
84352
84353
84354
84355
84356
84357
84370
84371
84372
84373
84386
84387
84388
84389
84390
84391
84392
84393
84394
84395
84396
84397
84398
84399
84404
84405
84409
84410
84411
84412
84413
84414
84415
84416
84417
84418
84419
84425
84426
84427
84428
84429
84430
84431
84432
84441
84449
84450
84451
84452
84453
84454
84455
84456
84457
84458
84459
84460
84461
84462
84463
84464
84465
84466
84467
84468
84469
84470
84471
84472
84473
84474
84475
84476
84477
84478
84479
84480
84481
84482
84483
84484
84485
84486
84487
84488
84489
84490
84491
84492
84493
84494
84495
84496
84497
84498
84499
84500
84501
84502
84503
84504
84505
84506
84507
84508
84509
84510
84511
84512
84513
84514
84515
84516
84517
84518
84519
84520
84521
84522
84523
84524
84525
84526
84527
84528
84529
84530
84531
84532
84533
84534
84535
84536
84537
84538
84539
84540
84541
84542
84543
84544
84545
84546
84547
84548
84549
84550
84551
84552
84553
84554
84555
84556
84557
84558
84559
84560
84561
84562
84563
84564
84565
84566
84567
84568
84569
84570
84571
84572
84573
84574
84575
84576
84577
84578
84579
84580
84581
84582
84583
84584
84585
84586
84587
84588
84589
84590
84591
84592
84593
84594
84595
84596
84597
84598
84599
84600
84601
84602
84603
84604
84605
84606
84607
84608
84609
84610
84611
84612
84613
84614
84615
84616
84617
84618
84619
84620
84621
84622
84623
84624
84625
84626
84627
84628
84629
84630
84631
84632
84633
84634
84635
84636
84637
84638
84639
84640
84641
84642
84643
84644
84645
84646
84647
84648
84649
84650
84651
84652
84653
84654
84655
84656
84657
84658
84659
84660
84661
84662
84663
84664
84665
84666
84667
84668
84669
84670
84671
84672
84673
84674
84675
84676
84677
84678
84679
84680
84681
84682
84683
84684
84685
84686
84687
84688
84689
84690
84691
84692
84693
84694
84695
84696
84697
84698
84699
84700
84701
84702
84703
84704
84705
84706
84707
84708
84709
84710
84711
84712
84713
84714
84715
84721
84725
84726
84728
84729
84730
84731
84733
84736
84743
84745
84748
84749
84750
84754
84756
84759
84760
84762
84763
84764
84768
84769
84770
84771
84776
84777
84778
84779
84780
84781
84782
84783
84784
84785
84786
84787
84788
84789
84795
84796
84797
84798
84799
84800
84801
84803
84806
84808
84810
84811
84812
84813
84814
84815
84816
84817
84818
84819
84820
84821
84822
84823
84824
84825
84826
84827
84828
84829
84830
84831
84832
84833
84834
84835
84836
84837
84838
84839
84840
84841
84842
84843
84844
84845
84846
84847
84885
84886
84887
84892
84894
84897
84898
84899
84901
84903
84910
84911
84912
84916
84918
84920
84921
84925
84926
84927
84930
84931
84932
84933
84934
84935
84936
84937
84939
84940
84941
84943
84944
84945
84946
84948
84949
84951
84953
84954
84957
84958
84960
84961
84963
84964
84966
84967
84968
84974
84981
84982
84983
84984
84986
84987
84988
84989
84990
84991
84992
84993
84994
84995
85003
85004
85006
85007
85013
85015
85016
85023
85024
85025
85026
85027
85028
85031
85032
85033
85034
85039
85045
85046
85047
85048
85049
85050
85051
85052
85057
85073
85075
85082
85083
85084
85085
85086
85087
85089
85090
85091
85092
85093
85104
85105
85106
85107
85108
85109
85110
85111
85112
85113
85120
85121
85123
85124
85125
85126
85132
85138
85141
85143
85148
85151
85152
85159
85166
85167
85168
85169
85170
85174
85178
85179
85182
85183
85185
85186
85188
85189
85190
85192
85216
85217
85219
85220
85222
85223
85224
85225
85226
85228
85229
85230
85231
85233
85235
85237
85241
85242
85243
85244
85245
85246
85247
85248
85249
85259
85261
85277
85278
85279
85280
85282
85283
85284
85285
85288
85290
85291
85292
85293
85294
85295
85296
85304
85305
85306
85307
85308
85309
85310
85311
85312
85313
85314
85315
85316
85318
85319
85322
85323
85325
85326
85327
85328
85329
85330
85336
85337
85338
85339
85340
85343
85344
85345
85349
85354
85355
85356
85357
85358
85359
85363
85364
85365
85366
85367
85368
85369
85370
85371
85372
85373
85374
85375
85376
85377
85378
85379
85380
85382
85383
85384
85385
85386
85388
85389
85390
85391
85392
85393
85394
85395
85396
85404
85405
85406
85407
85408
85409
85410
85411
85412
85413
85414
85415
85416
85417
85424
85425
85426
85427
85429
85430
85433
85434
85441
85442
85443
85444
85445
85446
85447
85448
85449
85450
85451
85452
85458
85459
85460
85461
85462
85477
85478
85479
85480
85481
85482
85483
85484
85485
85486
85487
85488
85489
85490
85491
85492
85493
85494
85495
85496
85497
85498
85499
85500
85501
85502
85503
85504
85505
85506
85507
85508
85509
85510
85511
85512
85513
85514
85515
85516
85517
85518
85531
85532
85536
85537
85538
85539
85540
85541
85542
85543
85557
85558
85559
85560
85561
85562
85565
85566
85567
85568
85569
85570
85571
85572
85573
85574
85575
85576
85577
85578
85579
85580
85581
85582
85583
85584
85585
85586
85587
85588
85589
85590
85591
85603
85604
85605
85606
85607
85608
85609
85610
85612
85613
85614
85618
85624
85625
85626
85627
85628
85629
85632
85633
85634
85635
85636
85637
85638
85639
85640
85641
85642
85643
85644
85645
85646
85647
85648
85649
85650
85651
85652
85653
85654
85655
85656
85657
85658
85659
85660
85661
85662
85663
85664
85665
85666
85667
85668
85669
85670
85671
85672
85673
85674
85675
85676
85677
85678
85679
85680
85681
85682
85683
85684
85685
85686
85687
85688
85689
85690
85691
85692
85693
85694
85695
85696
85697
85698
85699
85700
85701
85702
85703
85704
85705
85706
85707
85708
85709
85710
85711
85712
85713
85714
85715
85716
85717
85718
85719
85720
85721
85722
85723
85724
85725
85726
85727
85728
85729
85730
85731
85732
85733
85734
85735
85736
85737
85738
85739
85740
85741
85742
85743
85744
85745
85746
85747
85748
85749
85750
85751
85752
85753
85754
85755
85756
85757
85758
85759
85760
85761
85762
85763
85764
85765
85766
85767
85768
85769
85770
85771
85772
85773
85774
85775
85776
85777
85778
85779
85780
85781
85782
85783
85784
85785
85786
85787
85788
85789
85790
85791
85792
85793
85794
85795
85796
85797
85798
85799
85800
85801
85802
85803
85804
85805
85806
85807
85808
85809
85810
85811
85812
85813
85814
85815
85816
85817
85818
85819
85820
85821
85822
85823
85824
85825
85826
85827
85828
85829
85830
85831
85832
85833
85834
85835
85836
85837
85838
85839
85840
85841
85842
85843
85844
85845
85846
85847
85848
85849
85850
85851
85852
85853
85854
85855
85856
85857
85858
85859
85860
85861
85862
85863
85864
85865
85866
85867
85868
85869
85870
85871
85872
85873
85874
85875
85876
85877
85878
85879
85880
85881
85882
85883
85884
85885
85886
85887
85888
85889
85890
85891
85892
85893
85894
85895
85896
85897
85898
85899
85900
85901
85902
85903
85904
85905
85906
85907
85908
85909
85910
85923
85924
85925
85929
85930
85931
85932
85933
85934
85935
85936
85937
85938
85939
85940
85941
85942
85943
85944
85945
85947
85950
85952
85954
85955
85956
85957
85958
85959
85960
85961
85962
85963
85964
85965
85966
85967
85968
85969
85970
85971
85972
85973
85974
85975
85976
85977
85978
85979
85980
85981
85982
85983
85984
85985
85986
85987
85988
85989
85990
85991
85992
85993
85994
85995
85996
85997
86038
86039
86044
86045
86046
86049
86052
86053
86055
86065
86066
86067
86068
86069
86074
86075
86076
86078
86080
86081
86082
86083
86088
86091
86093
86094
86096
86097
86099
86101
86103
86105
86106
86108
86109
86110
86111
86112
86114
86118
86120
86121
86122
86123
86124
86125
86131
86132
86133
86134
86135
86136
86137
86138
86139
86141
86142
86158
86159
86161
86162
86163
86164
86165
86166
86169
86171
86173
86174
86176
86178
86180
86185
86188
86190
86192
86193
86195
86196
86200
86201
86206
86207
86208
86212
86213
86214
86215
86222
86223
86224
86225
86228
86229
86230
86231
86240
86244
86246
86253
86255
86257
86258
86261
86262
86263
86264
86270
86271
86273
86274
86275
86276
86282
86286
86294
86295
86296
86297
86299
86303
86307
86309
86310
86313
86315
86317
86318
86320
86321
86322
86324
86325
86326
86328
86338
86339
86340
86342
86343
86345
86346
86348
86349
86351
86352
86370
86371
86372
86374
86376
86377
86378
86382
86383
86384
86386
86388
86389
86391
86400
86401
86402
86403
86405
86407
86408
86409
86413
86414
86415
86421
86422
86423
86424
86427
86428
86429
86433
86435
86437
86438
86439
86440
86441
86443
86444
86445
86446
86447
86457
86458
86459
86460
86461
86462
86464
86466
86467
86468
86472
86473
86474
86475
86480
86481
86482
86486
86487
86488
86489
86494
86495
86496
86497
86498
86499
86511
86512
86513
86514
86515
86516
86517
86518
86519
86520
86521
86522
86523
86524
86525
86526
86527
86528
86529
86537
86538
86541
86542
86543
86544
86545
86546
86553
86554
86555
86556
86557
86565
86566
86567
86569
86570
86573
86574
86575
86576
86577
86578
86579
86580
86581
86582
86583
86584
86585
86586
86587
86588
86589
86590
86591
86592
86593
86594
86595
86596
86597
86598
86599
86600
86601
86602
86603
86604
86605
86606
86607
86608
86609
86610
86611
86612
86613
86614
86615
86616
86617
86618
86619
86620
86621
86622
86623
86624
86625
86626
86627
86628
86629
86630
86631
86632
86633
86634
86635
86636
86637
86638
86639
86640
86641
86642
86643
86644
86645
86646
86647
86648
86649
86650
86651
86652
86653
86654
86655
86656
86657
86658
86659
86660
86661
86662
86663
86664
86665
86666
86667
86668
86669
86670
86671
86672
86673
86674
86675
86676
86677
86678
86679
86680
86681
86682
86683
86684
86685
86686
86687
86688
86689
86690
86691
86692
86693
86694
86695
86696
86697
86698
86699
86700
86701
86702
86703
86704
86705
86706
86707
86708
86709
86710
86711
86712
86713
86714
86715
86716
86719
86720
86724
86725
86726
86727
86729
86730
86731
86736
86740
86741
86743
86748
86749
86750
86752
86754
86758
86760
86763
86765
86766
86767
86770
86772
86773
86774
86777
86778
86780
86781
86782
86786
86787
86788
86789
86792
86793
86794
86797
86798
86799
86800
86801
86802
86803
86804
86805
86806
86807
86808
86809
86810
86811
86812
86813
86814
86815
86816
86817
86818
86819
86820
86821
86823
86826
86828
86830
86831
86832
86833
86834
86835
86836
86837
86838
86839
86840
86841
86842
86843
86844
86845
86846
86847
86848
86849
86869
86870
86871
86872
86873
86874
86875
86876
86877
86878
86879
86880
86881
86882
86883
86884
86885
86908
86909
86910
86911
86912
86913
86914
86915
86916
86917
86918
86945
86946
86947
86948
86949
86950
86951
86952
86953
86954
86982
86983
86984
86985
86986
86987
87025
87172
87173
87174
87175
87176
87177
87178
87179
87180
87181
87182
87183
87184
87185
87186
87187
88720
88721
88722
88723
88724
88725
88726
88727
88728
88729
88730
88731
88732
88733
88734
88735
88736
88737
88738
88739
88742
88743
88744
88747
88748
88749
88750
88751
88752
88753
88754
88755
88756
88758
88759
88760
88762
88763
88764
88767
88768
88769
88770
88771
88772
88773
88774
88795
88796
88797
88798
88799
88800
88801
88802
88803
88804
88805
88806
88807
88808
88809
88810
88835
88836
88837
88838
88839
88840
88841
88842
88843
88844
88845
88846
88847
88848
88849
88850
88851
88852
88853
88854
88855
88856
88857
88858
88859
88885
88886
88887
88888
88889
88890
88891
88892
88893
88894
88895
88896
88897
88898
88899
88900
88901
88902
88903
88904
88905
88906
88907
88908
88909
88935
88936
88937
88938
88939
88940
88941
88942
88943
88944
88945
88946
88947
88948
88949
88950
88951
88952
88953
88954
88955
88956
88957
88958
88959
88960
88961
88962
88963
88985
88986
88987
88988
88989
88990
88991
88992
88993
88994
88995
88996
88997
88998
88999
89000
89001
89002
89003
89004
89005
89006
89007
89008
89009
89010
89011
89012
89013
89014
89015
89016
89017
89018
89019
89020
89021
89022
89023
89024
89025
89026
89027
89028
89029
89030
89031
89032
89033
89034
89035
89036
89037
89038
89039
89040
89041
89042
89043
89044
89045
89046
89047
89048
89049
89050
89051
89052
89053
89054
89055
89056
89057
89058
89059
89060
89061
89062
89063
89064
89065
89066
89067
89068
89069
89070
89071
89072
89073
89074
89075
89076
89077
89078
89079
89080
89081
89082
89083
89084
89085
89086
89087
89088
89089
89090
89091
89092
89093
89094
89102
89103
89104
89112
89113
89114
89115
89116
89117
89118
89119
89120
89121
89122
89123
89124
89125
89126
89127
89135
89136
89137
89138
89139
89140
89141
89142
89143
89144
89145
89146
89147
89148
89156
89157
89158
89159
89160
89161
89162
89170
89171
89172
89173
89174
89175
89176
89177
89178
89179
89180
89181
89182
89183
89184
89185
89186
89187
89188
89189
89190
89191
89192
89193
89194
89195
89196
89197
89198
89199
89200
89201
89202
89203
89204
89205
89206
89207
89208
89209
89210
89211
89212
89213
89214
89215
89216
89217
89218
89219
89220
89221
89222
89223
89224
89225
89226
89227
89228
89229
89230
89231
89232
89233
89234
89235
89236
89237
89238
89239
89241
89242
89243
89244
89245
89246
89247
89248
89249
89250
89251
89252
89253
89254
89255
89256
89257
89259
89260
89262
89266
89267
89271
89273
89274
89275
89276
89277
89278
89281
89283
89285
89286
89287
89288
89293
89294
89301
89304
89305
89306
89310
89311
89320
89321
89322
89325
89326
89327
89328
89330
89331
89332
89334
89344
89346
89347
89348
89354
89356
89357
89358
89359
89360
89361
89362
89363
89364
89365
89366
89367
89368
89377
89378
89383
89384
89385
89386
89389
89390
89397
89398
89399
89400
89401
89402
89409
89410
89418
89421
89433
89440
89445
89448
89449
89450
89451
89452
89453
89454
89455
89456
89457
89458
89459
89467
89473
89474
89475
89476
89477
89479
89486
89487
89488
89489
89490
89491
89498
89500
89501
89502
89503
89508
89509
89514
89518
89519
89529
89531
89532
89533
89534
89536
89541
89544
89546
89547
89548
89549
89550
89551
89554
89558
89562
89563
89564
89565
89579
89580
89581
89582
89584
89588
89592
89593
89594
89595
89596
89597
89600
89602
89605
89607
89608
89609
89610
89612
89613
89614
89615
89616
89619
89620
89622
89623
89624
89625
89627
89628
89629
89630
89631
89633
89634
89636
89638
89639
89641
89643
89647
89648
89650
89652
89677
89678
89680
89681
89696
89697
89698
89699
89701
89702
89703
89704
89706
89707
89708
89710
89712
89716
89717
89718
89719
89738
89739
89740
89741
89743
89744
89745
89746
89748
89751
89752
89753
89764
89765
89770
89771
89775
89777
89779
89780
89785
89786
89787
89788
89789
89790
89791
89792
89793
89794
89795
89796
89797
89798
89799
89800
89801
89802
89803
89804
89805
89806
89807
89808
89809
89812
89814
89816
89817
89819
89821
89822
89823
89824
89825
89826
89827
89829
89830
89838
89839
89843
89844
89845
89848
89849
89855
89856
89857
89858
89859
89864
89866
89868
89869
89870
89871
89872
89873
89874
89875
89876
89877
89878
89879
89885
89886
89887
89888
89889
89890
89891
89894
89895
89896
89897
89898
89899
89900
89901
89902
89903
89904
89905
89906
89907
89908
89909
89910
89911
89912
89913
89914
89915
89916
89917
89918
89919
89920
89921
89922
89923
89924
89925
89926
89927
89928
89929
89930
89931
89932
89933
89934
89935
89936
89937
89938
89939
89940
89941
89942
89943
89944
89945
89962
89963
89964
89965
89966
89967
89968
89970
89976
89977
89978
89979
89980
89982
89983
89984
89987
89989
89991
89992
89993
89994
89995
89996
89997
89998
89999
90009
90010
90011
90012
90013
90014
90015
90023
90024
90025
90026
90027
90028
90029
90030
90031
90032
90033
90050
90051
90052
90053
90054
90055
90057
90058
90059
90060
90061
90062
90063
90064
90065
90066
90067
90068
90069
90070
90071
90072
90073
90074
90075
90076
90077
90078
90079
90080
90081
90082
90083
90084
90085
90086
90087
90088
90089
90090
90091
90092
90093
90094
90095
90096
90097
90098
90099
90100
90101
90102
90103
90104
90105
90106
90107
90108
90109
90110
90111
90112
90113
90114
90115
90116
90117
90118
90119
90120
90121
90122
90123
90124
90125
90126
90127
90128
90129
90130
90131
90132
90133
90148
90149
90150
90151
90152
90174
90175
90176
90179
90180
90181
90182
90183
90184
90185
90186
90187
90188
90189
90190
90191
90192
90193
90194
90195
90196
90197
90198
90202
90203
90208
90209
90210
90211
90212
90213
90214
90215
90216
90217
90218
90219
90220
90221
90222
90226
90227
90241
90242
90250
90251
90252
90253
90254
90255
90257
90258
90266
90267
90268
90269
90270
90274
90275
90276
90277
90278
90279
90280
90281
90282
90283
90284
90285
90286
90287
90288
90289
90290
90291
90292
90293
90294
90295
90296
90297
90298
90299
90300
90301
90302
90303
90304
90305
90306
90307
90308
90309
90310
90311
90312
90313
90314
90315
90316
90317
90318
90319
90320
90321
90322
90323
90324
90325
90326
90327
90328
90329
90330
90331
90332
90333
90334
90335
90336
90337
90338
90339
90340
90341
90342
90343
90344
90345
90346
90347
90348
90349
90350
90351
90352
90353
90354
90355
90356
90357
90358
90359
90360
90361
90362
90363
90364
90365
90366
90367
90368
90369
90370
90371
90372
90373
90374
90375
90376
90377
90378
90379
90380
90381
90382
90383
90384
90385
90386
90387
90388
90389
90390
90391
90392
90393
90394
90395
90396
90397
90398
90399
90400
90401
90402
90403
90404
90405
90406
90407
90408
90409
90410
90411
90412
90413
90414
90415
90416
90417
90418
90419
90420
90421
90422
90423
90424
90425
90426
90427
90428
90429
90430
90431
90432
90433
90434
90435
90436
90437
90438
90439
90440
90441
90442
90443
90444
90445
90446
90447
90448
90449
90450
90451
90452
90453
90454
90455
90456
90457
90458
90459
90460
90461
90462
90463
90464
90465
90466
90467
90468
90469
90470
90471
90472
90473
90474
90475
90476
90477
90478
90479
90480
90481
90482
90483
90484
90485
90486
90487
90488
90489
90490
90491
90492
90493
90494
90495
90496
90497
90498
90499
90500
90501
90502
90503
90504
90505
90506
90507
90508
90509
90510
90511
90512
90513
90514
90515
90516
90517
90518
90519
90520
90521
90522
90523
90524
90525
90526
90527
90528
90529
90530
90531
90532
90533
90534
90535
90536
90537
90538
90539
90540
90541
90542
90543
90544
90545
90546
90547
90548
90549
90550
90551
90552
90553
90554
90555
90556
90557
90558
90559
90560
90561
90564
90567
90569
90570
90571
90578
90579
90582
90585
90587
90588
90593
90594
90595
90596
90597
90598
90604
90605
90606
90610
90620
90623
90624
90625
90626
90627
90628
90634
90636
90637
90638
90645
90648
90649
90654
90655
90656
90657
90658
90662
90666
90668
90670
90671
90674
90684
90685
90686
90687
90689
90690
90691
90692
90694
90696
90698
90699
90700
90701
90702
90715
90716
90718
90720
90723
90724
90727
90730
90733
90735
90737
90739
90740
90742
90748
90749
90750
90752
90754
90755
90757
90761
90762
90763
90764
90765
90770
90771
90773
90775
90776
90777
90778
90779
90780
90786
90787
90788
90789
90795
90796
90797
90798
90799
90800
90803
90804
90806
90807
90808
90809
90810
90811
90818
90822
90823
90824
90826
90827
90828
90829
90830
90831
90832
90833
90842
90843
90844
90852
90853
90854
90855
90856
90857
90858
90859
90860
90861
90862
90863
90864
90865
90866
90867
90877
90878
90879
90880
90881
90882
90883
90884
90890
90891
90892
90893
90894
90895
90896
90897
90898
90899
90900
90901
90902
90903
90904
90905
90906
90907
90908
90909
90910
90911
90912
90913
90914
90915
90916
90917
90918
90919
90920
90921
90922
90923
90924
90925
90926
90927
90928
90929
90930
90931
90932
90933
90934
90935
90936
90937
90938
90939
90940
90941
90942
90943
90944
90945
90946
90947
90948
90949
90950
90951
90952
90953
90954
90955
90956
90957
90958
90959
90960
90961
90962
90963
90964
90965
90966
90967
90968
90969
90970
90971
90972
90973
90974
90975
90990
90991
90992
90993
90994
90995
90996
90997
90998
90999
91000
91001
91002
91003
91004
91005
91006
91007
91008
91009
91017
91018
91019
91020
91021
91022
91023
91024
91030
91031
91032
91033
91034
91035
91036
91037
91041
91042
91043
91044
91045
91047
91048
91049
91050
91051
91052
91053
91054
91055
91056
91057
91058
91059
91060
91061
91062
91063
91064
91065
91083
91084
91085
91086
91087
91088
91089
91090
91091
91092
91093
91094
91095
91096
91097
91098
91099
91100
91116
91117
91118
91119
91120
91121
91122
91123
91124
91125
91126
91127
91128
91129
91130
91131
91132
91133
91147
91148
91149
91150
91151
91152
91153
91154
91155
91156
91157
91158
91159
91160
91161
91162
91163
91175
91176
91177
91178
91179
91180
91181
91182
91183
91184
91185
91186
91187
91188
91189
91190
91200
91201
91202
91203
91204
91205
91206
91207
91208
91209
91210
91211
91212
91213
91214
91215
91216
91217
91218
91219
91220
91221
91222
91223
91224
91225
91226
91227
91228
91229
91230
91231
91232
91548
91549
91550
91551
91552
91553
91554
91555
91556
91557
91558
91559
91560
91561
91562
91563
91565
91567
91568
91570
91572
91573
91574
91575
91576
91577
91580
91581
91582
91583
91585
91587
91593
91594
91597
91599
91600
91601
91602
91603
91604
91605
91608
91612
91616
91617
91618
91619
91620
91621
91622
91623
91625
91627
91629
91630
91633
91635
91637
91639
91642
91643
91644
91645
91651
91652
91653
91654
91658
91659
91660
91661
91666
91667
91668
91669
91670
91679
91686
91688
91689
91690
91691
91694
91695
91698
91699
91700
91717
91718
91719
91724
91725
91726
91730
91731
91732
91733
91734
91736
91737
91739
91745
91753
91754
91755
91758
91759
91760
91769
91771
91772
91773
91774
91775
91776
91785
91786
91790
91792
91793
91794
91797
91798
91801
91802
91804
91805
91806
91807
91808
91809
91812
91814
91820
91821
91828
91829
91830
91831
91836
91837
91838
91839
91844
91845
91846
91847
91848
91849
91850
91851
91860
91861
91862
91863
91868
91869
91870
91871
91876
91877
91878
91879
91884
91885
91886
91887
91896
91897
91898
91899
91910
91911
91919
91926
91928
91929
91930
91938
91943
91950
91959
91964
91973
91977
91984
91991
91994
91995
91996
91997
91998
91999
92002
92009
92010
92011
92012
92013
92019
92020
92021
92022
92023
92029
92030
92031
92032
92033
92034
92035
92036
92037
92038
92049
92050
92051
92052
92053
92059
92060
92061
92062
92063
92069
92070
92071
92072
92073
92079
92080
92081
92082
92083
92094
92095
92096
92097
92098
92104
92105
92111
92112
92113
92117
92118
92119
92124
92125
92126
92127
92133
92139
92145
92148
92149
92150
92151
92155
92159
92160
92167
92174
92177
92180
92181
92182
92183
92186
92191
92192
92193
92194
92195
92196
92197
92198
92199
92202
92206
92207
92209
92216
92217
92218
92219
92220
92232
92236
92240
92244
92250
92253
92257
92260
92261
92262
92263
92271
92272
92273
92274
92276
92280
92284
92287
92289
92290
92291
92292
92293
92294
92295
92301
92303
92305
92306
92309
92311
92313
92315
92318
92324
92325
92327
92328
92329
92331
92332
92333
92334
92335
92337
92338
92339
92340
92341
92343
92344
92346
92348
92354
92355
92359
92360
92361
92369
92370
92385
92386
92388
92389
92391
92392
92416
92417
92418
92420
92421
92422
92423
92425
92426
92429
92430
92440
92441
92442
92443
92444
92445
92446
92447
92448
92449
92450
92468
92469
92470
92471
92473
92474
92475
92476
92478
92479
92480
92482
92484
92485
92486
92487
92488
92489
92490
92491
92492
92493
92494
92495
92522
92523
92524
92526
92527
92528
92529
92531
92534
92548
92549
92550
92551
92553
92554
92555
92556
92558
92559
92562
92570
92571
92572
92573
92574
92575
92576
92586
92587
92588
92590
92591
92592
92593
92595
92598
92619
92620
92621
92622
92623
92624
92625
92643
92644
92645
92646
92647
92648
92655
92656
92657
92658
92663
92664
92665
92666
92685
92686
92689
92690
92697
92700
92703
92707
92708
92709
92710
92711
92717
92718
92719
92720
92725
92726
92727
92728
92741
92746
92750
92753
92758
92761
92766
92767
92770
92772
92774
92778
92779
92781
92782
92784
92785
92786
92787
92788
92790
92791
92793
92794
92795
92797
92798
92816
92817
92818
92820
92821
92823
92824
92826
92828
92838
92839
92840
92842
92844
92845
92847
92874
92875
92876
92877
92879
92880
92881
92882
92883
92884
92885
92886
92887
92888
92889
92890
92891
92892
92896
92898
92900
92901
92904
92906
92908
92910
92913
92919
92920
92921
92922
92923
92924
92925
92926
92927
92928
92929
92930
92931
92932
92934
92935
92936
92938
92944
92945
92951
92952
92953
92957
92958
92959
92963
92964
92965
92966
92967
92968
92975
92976
92977
92981
92982
92983
92987
92988
92989
92993
92994
92995
93002
93003
93004
93010
93011
93012
93013
93014
93020
93021
93022
93026
93027
93028
93038
93039
93040
93041
93043
93044
93050
93051
93052
93053
93054
93055
93056
93057
93063
93064
93065
93066
93067
93069
93070
93071
93072
93078
93079
93080
93081
93082
93083
93089
93090
93091
93092
93093
93094
93095
93096
93097
93098
93099
93100
93101
93102
93103
93104
93105
93106
93107
93108
93109
93110
93111
93112
93113
93114
93115
93116
93117
93118
93119
93120
93121
93122
93123
93124
93125
93126
93127
93128
93129
93131
93132
93139
93140
93141
93142
93143
93144
93145
93162
93163
93164
93165
93166
93167
93168
93169
93170
93171
93182
93183
93184
93185
93186
93187
93188
93189
93190
93191
93192
93193
93194
93201
93202
93203
93204
93205
93211
93213
93214
93215
93216
93217
93218
93219
93221
93223
93225
93226
93229
93231
93233
93235
93238
93239
93240
93241
93242
93243
93244
93247
93248
93263
93264
93265
93266
93267
93268
93269
93270
93271
93272
93281
93282
93284
93285
93287
93288
93289
93300
93301
93302
93303
93304
93305
93306
93307
93308
93309
93310
93311
93321
93322
93323
93324
93325
93326
93327
93328
93329
93330
93331
93336
93337
93338
93339
93340
93341
93342
93343
93365
93366
93367
93368
93369
93370
93377
93378
93379
93380
93381
93382
93383
93384
93387
93389
93391
93395
93396
93398
93399
93400
93407
93408
93409
93410
93411
93412
93421
93423
93424
93429
93430
93431
93432
93433
93434
93435
93436
93437
93438
93439
93440
93441
93442
93446
93447
93448
93449
93450
93451
93452
93453
93454
93455
93456
93457
93458
93460
93461
93462
93463
93464
93465
93466
93467
93468
93469
93470
93471
93472
93473
93474
93475
93476
93477
93478
93479
93480
93481
93482
93483
93484
93485
93486
93509
93510
93511
93512
93513
93519
93520
93521
93522
93523
93544
93545
93546
93547
93548
93549
93550
93551
93552
93553
93568
93569
93570
93571
93576
93577
93578
93579
93583
93584
93585
93599
93600
93601
93606
93607
93608
93623
93624
93625
93626
93627
93628
93629
93630
93631
93632
93633
93634
93635
93636
93637
93638
93639
93640
93641
93642
93643
93644
93645
93646
93647
93648
93649
93650
93651
93652
93653
93654
93655
93656
93657
93658
93659
93660
93661
93662
93663
93664
93665
93666
93667
93668
93669
93670
93671
93672
93673
93674
93675
93676
93679
93680
93681
93682
93683
93684
93685
93686
93687
93688
93689
93690
93691
93693
93694
93695
93696
93697
93698
93699
93700
93701
93702
93703
93704
93705
93706
93719
93720
93742
93743
93744
93745
93756
93757
93758
93759
93760
93761
93766
93767
93768
93769
93776
93777
93778
93779
93780
93781
93782
93783
93784
93785
93796
93797
93798
93799
93800
93809
93810
93811
93812
93813
93817
93818
93822
93823
93824
93825
93832
93833
93835
93836
93837
93838
93839
93840
93841
93842
93848
93849
93850
93854
93855
93865
93866
93867
93868
93869
93870
93871
93872
93873
93874
93875
93876
93877
93878
93879
93880
93881
93882
93883
93884
93885
93886
93887
93888
93889
93891
93893
93894
93895
93896
93897
93898
93899
93900
93901
93902
93903
93904
93905
93906
93907
93908
93909
93910
93911
93912
93913
93914
93915
93916
93917
93920
93921
93922
93923
93924
93925
93927
93928
93929
93930
93931
93933
93934
93935
93936
93937
93941
93942
93943
93944
93945
93946
93947
93948
93949
93950
93951
93952
93953
93954
93955
93956
93957
93958
93959
93960
93961
93962
93963
93964
93965
93966
93967
93968
93969
93972
93973
93974
93975
93976
93977
93978
93979
93980
93981
93982
93983
93984
93985
93986
93987
93988
93989
93990
93991
93992
93993
93994
93995
93996
93997
93998
93999
94000
94001
94002
94003
94004
94005
94006
94007
94008
94009
94010
94011
94012
94013
94014
94015
94016
94017
94018
94019
94020
94021
94022
94023
94024
94025
94026
94027
94028
94029
94030
94031
94032
94033
94034
94035
94036
94037
94038
94039
94040
94041
94042
94043
94044
94045
94046
94047
94048
94049
94050
94051
94052
94053
94054
94055
94056
94057
94058
94059
94060
94061
94063
94064
94065
94066
94067
94068
94069
94071
94072
94073
94074
94075
94080
94081
94082
94083
94084
94085
94086
94087
94088
94089
94090
94091
94092
94093
94094
94095
94096
94097
94098
94099
94100
94101
94102
94103
94104
94105
94106
94107
94108
94109
94110
94111
94112
94113
94114
94115
94116
94119
94120
94121
94122
94123
94124
94125
94126
94127
94128
94130
94131
94132
94133
94134
94135
94136
94137
94139
94140
94141
94142
94143
94144
94145
94146
94147
94148
94149
94150
94151
94152
94153
94154
94155
94156
94157
94158
94159
94160
94161
94162
94163
94165
94166
94167
94168
94169
94170
94171
94172
94173
94174
94175
94176
94177
94178
94179
94180
94181
94182
94183
94184
94185
94186
94187
94191
94192
94193
94194
94198
94199
94200
94201
94202
94203
94204
94205
94206
94207
94208
94209
94210
94211
94212
94213
94214
94215
94216
94217
94218
94219
94220
94221
94222
94223
94224
94225
94226
94227
94228
94229
94230
94231
94232
94233
94234
94235
94236
94237
94238
94239
94240
94241
94242
94243
94244
94245
94246
94247
94248
94249
94250
94251
94252
94253
94254
94255
94256
94257
94258
94259
94260
94261
94262
94263
94264
94265
94266
94267
94268
94269
94270
94271
94272
94273
94274
94275
94276
94277
94278
94284
94285
94286
94287
94288
94289
94290
94291
94292
94293
94294
94295
94296
94297
94298
94299
94300
94301
94302
94303
94304
94305
94306
94307
94308
94309
94310
94311
94312
94315
94316
94317
94318
94319
94320
94321
94322
94323
94324
94325
94326
94327
94333
94334
94335
94336
94337
94338
94339
94340
94341
94342
94343
94344
94345
94346
94347
94348
94349
94350
94351
94352
94353
94354
94355
94356
94357
94358
94359
94360
94361
94362
94363
94364
94365
94366
94367
94368
94369
94370
94371
94372
94373
94374
94375
94376
94377
94378
94379
94380
94381
94382
94383
94384
94385
94386
94387
94388
94389
94390
94391
94392
94393
94394
94395
94396
94397
94398
94399
94400
94401
94402
94403
94406
94407
94408
94409
94410
94411
94412
94413
94414
94415
94416
94417
94418
94419
94420
94421
94422
94423
94424
94425
94426
94427
94428
94429
94430
94431
94432
94433
94434
94435
94436
94437
94438
94439
94440
94441
94442
94443
94444
94445
94446
94447
94448
94449
94450
94451
94452
94453
94454
94455
94456
94457
94466
94467
94505
94509
94511
94512
94516
94517
94520
94521
94527
94528
94529
94530
94531
94537
94538
94543
94545
94546
94553
94554
94555
94556
94557
94561
94562
94567
94568
94569
94570
94571
94572
94573
94574
94586
94591
94598
94599
94600
94601
94602
94604
94610
94611
94612
94613
94614
94615
94616
94617
94618
94619
94627
94628
94629
94631
94636
94640
94644
94645
94646
94647
94652
94656
94660
94664
94668
94670
94672
94673
94675
94676
94678
94679
94681
94682
94704
94705
94706
94707
94708
94709
94710
94711
94712
94713
94714
94715
94717
94724
94725
94739
94740
94741
94742
94744
94745
94746
94747
94749
94752
94753
94754
94755
94756
94757
94758
94766
94767
94768
94769
94770
94772
94774
94776
94777
94779
94780
94786
94787
94788
94789
94792
94796
94797
94798
94799
94800
94801
94807
94808
94809
94810
94811
94812
94813
94814
94815
94816
94822
94824
94826
94827
94828
94832
94834
94835
94844
94845
94846
94847
94848
94849
94850
94851
94852
94855
94856
94857
94858
94862
94863
94870
94871
94872
94873
94874
94875
94876
94877
94878
94879
94880
94881
94882
94883
94884
94885
94886
94887
94888
94889
94890
94891
94892
94893
94894
94895
94896
94897
94903
94904
94905
94906
94919
94922
94923
94924
94925
94933
94934
94935
94936
94945
94946
94947
94948
94949
94955
94956
94957
94958
94959
94960
94965
94966
94967
94968
94973
94974
94978
94981
94982
94989
94990
94992
94994
94995
94999
95000
95003
95004
95007
95009
95010
95016
95017
95018
95019
95021
95022
95025
95026
95027
95028
95029
95030
95031
95032
95033
95034
95035
95036
95037
95038
95039
95040
95041
95042
95043
95044
95045
95046
95047
95048
95049
95050
95051
95052
95053
95054
95055
95056
95057
95058
95059
95060
95061
95062
95063
95064
95065
95066
95067
95068
95069
95070
95071
95072
95073
95074
95075
95076
95077
95078
95079
95080
95081
95082
95083
95084
95085
95086
95087
95088
95089
95090
95091
95092
95093
95094
95095
95096
95097
95098
95099
95100
95101
95102
95103
95104
95105
95106
95107
95108
95109
95110
95111
95112
95113
95114
95115
95116
95117
95118
95119
95120
95121
95122
95123
95124
95125
95126
95127
95128
95129
95130
95131
95132
95133
95134
95135
95136
95137
95138
95139
95140
95141
95142
95143
95144
95145
95146
95147
95148
95149
95150
95151
95152
95153
95154
95155
95156
95157
95158
95159
95160
95161
95162
95163
95164
95165
95166
95167
95168
95169
95170
95171
95172
95173
95174
)


// ************************************************************************* //
